0.0 0.0 0.0 0.0 0.0 0.0 0.0 0.0 0.0 0.0 0.0 0.0 -14.72372724436
0 : -1.0 : -14.704993044074
0 : -0.6 : -14.718067790499
0 : -0.2 : -14.723167011336
0 : 0.2 : -14.723167160414
0 : 0.6 : -14.718068260227
0 : 1.0 : -14.704993893354
1 : -1.0 : -14.706255131267
1 : -0.6 : -14.717865657378
1 : -0.2 : -14.723105123512
1 : 0.2 : -14.723105123512
1 : 0.6 : -14.717865657386
1 : 1.0 : -14.706255131291
2 : -1.0 : -14.701096162477
2 : -0.6 : -14.715264156952
2 : -0.2 : -14.722747122825
2 : 0.2 : -14.722697706596
2 : 0.6 : -14.713956340536
2 : 1.0 : -14.694885904481
3 : -1.0 : -14.667768835881
3 : -0.6 : -14.707661047086
3 : -0.2 : -14.722347175452
3 : 0.2 : -14.722347168286
3 : 0.6 : -14.707660904557
3 : 1.0 : -14.667768453867
4 : -1.0 : -14.663607218358
4 : -0.6 : -14.704458562751
4 : -0.2 : -14.721860655699
4 : 0.2 : -14.721860655706
4 : 0.6 : -14.704458562823
4 : 1.0 : -14.663607218517
5 : -1.0 : -14.651981700168
5 : -0.6 : -14.700998272709
5 : -0.2 : -14.721486073905
5 : 0.2 : -14.72171713276
5 : 0.6 : -14.707375163319
5 : 1.0 : -14.682306808284
6 : -1.0 : -14.664277490145
6 : -0.6 : -14.703442464609
6 : -0.2 : -14.721534216163
6 : 0.2 : -14.721534566309
6 : 0.6 : -14.703446204406
6 : 1.0 : -14.6642933243
7 : -1.0 : -14.658486980419
7 : -0.6 : -14.701701051293
7 : -0.2 : -14.721406683914
7 : 0.2 : -14.721406361921
7 : 0.6 : -14.701699964287
7 : 1.0 : -14.658484687443
8 : -1.0 : -14.665081913483
8 : -0.6 : -14.702939202112
8 : -0.2 : -14.72141609185
8 : 0.2 : -14.721310914262
8 : 0.6 : -14.700172944032
8 : 1.0 : -14.65323237244
9 : -1.0 : -14.598576694496
9 : -0.6 : -14.686105443051
9 : -0.2 : -14.720164900646
9 : 0.2 : -14.720631406834
9 : 0.6 : -14.698996041536
9 : 1.0 : -14.661581184726
10 : -1.0 : -14.361869743653
10 : -0.6 : -14.635544350755
10 : -0.2 : -14.71679624555
10 : 0.2 : -14.718619926462
10 : 0.6 : -14.688634975669
10 : 1.0 : -14.647363004445
11 : -1.0 : -14.504495562913
11 : -0.6 : -14.661958550344
11 : -0.2 : -14.717689315192
11 : 0.2 : -14.717689153071
11 : 0.6 : -14.661952900456
11 : 1.0 : -14.504462018066
0 1 : -1.0 -1.0 : -14.684940940577
0 1 : -1.0 -0.6 : -14.69797298048
0 1 : -1.0 -0.2 : -14.704227392627
0 1 : -1.0 0.2 : -14.704227396487
0 1 : -1.0 0.6 : -14.697972991533
0 1 : -1.0 1.0 : -14.684940958252
0 1 : -0.6 -1.0 : -14.699379289112
0 1 : -0.6 -0.6 : -14.711671315048
0 1 : -0.6 -0.2 : -14.717379980249
0 1 : -0.6 0.2 : -14.717379980512
0 1 : -0.6 0.6 : -14.711671315307
0 1 : -0.6 1.0 : -14.699379288612
0 1 : -0.2 -1.0 : -14.705541194217
0 1 : -0.2 -0.6 : -14.717238383637
0 1 : -0.2 -0.2 : -14.722536685631
0 1 : -0.2 0.2 : -14.722536685355
0 1 : -0.2 0.6 : -14.717238382581
0 1 : -0.2 1.0 : -14.705541192033
0 1 : 0.2 -1.0 : -14.705542054109
0 1 : 0.2 -0.6 : -14.717238829965
0 1 : 0.2 -0.2 : -14.722536870384
0 1 : 0.2 0.2 : -14.722536870662
0 1 : 0.2 0.6 : -14.717238831036
0 1 : 0.2 1.0 : -14.70554205634
0 1 : 0.6 -1.0 : -14.699381640327
0 1 : 0.6 -0.6 : -14.711672570059
0 1 : 0.6 -0.2 : -14.717380544694
0 1 : 0.6 0.2 : -14.717380544432
0 1 : 0.6 0.6 : -14.711672569813
0 1 : 0.6 1.0 : -14.699381640873
0 1 : 1.0 -1.0 : -14.684944169061
0 1 : 1.0 -0.6 : -14.697974821094
0 1 : 1.0 -0.2 : -14.704228363399
0 1 : 1.0 0.2 : -14.704228359543
0 1 : 1.0 0.6 : -14.697974810064
0 1 : 1.0 1.0 : -14.684944151442
0 2 : -1.0 -1.0 : -14.681243973547
0 2 : -1.0 -0.6 : -14.695809091042
0 2 : -1.0 -0.2 : -14.703778960977
0 2 : -1.0 0.2 : -14.704160263994
0 2 : -1.0 0.6 : -14.695586228316
0 2 : -1.0 1.0 : -14.676171861043
0 2 : -0.6 -1.0 : -14.694641586026
0 2 : -0.6 -0.6 : -14.709104824386
0 2 : -0.6 -0.2 : -14.716922604657
0 2 : -0.6 0.2 : -14.717191315355
0 2 : -0.6 0.6 : -14.708688098194
0 2 : -0.6 1.0 : -14.689717690139
0 2 : -0.2 -1.0 : -14.70042282515
0 2 : -0.2 -0.6 : -14.714633219654
0 2 : -0.2 -0.2 : -14.722163510517
0 2 : -0.2 0.2 : -14.7221593265
0 2 : -0.2 0.6 : -14.713453232
0 2 : -0.2 1.0 : -14.694403157729
0 2 : 0.2 -1.0 : -14.700423016302
0 2 : 0.2 -0.6 : -14.714633390616
0 2 : 0.2 -0.2 : -14.72216366577
0 2 : 0.2 0.2 : -14.722159470511
0 2 : 0.2 0.6 : -14.713453369091
0 2 : 0.2 1.0 : -14.694403291709
0 2 : 0.6 -1.0 : -14.694642180031
0 2 : 0.6 -0.6 : -14.709105358138
0 2 : 0.6 -0.2 : -14.716923092069
0 2 : 0.6 0.2 : -14.717191771181
0 2 : 0.6 0.6 : -14.708688538687
0 2 : 0.6 1.0 : -14.689718136281
0 2 : 1.0 -1.0 : -14.68124501472
0 2 : 1.0 -0.6 : -14.695810036041
0 2 : 1.0 -0.2 : -14.703779834468
0 2 : 1.0 0.2 : -14.704161098638
0 2 : 1.0 0.6 : -14.695587070763
0 2 : 1.0 1.0 : -14.676172780759
0 3 : -1.0 -1.0 : -14.644060025836
0 3 : -1.0 -0.6 : -14.685930982423
0 3 : -1.0 -0.2 : -14.703169261542
0 3 : -1.0 0.2 : -14.703169218358
0 3 : -1.0 0.6 : -14.685930767317
0 3 : -1.0 1.0 : -14.644059577163
0 3 : -0.6 -1.0 : -14.660011822232
0 3 : -0.6 -0.6 : -14.700772212146
0 3 : -0.6 -0.2 : -14.716507385278
0 3 : -0.6 0.2 : -14.716507362677
0 3 : -0.6 0.6 : -14.700772037532
0 3 : -0.6 1.0 : -14.660011408548
0 3 : -0.2 -1.0 : -14.666956561525
0 3 : -0.2 -0.6 : -14.706954867043
0 3 : -0.2 -0.2 : -14.721765626943
0 3 : -0.2 0.2 : -14.721765617928
0 3 : -0.2 0.6 : -14.706954720697
0 3 : -0.2 1.0 : -14.666956175772
0 3 : 0.2 -1.0 : -14.666956462028
0 3 : 0.2 -0.6 : -14.706955049762
0 3 : 0.2 -0.2 : -14.721765793443
0 3 : 0.2 0.2 : -14.721765784349
0 3 : 0.2 0.6 : -14.706954902983
0 3 : 0.2 1.0 : -14.666956075358
0 3 : 0.6 -1.0 : -14.660011669552
0 3 : 0.6 -0.6 : -14.700772808566
0 3 : 0.6 -0.2 : -14.716507907436
0 3 : 0.6 0.2 : -14.7165078846
0 3 : 0.6 0.6 : -14.700772632718
0 3 : 0.6 1.0 : -14.660011253302
0 3 : 1.0 -1.0 : -14.644060143402
0 3 : 1.0 -0.6 : -14.685932097098
0 3 : 1.0 -0.2 : -14.70317019636
0 3 : 1.0 0.2 : -14.703170152783
0 3 : 1.0 0.6 : -14.685931880102
0 3 : 1.0 1.0 : -14.644059690959
0 4 : -1.0 -1.0 : -14.642032219563
0 4 : -1.0 -0.6 : -14.683746466863
0 4 : -1.0 -0.2 : -14.702816199285
0 4 : -1.0 0.2 : -14.702816164571
0 4 : -1.0 0.6 : -14.68374638094
0 4 : -1.0 1.0 : -14.642032099547
0 4 : -0.6 -1.0 : -14.656716705079
0 4 : -0.6 -0.6 : -14.697980268163
0 4 : -0.6 -0.2 : -14.716074531685
0 4 : -0.6 0.2 : -14.716074510629
0 4 : -0.6 0.6 : -14.697980219039
0 4 : -0.6 1.0 : -14.656716642614
0 4 : -0.2 -1.0 : -14.662897551808
0 4 : -0.2 -0.6 : -14.703800892321
0 4 : -0.2 -0.2 : -14.721285445664
0 4 : -0.2 0.2 : -14.72128543872
0 4 : -0.2 0.6 : -14.703800876793
0 4 : -0.2 1.0 : -14.662897533484
0 4 : 0.2 -1.0 : -14.66289748873
0 4 : 0.2 -0.6 : -14.703800881094
0 4 : 0.2 -0.2 : -14.721285563558
0 4 : 0.2 0.2 : -14.72128557052
0 4 : 0.2 0.6 : -14.703800896769
0 4 : 0.2 1.0 : -14.662897507378
0 4 : 0.6 -1.0 : -14.656716542237
0 4 : 0.6 -0.6 : -14.697980273619
0 4 : 0.6 -0.2 : -14.716074911734
0 4 : 0.6 0.2 : -14.716074932829
0 4 : 0.6 0.6 : -14.697980322932
0 4 : 0.6 1.0 : -14.656716605058
0 4 : 1.0 -1.0 : -14.642032076389
0 4 : 1.0 -0.6 : -14.683746609627
0 4 : 1.0 -0.2 : -14.70281691305
0 4 : 1.0 0.2 : -14.702816947839
0 4 : 1.0 0.6 : -14.683746695803
0 4 : 1.0 1.0 : -14.642032196809
0 5 : -1.0 -1.0 : -14.670252490995
0 5 : -1.0 -0.6 : -14.698916367139
0 5 : -1.0 -0.2 : -14.706934308107
0 5 : -1.0 0.2 : -14.699793932327
0 5 : -1.0 0.6 : -14.681221894367
0 5 : -1.0 1.0 : -14.65381338687
0 5 : -0.6 -1.0 : -14.661714268872
0 5 : -0.6 -0.6 : -14.702287685927
0 5 : -0.6 -0.2 : -14.717580054821
0 5 : -0.6 0.2 : -14.714710904528
0 5 : -0.6 0.6 : -14.698549419689
0 5 : -0.6 1.0 : -14.672425532943
0 5 : -0.2 -1.0 : -14.653266723995
0 5 : -0.2 -0.6 : -14.701272148569
0 5 : -0.2 -0.2 : -14.721136671879
0 5 : -0.2 0.2 : -14.720994497112
0 5 : -0.2 0.6 : -14.706431423587
0 5 : -0.2 1.0 : -14.681232171904
0 5 : 0.2 -1.0 : -14.653267210877
0 5 : 0.2 -0.6 : -14.7012722756
0 5 : 0.2 -0.2 : -14.721136816584
0 5 : 0.2 0.2 : -14.720994612387
0 5 : 0.2 0.6 : -14.706431316417
0 5 : 0.2 1.0 : -14.681231622846
0 5 : 0.6 -1.0 : -14.661715762864
0 5 : 0.6 -0.6 : -14.702288271328
0 5 : 0.6 -0.2 : -14.717580587106
0 5 : 0.6 0.2 : -14.714711202285
0 5 : 0.6 0.6 : -14.698548950126
0 5 : 0.6 1.0 : -14.672423707652
0 5 : 1.0 -1.0 : -14.670255221177
0 5 : 1.0 -0.6 : -14.69891794539
0 5 : 1.0 -0.2 : -14.706935477196
0 5 : 1.0 0.2 : -14.699794293289
0 5 : 1.0 0.6 : -14.681220680655
0 5 : 1.0 1.0 : -14.653809802761
0 6 : -1.0 -1.0 : -14.66449793033
0 6 : -1.0 -0.6 : -14.693105033773
0 6 : -1.0 -0.2 : -14.70480846735
0 6 : -1.0 0.2 : -14.701514719941
0 6 : -1.0 0.6 : -14.683277824469
0 6 : -1.0 1.0 : -14.648504149929
0 6 : -0.6 -1.0 : -14.665005134448
0 6 : -0.6 -0.6 : -14.700387831495
0 6 : -0.6 -0.2 : -14.716411700324
0 6 : -0.6 0.2 : -14.715641716794
0 6 : -0.6 0.6 : -14.698121453052
0 6 : -0.6 1.0 : -14.661552651732
0 6 : -0.2 -1.0 : -14.664290432951
0 6 : -0.2 -0.6 : -14.703097736365
0 6 : -0.2 -0.2 : -14.721006508083
0 6 : -0.2 0.2 : -14.720978156978
0 6 : -0.2 0.6 : -14.703023228761
0 6 : -0.2 1.0 : -14.664282284335
0 6 : 0.2 -1.0 : -14.664267553343
0 6 : 0.2 -0.6 : -14.703020010718
0 6 : 0.2 -0.2 : -14.72097803033
0 6 : 0.2 0.2 : -14.721006967211
0 6 : 0.2 0.6 : -14.70310156517
0 6 : 0.2 1.0 : -14.66430632654
0 6 : 0.6 -1.0 : -14.661542918962
0 6 : 0.6 -0.6 : -14.698120438768
0 6 : 0.6 -0.2 : -14.715642362081
0 6 : 0.6 0.2 : -14.716412095107
0 6 : 0.6 0.6 : -14.700390707427
0 6 : 0.6 1.0 : -14.665018409013
0 6 : 1.0 -1.0 : -14.648501660251
0 6 : 1.0 -0.6 : -14.683279968494
0 6 : 1.0 -0.2 : -14.701516433599
0 6 : 1.0 0.2 : -14.704808614286
0 6 : 1.0 0.6 : -14.693106088234
0 6 : 1.0 1.0 : -14.664506445665
0 7 : -1.0 -1.0 : -14.656319039624
0 7 : -1.0 -0.6 : -14.688802227684
0 7 : -1.0 -0.2 : -14.704202521643
0 7 : -1.0 0.2 : -14.700375025733
0 7 : -1.0 0.6 : -14.673119267435
0 7 : -1.0 1.0 : -14.622563805334
0 7 : -0.6 -1.0 : -14.661783709383
0 7 : -0.6 -0.6 : -14.698586555301
0 7 : -0.6 -0.2 : -14.716087598574
0 7 : -0.6 0.2 : -14.715064933335
0 7 : -0.6 0.6 : -14.691708507857
0 7 : -0.6 1.0 : -14.64340908369
0 7 : -0.2 -1.0 : -14.660837076175
0 7 : -0.2 -0.6 : -14.701966793999
0 7 : -0.2 -0.2 : -14.720881414147
0 7 : -0.2 0.2 : -14.720768860309
0 7 : -0.2 0.6 : -14.700091815612
0 7 : -0.2 1.0 : -14.654947235538
0 7 : 0.2 -1.0 : -14.654949343995
0 7 : 0.2 -0.6 : -14.700092887499
0 7 : 0.2 -0.2 : -14.720769301745
0 7 : 0.2 0.2 : -14.720881235752
0 7 : 0.2 0.6 : -14.701965751426
0 7 : 0.2 1.0 : -14.660834681958
0 7 : 0.6 -1.0 : -14.643410546855
0 7 : 0.6 -0.6 : -14.691709397074
0 7 : 0.6 -0.2 : -14.715065566031
0 7 : 0.6 0.2 : -14.716087805443
0 7 : 0.6 0.6 : -14.698585814835
0 7 : 0.6 1.0 : -14.661781375576
0 7 : 1.0 -1.0 : -14.622564192364
0 7 : 1.0 -0.6 : -14.673119768099
0 7 : 1.0 -0.2 : -14.700375818638
0 7 : 1.0 0.2 : -14.704203277619
0 7 : 1.0 0.6 : -14.688802150737
0 7 : 1.0 1.0 : -14.656317197372
0 8 : -1.0 -1.0 : -14.640750453771
0 8 : -1.0 -0.6 : -14.681339530057
0 8 : -1.0 -0.2 : -14.702575467363
0 8 : -1.0 0.2 : -14.701575845392
0 8 : -1.0 0.6 : -14.676742441629
0 8 : -1.0 1.0 : -14.627523388308
0 8 : -0.6 -1.0 : -14.656494258411
0 8 : -0.6 -0.6 : -14.695684514435
0 8 : -0.6 -0.2 : -14.715577719748
0 8 : -0.6 0.2 : -14.715365227823
0 8 : -0.6 0.6 : -14.693044357912
0 8 : -0.6 1.0 : -14.645787928296
0 8 : -0.2 -1.0 : -14.664139011824
0 8 : -0.2 -0.6 : -14.702165658113
0 8 : -0.2 -0.2 : -14.720826606414
0 8 : -0.2 0.2 : -14.720723487943
0 8 : -0.2 0.6 : -14.699459761988
0 8 : -0.2 1.0 : -14.65252036138
0 8 : 0.2 -1.0 : -14.66413885463
0 8 : 0.2 -0.6 : -14.702165690209
0 8 : 0.2 -0.2 : -14.720826770442
0 8 : 0.2 0.2 : -14.72072365892
0 8 : 0.2 0.6 : -14.699460281888
0 8 : 0.2 1.0 : -14.652521213415
0 8 : 0.6 -1.0 : -14.65649384761
0 8 : 0.6 -0.6 : -14.695684594351
0 8 : 0.6 -0.2 : -14.715578181829
0 8 : 0.6 0.2 : -14.715365810503
0 8 : 0.6 0.6 : -14.693045986917
0 8 : 0.6 1.0 : -14.645790736368
0 8 : 1.0 -1.0 : -14.640749891799
0 8 : 1.0 -0.6 : -14.681339564904
0 8 : 1.0 -0.2 : -14.702576138722
0 8 : 1.0 0.2 : -14.701577040157
0 8 : 1.0 0.6 : -14.676745466003
0 8 : 1.0 1.0 : -14.627528805849
0 9 : -1.0 -1.0 : -14.577172174814
0 9 : -1.0 -0.6 : -14.665191807357
0 9 : -1.0 -0.2 : -14.700495484303
0 9 : -1.0 0.2 : -14.703067495734
0 9 : -1.0 0.6 : -14.684568379501
0 9 : -1.0 1.0 : -14.651470888228
0 9 : -0.6 -1.0 : -14.591536030893
0 9 : -0.6 -0.6 : -14.679411115876
0 9 : -0.6 -0.2 : -14.714086117013
0 9 : -0.6 0.2 : -14.715475034745
0 9 : -0.6 0.6 : -14.695127168468
0 9 : -0.6 1.0 : -14.659403971507
0 9 : -0.2 -1.0 : -14.597836120319
0 9 : -0.2 -0.6 : -14.685414209693
0 9 : -0.2 -0.2 : -14.71955280852
0 9 : -0.2 0.2 : -14.720132231252
0 9 : -0.2 0.6 : -14.698649630259
0 9 : -0.2 1.0 : -14.661430381891
0 9 : 0.2 -1.0 : -14.597836358842
0 9 : 0.2 -0.6 : -14.685414394619
0 9 : 0.2 -0.2 : -14.719552963713
0 9 : 0.2 0.2 : -14.72013238198
0 9 : 0.2 0.6 : -14.69864981882
0 9 : 0.2 1.0 : -14.66143068236
0 9 : 0.6 -1.0 : -14.591536781777
0 9 : 0.6 -0.6 : -14.679411704262
0 9 : 0.6 -0.2 : -14.714086610817
0 9 : 0.6 0.2 : -14.715475500277
0 9 : 0.6 0.6 : -14.695127713044
0 9 : 0.6 1.0 : -14.659404782556
0 9 : 1.0 -1.0 : -14.57717351678
0 9 : 1.0 -0.6 : -14.665192876886
0 9 : 1.0 -0.2 : -14.700496386235
0 9 : 1.0 0.2 : -14.703068316854
0 9 : 1.0 0.6 : -14.684569248772
0 9 : 1.0 1.0 : -14.651472028621
0 10 : -1.0 -1.0 : -14.460378981787
0 10 : -1.0 -0.6 : -14.650971171314
0 10 : -1.0 -0.2 : -14.703974955139
0 10 : -1.0 0.2 : -14.696595852735
0 10 : -1.0 0.6 : -14.66402679386
0 10 : -1.0 1.0 : -14.622472680366
0 10 : -0.6 -1.0 : -14.403487584164
0 10 : -0.6 -0.6 : -14.643522997409
0 10 : -0.6 -0.2 : -14.713495378214
0 10 : -0.6 0.2 : -14.711637866074
0 10 : -0.6 0.6 : -14.680573922204
0 10 : -0.6 1.0 : -14.639120811347
0 10 : -0.2 -1.0 : -14.366882797014
0 10 : -0.2 -0.6 : -14.636582394314
0 10 : -0.2 -0.2 : -14.71651222869
0 10 : -0.2 0.2 : -14.717904190811
0 10 : -0.2 0.6 : -14.687790111374
0 10 : -0.2 1.0 : -14.646493141574
0 10 : 0.2 -1.0 : -14.366882020649
0 10 : 0.2 -0.6 : -14.636582382889
0 10 : 0.2 -0.2 : -14.716512371417
0 10 : 0.2 0.2 : -14.717904330603
0 10 : 0.2 0.6 : -14.687790220765
0 10 : 0.2 1.0 : -14.646493224912
0 10 : 0.6 -1.0 : -14.40348563909
0 10 : 0.6 -0.6 : -14.643523044973
0 10 : 0.6 -0.2 : -14.71349583321
0 10 : 0.6 0.2 : -14.711638308141
0 10 : 0.6 0.6 : -14.680574276636
0 10 : 0.6 1.0 : -14.639121092162
0 10 : 1.0 -1.0 : -14.46037679373
0 10 : 1.0 -0.6 : -14.650971491559
0 10 : 1.0 -0.2 : -14.703975794218
0 10 : 1.0 0.2 : -14.696596655052
0 10 : 1.0 0.6 : -14.66402745785
0 10 : 1.0 1.0 : -14.622473230487
0 11 : -1.0 -1.0 : -14.544198880997
0 11 : -1.0 -0.6 : -14.657472650669
0 11 : -1.0 -0.2 : -14.700081476468
0 11 : -1.0 0.2 : -14.700445874465
0 11 : -1.0 0.6 : -14.657194079362
0 11 : -1.0 1.0 : -14.538110868517
0 11 : -0.6 -1.0 : -14.52421868404
0 11 : -0.6 -0.6 : -14.662375457632
0 11 : -0.6 -0.2 : -14.712521353935
0 11 : -0.6 0.2 : -14.712570633139
0 11 : -0.6 0.6 : -14.661417706513
0 11 : -0.6 1.0 : -14.517983378946
0 11 : -0.2 -1.0 : -14.507843463394
0 11 : -0.2 -0.6 : -14.662283281069
0 11 : -0.2 -0.2 : -14.717195543861
0 11 : -0.2 0.2 : -14.717182676608
0 11 : -0.2 0.6 : -14.661816456897
0 11 : -0.2 1.0 : -14.50524013321
0 11 : 0.2 -1.0 : -14.505273494976
0 11 : 0.2 -0.6 : -14.661822175547
0 11 : 0.2 -0.2 : -14.717182969877
0 11 : 0.2 0.2 : -14.717195558014
0 11 : 0.2 0.6 : -14.662277984783
0 11 : 0.2 1.0 : -14.507811033044
0 11 : 0.6 -1.0 : -14.51801275351
0 11 : 0.6 -0.6 : -14.661422781257
0 11 : 0.6 -0.2 : -14.71257108662
0 11 : 0.6 0.2 : -14.712521862624
0 11 : 0.6 0.6 : -14.66237163047
0 11 : 0.6 1.0 : -14.524191812522
0 11 : 1.0 -1.0 : -14.538133051862
0 11 : 1.0 -0.6 : -14.657197821842
0 11 : 1.0 -0.2 : -14.700446435549
0 11 : 1.0 0.2 : -14.70008263859
0 11 : 1.0 0.6 : -14.657470952105
0 11 : 1.0 1.0 : -14.544180146179
1 2 : -1.0 -1.0 : -14.681281352543
1 2 : -1.0 -0.6 : -14.695916155564
1 2 : -1.0 -0.2 : -14.704469938537
1 2 : -1.0 0.2 : -14.706240002884
1 2 : -1.0 0.6 : -14.700272870328
1 2 : -1.0 1.0 : -14.685234937765
1 2 : -0.6 -1.0 : -14.694185512052
1 2 : -0.6 -0.6 : -14.708592264282
1 2 : -0.6 -0.2 : -14.716546517661
1 2 : -0.6 0.2 : -14.717255176158
1 2 : -0.6 0.6 : -14.709636463
1 2 : -0.6 1.0 : -14.692168881228
1 2 : -0.2 -1.0 : -14.70034410877
1 2 : -0.2 -0.6 : -14.714543260004
1 2 : -0.2 -0.2 : -14.722084160567
1 2 : -0.2 0.2 : -14.722125605604
1 2 : -0.2 0.6 : -14.713516870585
1 2 : -0.2 1.0 : -14.694634040243
1 2 : 0.2 -1.0 : -14.70034410876
1 2 : 0.2 -0.6 : -14.714543259997
1 2 : 0.2 -0.2 : -14.722084160565
1 2 : 0.2 0.2 : -14.722125605609
1 2 : 0.2 0.6 : -14.713516870599
1 2 : 0.2 1.0 : -14.694634040272
1 2 : 0.6 -1.0 : -14.694185512028
1 2 : 0.6 -0.6 : -14.708592264269
1 2 : 0.6 -0.2 : -14.716546517661
1 2 : 0.6 0.2 : -14.717255176175
1 2 : 0.6 0.6 : -14.709636463044
1 2 : 0.6 1.0 : -14.692168881313
1 2 : 1.0 -1.0 : -14.681281352519
1 2 : 1.0 -0.6 : -14.695916155556
1 2 : 1.0 -0.2 : -14.704469938549
1 2 : 1.0 0.2 : -14.706240002923
1 2 : 1.0 0.6 : -14.700272870406
1 2 : 1.0 1.0 : -14.685234937902
1 3 : -1.0 -1.0 : -14.648975153369
1 3 : -1.0 -0.6 : -14.689655024126
1 3 : -1.0 -0.2 : -14.704813159833
1 3 : -1.0 0.2 : -14.704804045077
1 3 : -1.0 0.6 : -14.68961093908
1 3 : -1.0 1.0 : -14.648881714331
1 3 : -0.6 -1.0 : -14.661182331958
1 3 : -0.6 -0.6 : -14.701510289545
1 3 : -0.6 -0.2 : -14.716452501626
1 3 : -0.6 0.2 : -14.716446981596
1 3 : -0.6 0.6 : -14.701483713134
1 3 : -0.6 1.0 : -14.661126259158
1 3 : -0.2 -1.0 : -14.667054524113
1 3 : -0.2 -0.6 : -14.707002700905
1 3 : -0.2 -0.2 : -14.721721169306
1 3 : -0.2 0.2 : -14.721719329038
1 3 : -0.2 0.6 : -14.706993775047
1 3 : -0.2 1.0 : -14.667035672994
1 3 : 0.2 -1.0 : -14.667036058544
1 3 : 0.2 -0.6 : -14.706993920515
1 3 : 0.2 -0.2 : -14.721719337347
1 3 : 0.2 0.2 : -14.721721160981
1 3 : 0.2 0.6 : -14.707002555256
1 3 : 0.2 1.0 : -14.667054138021
1 3 : 0.6 -1.0 : -14.661126671322
1 3 : 0.6 -0.6 : -14.701483879904
1 3 : 0.6 -0.2 : -14.716446998011
1 3 : 0.6 0.2 : -14.716452485197
1 3 : 0.6 0.6 : -14.701510122416
1 3 : 0.6 1.0 : -14.661181918601
1 3 : 1.0 -1.0 : -14.648882164487
1 3 : 1.0 -0.6 : -14.689611135982
1 3 : 1.0 -0.2 : -14.704804072851
1 3 : 1.0 0.2 : -14.70481313211
1 3 : 1.0 0.6 : -14.689654827098
1 3 : 1.0 1.0 : -14.648974702362
1 4 : -1.0 -1.0 : -14.64472536458
1 4 : -1.0 -0.6 : -14.686509857419
1 4 : -1.0 -0.2 : -14.70429645353
1 4 : -1.0 0.2 : -14.704408144542
1 4 : -1.0 0.6 : -14.686843642574
1 4 : -1.0 1.0 : -14.645967900275
1 4 : -0.6 -1.0 : -14.657153576794
1 4 : -0.6 -0.6 : -14.698422073829
1 4 : -0.6 -0.2 : -14.715967199326
1 4 : -0.6 0.2 : -14.715999074444
1 4 : -0.6 0.6 : -14.698499369294
1 4 : -0.6 1.0 : -14.657644371208
1 4 : -0.2 -1.0 : -14.662898853794
1 4 : -0.2 -0.6 : -14.70382662574
1 4 : -0.2 -0.2 : -14.721237261003
1 4 : -0.2 0.2 : -14.721235891972
1 4 : -0.2 0.6 : -14.703812763102
1 4 : -0.2 1.0 : -14.662986156313
1 4 : 0.2 -1.0 : -14.662986156206
1 4 : 0.2 -0.6 : -14.703812763063
1 4 : 0.2 -0.2 : -14.721235892235
1 4 : 0.2 0.2 : -14.72123726102
1 4 : 0.2 0.6 : -14.703826625857
1 4 : 0.2 1.0 : -14.662898854019
1 4 : 0.6 -1.0 : -14.657644371155
1 4 : 0.6 -0.6 : -14.698499369236
1 4 : 0.6 -0.2 : -14.715999074439
1 4 : 0.6 0.2 : -14.715967199383
1 4 : 0.6 0.6 : -14.698422074068
1 4 : 0.6 1.0 : -14.657153577171
1 4 : 1.0 -1.0 : -14.645967900257
1 4 : 1.0 -0.6 : -14.68684364258
1 4 : 1.0 -0.2 : -14.704408144532
1 4 : 1.0 0.2 : -14.704296453645
1 4 : 1.0 0.6 : -14.686509857798
1 4 : 1.0 1.0 : -14.644725365092
1 5 : -1.0 -1.0 : -14.668030844643
1 5 : -1.0 -0.6 : -14.697925394965
1 5 : -1.0 -0.2 : -14.707412031282
1 5 : -1.0 0.2 : -14.701881253268
1 5 : -1.0 0.6 : -14.685109792602
1 5 : -1.0 1.0 : -14.659692104153
1 5 : -0.6 -1.0 : -14.660112847638
1 5 : -0.6 -0.6 : -14.701166954075
1 5 : -0.6 -0.2 : -14.71705787865
1 5 : -0.6 0.2 : -14.714845449671
1 5 : -0.6 0.6 : -14.699419988398
1 5 : -0.6 1.0 : -14.674113064709
1 5 : -0.2 -1.0 : -14.653039582022
1 5 : -0.2 -0.6 : -14.701100991978
1 5 : -0.2 -0.2 : -14.721036771206
1 5 : -0.2 0.2 : -14.720972534411
1 5 : -0.2 0.6 : -14.706496745612
1 5 : -0.2 1.0 : -14.68139459656
1 5 : 0.2 -1.0 : -14.653039582002
1 5 : 0.2 -0.6 : -14.701100991971
1 5 : 0.2 -0.2 : -14.721036771217
1 5 : 0.2 0.2 : -14.720972534413
1 5 : 0.2 0.6 : -14.706496745614
1 5 : 0.2 1.0 : -14.681394596563
1 5 : 0.6 -1.0 : -14.660112847606
1 5 : 0.6 -0.6 : -14.701166954117
1 5 : 0.6 -0.2 : -14.717057878657
1 5 : 0.6 0.2 : -14.714845449679
1 5 : 0.6 0.6 : -14.699419988405
1 5 : 0.6 1.0 : -14.674113064717
1 5 : 1.0 -1.0 : -14.668030844658
1 5 : 1.0 -0.6 : -14.697925394996
1 5 : 1.0 -0.2 : -14.707412031311
1 5 : 1.0 0.2 : -14.701881253287
1 5 : 1.0 0.6 : -14.685109792613
1 5 : 1.0 1.0 : -14.659692104161
1 6 : -1.0 -1.0 : -14.662747207168
1 6 : -1.0 -0.6 : -14.691286587133
1 6 : -1.0 -0.2 : -14.704630868334
1 6 : -1.0 0.2 : -14.704629571737
1 6 : -1.0 0.6 : -14.691284881246
1 6 : -1.0 1.0 : -14.662752061148
1 6 : -0.6 -1.0 : -14.664980467723
1 6 : -0.6 -0.6 : -14.699761709369
1 6 : -0.6 -0.2 : -14.715905439439
1 6 : -0.6 0.2 : -14.715905299216
1 6 : -0.6 0.6 : -14.699763806021
1 6 : -0.6 1.0 : -14.664992904339
1 6 : -0.2 -1.0 : -14.664438849662
1 6 : -0.2 -0.6 : -14.70308006921
1 6 : -0.2 -0.2 : -14.720939787065
1 6 : -0.2 0.2 : -14.720940092524
1 6 : -0.2 0.6 : -14.703083657426
1 6 : -0.2 1.0 : -14.664454363491
1 6 : 0.2 -1.0 : -14.66443886561
1 6 : 0.2 -0.6 : -14.703080077226
1 6 : 0.2 -0.2 : -14.720939789551
1 6 : 0.2 0.2 : -14.720940090041
1 6 : 0.2 0.6 : -14.703083649438
1 6 : 0.2 1.0 : -14.664454347708
1 6 : 0.6 -1.0 : -14.664980497156
1 6 : 0.6 -0.6 : -14.699761724638
1 6 : 0.6 -0.2 : -14.715905444306
1 6 : 0.6 0.2 : -14.715905294363
1 6 : 0.6 0.6 : -14.699763790782
1 6 : 0.6 1.0 : -14.664992875184
1 6 : 1.0 -1.0 : -14.662747210118
1 6 : 1.0 -0.6 : -14.691286590213
1 6 : 1.0 -0.2 : -14.704630869776
1 6 : 1.0 0.2 : -14.704629570324
1 6 : 1.0 0.6 : -14.691284878077
1 6 : 1.0 1.0 : -14.662752058112
1 7 : -1.0 -1.0 : -14.649276398122
1 7 : -1.0 -0.6 : -14.687154466955
1 7 : -1.0 -0.2 : -14.704257495412
1 7 : -1.0 0.2 : -14.704255021373
1 7 : -1.0 0.6 : -14.687146883652
1 7 : -1.0 1.0 : -14.649263141606
1 7 : -0.6 -1.0 : -14.655951470475
1 7 : -0.6 -0.6 : -14.697014685738
1 7 : -0.6 -0.2 : -14.715674699646
1 7 : -0.6 0.2 : -14.715673416261
1 7 : -0.6 0.6 : -14.697010669164
1 7 : -0.6 1.0 : -14.655944148609
1 7 : -0.2 -1.0 : -14.658257450837
1 7 : -0.2 -0.6 : -14.701217476018
1 7 : -0.2 -0.2 : -14.72079983521
1 7 : -0.2 0.2 : -14.720799387593
1 7 : -0.2 0.6 : -14.701216001904
1 7 : -0.2 1.0 : -14.658254483198
1 7 : 0.2 -1.0 : -14.658257383616
1 7 : 0.2 -0.6 : -14.701217441702
1 7 : 0.2 -0.2 : -14.720799825399
1 7 : 0.2 0.2 : -14.720799397424
1 7 : 0.2 0.6 : -14.701216036386
1 7 : 0.2 1.0 : -14.658254550867
1 7 : 0.6 -1.0 : -14.655951283665
1 7 : 0.6 -0.6 : -14.697014590201
1 7 : 0.6 -0.2 : -14.715674672464
1 7 : 0.6 0.2 : -14.715673443508
1 7 : 0.6 0.6 : -14.697010765163
1 7 : 0.6 1.0 : -14.655944336644
1 7 : 1.0 -1.0 : -14.649276124959
1 7 : 1.0 -0.6 : -14.687154326845
1 7 : 1.0 -0.2 : -14.704257455925
1 7 : 1.0 0.2 : -14.70425506098
1 7 : 1.0 0.6 : -14.687147024438
1 7 : 1.0 1.0 : -14.649263416474
1 8 : -1.0 -1.0 : -14.649198958294
1 8 : -1.0 -0.6 : -14.685940197262
1 8 : -1.0 -0.2 : -14.703913856865
1 8 : -1.0 0.2 : -14.704066051148
1 8 : -1.0 0.6 : -14.683956273656
1 8 : -1.0 1.0 : -14.638703040572
1 8 : -0.6 -1.0 : -14.659663779667
1 8 : -0.6 -0.6 : -14.697155629732
1 8 : -0.6 -0.2 : -14.715507271615
1 8 : -0.6 0.2 : -14.715573410053
1 8 : -0.6 0.6 : -14.694907586988
1 8 : -0.6 1.0 : -14.648696841787
1 8 : -0.2 -1.0 : -14.664500427195
1 8 : -0.2 -0.6 : -14.702319606116
1 8 : -0.2 -0.2 : -14.720786316966
1 8 : -0.2 0.2 : -14.720705360013
1 8 : -0.2 0.6 : -14.699626526375
1 8 : -0.2 1.0 : -14.652775042055
1 8 : 0.2 -1.0 : -14.664500427226
1 8 : 0.2 -0.6 : -14.702319606135
1 8 : 0.2 -0.2 : -14.720786316955
1 8 : 0.2 0.2 : -14.720705360011
1 8 : 0.2 0.6 : -14.699626526369
1 8 : 0.2 1.0 : -14.652775042042
1 8 : 0.6 -1.0 : -14.659663779759
1 8 : 0.6 -0.6 : -14.697155629792
1 8 : 0.6 -0.2 : -14.715507271638
1 8 : 0.6 0.2 : -14.715573410051
1 8 : 0.6 0.6 : -14.694907586978
1 8 : 0.6 1.0 : -14.648696841758
1 8 : 1.0 -1.0 : -14.649198958448
1 8 : 1.0 -0.6 : -14.685940197367
1 8 : 1.0 -0.2 : -14.703913856912
1 8 : 1.0 0.2 : -14.704066051158
1 8 : 1.0 0.6 : -14.683956273657
1 8 : 1.0 1.0 : -14.638703040546
1 9 : -1.0 -1.0 : -14.577225656556
1 9 : -1.0 -0.6 : -14.664916052306
1 9 : -1.0 -0.2 : -14.700977002133
1 9 : -1.0 0.2 : -14.705374638717
1 9 : -1.0 0.6 : -14.689772632917
1 9 : -1.0 1.0 : -14.660763838512
1 9 : -0.6 -1.0 : -14.590832965171
1 9 : -0.6 -0.6 : -14.678576774401
1 9 : -0.6 -0.2 : -14.713560869111
1 9 : -0.6 0.2 : -14.715710768046
1 9 : -0.6 0.6 : -14.696603171927
1 9 : -0.6 1.0 : -14.662687557262
1 9 : -0.2 -1.0 : -14.597714971343
1 9 : -0.2 -0.6 : -14.685277377941
1 9 : -0.2 -0.2 : -14.719452387858
1 9 : -0.2 0.2 : -14.720122963701
1 9 : -0.2 0.6 : -14.698791278719
1 9 : -0.2 1.0 : -14.661795836127
1 9 : 0.2 -1.0 : -14.597714971477
1 9 : 0.2 -0.6 : -14.685277377997
1 9 : 0.2 -0.2 : -14.71945238787
1 9 : 0.2 0.2 : -14.720122963692
1 9 : 0.2 0.6 : -14.698791278698
1 9 : 0.2 1.0 : -14.661795836097
1 9 : 0.6 -1.0 : -14.590832965572
1 9 : 0.6 -0.6 : -14.67857677457
1 9 : 0.6 -0.2 : -14.713560869156
1 9 : 0.6 0.2 : -14.715710768027
1 9 : 0.6 0.6 : -14.696603171875
1 9 : 0.6 1.0 : -14.662687557191
1 9 : 1.0 -1.0 : -14.577225657221
1 9 : 1.0 -0.6 : -14.664916052593
1 9 : 1.0 -0.2 : -14.700977002216
1 9 : 1.0 0.2 : -14.705374638701
1 9 : 1.0 0.6 : -14.689772632859
1 9 : 1.0 1.0 : -14.660763838441
1 10 : -1.0 -1.0 : -14.346099976585
1 10 : -1.0 -0.6 : -14.618882604907
1 10 : -1.0 -0.2 : -14.699545974775
1 10 : -1.0 0.2 : -14.700960915687
1 10 : -1.0 0.6 : -14.67067960643
1 10 : -1.0 1.0 : -14.629175837713
1 10 : -0.6 -1.0 : -14.35664135665
1 10 : -0.6 -0.6 : -14.629984373197
1 10 : -0.6 -0.2 : -14.711017132695
1 10 : -0.6 0.2 : -14.712689094221
1 10 : -0.6 0.6 : -14.682595436224
1 10 : -0.6 1.0 : -14.641240143114
1 10 : -0.2 -1.0 : -14.361319062699
1 10 : -0.2 -0.6 : -14.634956252312
1 10 : -0.2 -0.2 : -14.71618341729
1 10 : -0.2 0.2 : -14.717990022351
1 10 : -0.2 0.6 : -14.68799293017
1 10 : -0.2 1.0 : -14.646711772526
1 10 : 0.2 -1.0 : -14.361319061981
1 10 : 0.2 -0.6 : -14.6349562521
1 10 : 0.2 -0.2 : -14.716183417253
1 10 : 0.2 0.2 : -14.717990022375
1 10 : 0.2 0.6 : -14.687992930214
1 10 : 0.2 1.0 : -14.646711772576
1 10 : 0.6 -1.0 : -14.356641354493
1 10 : 0.6 -0.6 : -14.629984372565
1 10 : 0.6 -0.2 : -14.711017132589
1 10 : 0.6 0.2 : -14.712689094295
1 10 : 0.6 0.6 : -14.682595436359
1 10 : 0.6 1.0 : -14.641240143267
1 10 : 1.0 -1.0 : -14.346099972975
1 10 : 1.0 -0.6 : -14.618882603859
1 10 : 1.0 -0.2 : -14.699545974607
1 10 : 1.0 0.2 : -14.700960915824
1 10 : 1.0 0.6 : -14.670679606668
1 10 : 1.0 1.0 : -14.629175837979
1 11 : -1.0 -1.0 : -14.487657377301
1 11 : -1.0 -0.6 : -14.644700059474
1 11 : -1.0 -0.2 : -14.700240440458
1 11 : -1.0 0.2 : -14.70023941854
1 11 : -1.0 0.6 : -14.644690826405
1 11 : -1.0 1.0 : -14.487613233067
1 11 : -0.6 -1.0 : -14.498871524012
1 11 : -0.6 -0.6 : -14.656177279739
1 11 : -0.6 -0.2 : -14.711836473855
1 11 : -0.6 0.2 : -14.711836001965
1 11 : -0.6 0.6 : -14.6561703588
1 11 : -0.6 1.0 : -14.498834277035
1 11 : -0.2 -1.0 : -14.503900335771
1 11 : -0.2 -0.6 : -14.661345534124
1 11 : -0.2 -0.2 : -14.717068181882
1 11 : -0.2 0.2 : -14.717067998985
1 11 : -0.2 0.6 : -14.661339796203
1 11 : -0.2 1.0 : -14.503866518492
1 11 : 0.2 -1.0 : -14.503900558979
1 11 : 0.2 -0.6 : -14.66134562244
1 11 : 0.2 -0.2 : -14.717068205128
1 11 : 0.2 0.2 : -14.717067975724
1 11 : 0.2 0.6 : -14.66133970772
1 11 : 0.2 1.0 : -14.503866294639
1 11 : 0.6 -1.0 : -14.498872193979
1 11 : 0.6 -0.6 : -14.656177544843
1 11 : 0.6 -0.2 : -14.711836543643
1 11 : 0.6 0.2 : -14.711835932145
1 11 : 0.6 0.6 : -14.656170093202
1 11 : 0.6 1.0 : -14.498833605135
1 11 : 1.0 -1.0 : -14.487658495079
1 11 : 1.0 -0.6 : -14.644700501873
1 11 : 1.0 -0.2 : -14.700240556938
1 11 : 1.0 0.2 : -14.700239302027
1 11 : 1.0 0.6 : -14.644690383198
1 11 : 1.0 1.0 : -14.487612112062
2 3 : -1.0 -1.0 : -14.642289193787
2 3 : -1.0 -0.6 : -14.683523353443
2 3 : -1.0 -0.2 : -14.699507442372
2 3 : -1.0 0.2 : -14.699507429746
2 3 : -1.0 0.6 : -14.683523172371
2 3 : -1.0 1.0 : -14.642288720193
2 3 : -0.6 -1.0 : -14.657461420022
2 3 : -0.6 -0.6 : -14.698249256556
2 3 : -0.6 -0.2 : -14.713754484686
2 3 : -0.6 0.2 : -14.713754474205
2 3 : -0.6 0.6 : -14.698249090213
2 3 : -0.6 1.0 : -14.65746098182
2 3 : -0.2 -1.0 : -14.666146058691
2 3 : -0.2 -0.6 : -14.706356781303
2 3 : -0.2 -0.2 : -14.721323218963
2 3 : -0.2 0.2 : -14.721323210557
2 3 : -0.2 0.6 : -14.706356630267
2 3 : -0.2 1.0 : -14.66614565704
2 3 : 0.2 -1.0 : -14.667395130705
2 3 : 0.2 -0.6 : -14.706957494991
2 3 : 0.2 -0.2 : -14.721361378601
2 3 : 0.2 0.2 : -14.721361372897
2 3 : 0.2 0.6 : -14.706957361767
2 3 : 0.2 1.0 : -14.667394769561
2 3 : 0.6 -1.0 : -14.659974596855
2 3 : 0.6 -0.6 : -14.698860662151
2 3 : 0.6 -0.2 : -14.712705634829
2 3 : 0.6 0.2 : -14.712705632809
2 3 : 0.6 0.6 : -14.698860550159
2 3 : 0.6 1.0 : -14.659974281434
2 3 : 1.0 -1.0 : -14.642218988255
2 3 : 1.0 -0.6 : -14.680415542869
2 3 : 1.0 -0.2 : -14.693717130439
2 3 : 1.0 0.2 : -14.693717132942
2 3 : 1.0 0.6 : -14.680415455038
2 3 : 1.0 1.0 : -14.642218722946
2 4 : -1.0 -1.0 : -14.639848066343
2 4 : -1.0 -0.6 : -14.681024593883
2 4 : -1.0 -0.2 : -14.699105712482
2 4 : -1.0 0.2 : -14.699105712469
2 4 : -1.0 0.6 : -14.681024593881
2 4 : -1.0 1.0 : -14.639848066359
2 4 : -0.6 -1.0 : -14.654293284551
2 4 : -0.6 -0.6 : -14.695444009256
2 4 : -0.6 -0.2 : -14.713315382617
2 4 : -0.6 0.2 : -14.713315382612
2 4 : -0.6 0.6 : -14.695444009285
2 4 : -0.6 1.0 : -14.654293284626
2 4 : -0.2 -1.0 : -14.662283072998
2 4 : -0.2 -0.6 : -14.703270927383
2 4 : -0.2 -0.2 : -14.720850502668
2 4 : -0.2 0.2 : -14.720850502672
2 4 : -0.2 0.6 : -14.703270927441
2 4 : -0.2 1.0 : -14.662283073129
2 4 : 0.2 -1.0 : -14.662985918889
2 4 : 0.2 -0.6 : -14.703661163957
2 4 : 0.2 -0.2 : -14.720863853152
2 4 : 0.2 0.2 : -14.720863852876
2 4 : 0.2 0.6 : -14.703661164041
2 4 : 0.2 1.0 : -14.662985919074
2 4 : 0.6 -1.0 : -14.655271033114
2 4 : 0.6 -0.6 : -14.695462907786
2 4 : 0.6 -0.2 : -14.712196513723
2 4 : 0.6 0.2 : -14.712196513506
2 4 : 0.6 0.6 : -14.695462907892
2 4 : 0.6 1.0 : -14.655271033347
2 4 : 1.0 -1.0 : -14.637549322531
2 4 : 1.0 -0.6 : -14.677053809274
2 4 : 1.0 -0.2 : -14.693212802882
2 4 : 1.0 0.2 : -14.693212802903
2 4 : 1.0 0.6 : -14.677053809397
2 4 : 1.0 1.0 : -14.637549322803
2 5 : -1.0 -1.0 : -14.63584215964
2 5 : -1.0 -0.6 : -14.678941990082
2 5 : -1.0 -0.2 : -14.698234638793
2 5 : -1.0 0.2 : -14.700333189371
2 5 : -1.0 0.6 : -14.690012512616
2 5 : -1.0 1.0 : -14.670584630286
2 5 : -0.6 -1.0 : -14.649431301766
2 5 : -0.6 -0.6 : -14.693867214078
2 5 : -0.6 -0.2 : -14.712916846849
2 5 : -0.6 0.2 : -14.713790120231
2 5 : -0.6 0.6 : -14.701570750519
2 5 : -0.6 1.0 : -14.679725506273
2 5 : -0.2 -1.0 : -14.653667200316
2 5 : -0.2 -0.6 : -14.700791832127
2 5 : -0.2 -0.2 : -14.720556558105
2 5 : -0.2 0.2 : -14.720849226717
2 5 : -0.2 0.6 : -14.707127347361
2 5 : -0.2 1.0 : -14.683084555329
2 5 : 0.2 -1.0 : -14.64760419971
2 5 : 0.2 -0.6 : -14.698882107542
2 5 : 0.2 -0.2 : -14.720327057694
2 5 : 0.2 0.2 : -14.720634702012
2 5 : 0.2 0.6 : -14.705749437462
2 5 : 0.2 1.0 : -14.679702935453
2 5 : 0.6 -1.0 : -14.630258661494
2 5 : 0.6 -0.6 : -14.687122236696
2 5 : 0.6 -0.2 : -14.711119907234
2 5 : 0.6 0.2 : -14.711941282666
2 5 : 0.6 0.6 : -14.696176754645
2 5 : 0.6 1.0 : -14.668334187288
2 5 : 1.0 -1.0 : -14.600401388618
2 5 : 1.0 -0.6 : -14.664100335002
2 5 : 1.0 -0.2 : -14.691358177772
2 5 : 1.0 0.2 : -14.693092710955
2 5 : 1.0 0.6 : -14.676727371922
2 5 : 1.0 1.0 : -14.647388146405
2 6 : -1.0 -1.0 : -14.650754201174
2 6 : -1.0 -0.6 : -14.683816248452
2 6 : -1.0 -0.2 : -14.699222263284
2 6 : -1.0 0.2 : -14.699222805949
2 6 : -1.0 0.6 : -14.683820121828
2 6 : -1.0 1.0 : -14.650768516162
2 6 : -0.6 -1.0 : -14.661756732294
2 6 : -0.6 -0.6 : -14.696947704355
2 6 : -0.6 -0.2 : -14.713280657002
2 6 : -0.6 0.2 : -14.713281067273
2 6 : -0.6 0.6 : -14.696951342233
2 6 : -0.6 1.0 : -14.661771287057
2 6 : -0.2 -1.0 : -14.665437021079
2 6 : -0.2 -0.6 : -14.703174031128
2 6 : -0.2 -0.2 : -14.720630032557
2 6 : -0.2 0.2 : -14.72063038604
2 6 : -0.2 0.6 : -14.703177681583
2 6 : -0.2 1.0 : -14.665452315248
2 6 : 0.2 -1.0 : -14.660955391371
2 6 : 0.2 -0.6 : -14.701646888688
2 6 : 0.2 -0.2 : -14.720422731561
2 6 : 0.2 0.2 : -14.720423092367
2 6 : 0.2 0.6 : -14.701650764772
2 6 : 0.2 1.0 : -14.660971863456
2 6 : 0.6 -1.0 : -14.647207981395
2 6 : 0.6 -0.6 : -14.691220600641
2 6 : 0.6 -0.2 : -14.711500367498
2 6 : 0.6 0.2 : -14.711500782283
2 6 : 0.6 0.6 : -14.691224860496
2 6 : 0.6 1.0 : -14.647225964552
2 6 : 1.0 -1.0 : -14.622669429434
2 6 : 1.0 -0.6 : -14.670291700279
2 6 : 1.0 -0.2 : -14.692229166302
2 6 : 1.0 0.2 : -14.692229665192
2 6 : 1.0 0.6 : -14.670296447457
2 6 : 1.0 1.0 : -14.622689139512
2 7 : -1.0 -1.0 : -14.638627173316
2 7 : -1.0 -0.6 : -14.679734785214
2 7 : -1.0 -0.2 : -14.698824733894
2 7 : -1.0 0.2 : -14.698824365666
2 7 : -1.0 0.6 : -14.679733215368
2 7 : -1.0 1.0 : -14.638623845411
2 7 : -0.6 -1.0 : -14.651905908735
2 7 : -0.6 -0.6 : -14.693746101081
2 7 : -0.6 -0.2 : -14.712987708759
2 7 : -0.6 0.2 : -14.712987365402
2 7 : -0.6 0.6 : -14.693744726826
2 7 : -0.6 1.0 : -14.651902976111
2 7 : -0.2 -1.0 : -14.658217205942
2 7 : -0.2 -0.6 : -14.700931789761
2 7 : -0.2 -0.2 : -14.720446817962
2 7 : -0.2 0.2 : -14.720446490605
2 7 : -0.2 0.6 : -14.700930607442
2 7 : -0.2 1.0 : -14.65821469434
2 7 : 0.2 -1.0 : -14.6566554614
2 7 : 0.2 -0.6 : -14.700414531982
2 7 : 0.2 -0.2 : -14.720350706692
2 7 : 0.2 0.2 : -14.720350388646
2 7 : 0.2 0.6 : -14.700413539912
2 7 : 0.2 1.0 : -14.656653390894
2 7 : 0.6 -1.0 : -14.646014308138
2 7 : 0.6 -0.6 : -14.691009562845
2 7 : 0.6 -0.2 : -14.711536303904
2 7 : 0.6 0.2 : -14.711535990658
2 7 : 0.6 0.6 : -14.691008759349
2 7 : 0.6 1.0 : -14.646012689719
2 7 : 1.0 -1.0 : -14.624623866026
2 7 : 1.0 -0.6 : -14.671063807957
2 7 : 1.0 -0.2 : -14.692364257172
2 7 : 1.0 0.2 : -14.692363947211
2 7 : 1.0 0.6 : -14.671063192424
2 7 : 1.0 1.0 : -14.62462270593
2 8 : -1.0 -1.0 : -14.636396812688
2 8 : -1.0 -0.6 : -14.677706198906
2 8 : -1.0 -0.2 : -14.698461362181
2 8 : -1.0 0.2 : -14.698539582648
2 8 : -1.0 0.6 : -14.676217842008
2 8 : -1.0 1.0 : -14.626511189604
2 8 : -0.6 -1.0 : -14.653085027054
2 8 : -0.6 -0.6 : -14.693003470411
2 8 : -0.6 -0.2 : -14.712782346751
2 8 : -0.6 0.2 : -14.71276275267
2 8 : -0.6 0.6 : -14.690992672936
2 8 : -0.6 1.0 : -14.642541002384
2 8 : -0.2 -1.0 : -14.662974989702
2 8 : -0.2 -0.6 : -14.701507681765
2 8 : -0.2 -0.2 : -14.720388979145
2 8 : -0.2 0.2 : -14.720302142253
2 8 : -0.2 0.6 : -14.698987784292
2 8 : -0.2 1.0 : -14.651618969406
2 8 : 0.2 -1.0 : -14.665112146857
2 8 : 0.2 -0.6 : -14.702311662205
2 8 : 0.2 -0.2 : -14.720421090874
2 8 : 0.2 0.2 : -14.720311510054
2 8 : 0.2 0.6 : -14.699313312527
2 8 : 0.2 1.0 : -14.652709572181
2 8 : 0.6 -1.0 : -14.658271149718
2 8 : 0.6 -0.6 : -14.694209996852
2 8 : 0.6 -0.2 : -14.711706559196
2 8 : 0.6 0.2 : -14.711638449209
2 8 : 0.6 0.6 : -14.690815536398
2 8 : 0.6 1.0 : -14.644584130849
2 8 : 1.0 -1.0 : -14.640872599704
2 8 : 1.0 -0.6 : -14.675583117771
2 8 : 1.0 -0.2 : -14.692611913116
2 8 : 1.0 0.2 : -14.692645467947
2 8 : 1.0 0.6 : -14.671865606003
2 8 : 1.0 1.0 : -14.625576783833
2 9 : -1.0 -1.0 : -14.605741483973
2 9 : -1.0 -0.6 : -14.674263724111
2 9 : -1.0 -0.2 : -14.699232398597
2 9 : -1.0 0.2 : -14.697821667656
2 9 : -1.0 0.6 : -14.679496250523
2 9 : -1.0 1.0 : -14.649096958507
2 9 : -0.6 -1.0 : -14.604384074848
2 9 : -0.6 -0.6 : -14.682853653903
2 9 : -0.6 -0.2 : -14.712482148622
2 9 : -0.6 0.2 : -14.712184880988
2 9 : -0.6 0.6 : -14.692548573711
2 9 : -0.6 1.0 : -14.659139477672
2 9 : -0.2 -1.0 : -14.600876843354
2 9 : -0.2 -0.6 : -14.686332727562
2 9 : -0.2 -0.2 : -14.719341827191
2 9 : -0.2 0.2 : -14.719712507397
2 9 : -0.2 0.6 : -14.698757257675
2 9 : -0.2 1.0 : -14.662601333151
2 9 : 0.2 -1.0 : -14.595925932358
2 9 : 0.2 -0.6 : -14.684474512669
2 9 : 0.2 -0.2 : -14.719097944568
2 9 : 0.2 0.2 : -14.719475212264
2 9 : 0.2 0.6 : -14.69714223582
2 9 : 0.2 1.0 : -14.658556192241
2 9 : 0.6 -1.0 : -14.589092382455
2 9 : 0.6 -0.6 : -14.676437343355
2 9 : 0.6 -0.2 : -14.710659537858
2 9 : 0.6 0.2 : -14.710276619086
2 9 : 0.6 0.6 : -14.686511191136
2 9 : 0.6 1.0 : -14.645894120529
2 9 : 1.0 -1.0 : -14.57838051384
2 9 : 1.0 -0.6 : -14.660483428113
2 9 : 1.0 -0.2 : -14.692363360923
2 9 : 1.0 0.2 : -14.690510641069
2 9 : 1.0 0.6 : -14.665347414922
2 9 : 1.0 1.0 : -14.62322697802
2 10 : -1.0 -1.0 : -14.360582507615
2 10 : -1.0 -0.6 : -14.618497957655
2 10 : -1.0 -0.2 : -14.694799024251
2 10 : -1.0 0.2 : -14.696007502176
2 10 : -1.0 0.6 : -14.667171845216
2 10 : -1.0 1.0 : -14.627860136066
2 10 : -0.6 -1.0 : -14.36458560744
2 10 : -0.6 -0.6 : -14.629943339481
2 10 : -0.6 -0.2 : -14.708621526275
2 10 : -0.6 0.2 : -14.710227679789
2 10 : -0.6 0.6 : -14.681008655288
2 10 : -0.6 1.0 : -14.640980144561
2 10 : -0.2 -1.0 : -14.364068857392
2 10 : -0.2 -0.6 : -14.63536298658
2 10 : -0.2 -0.2 : -14.715885701188
2 10 : -0.2 0.2 : -14.717678391188
2 10 : -0.2 0.6 : -14.68796296357
2 10 : -0.2 1.0 : -14.647115621017
2 10 : 0.2 -1.0 : -14.358206341258
2 10 : 0.2 -0.6 : -14.633861156063
2 10 : 0.2 -0.2 : -14.715718831929
2 10 : 0.2 0.2 : -14.717542506062
2 10 : 0.2 0.6 : -14.687286816582
2 10 : 0.2 1.0 : -14.645594449797
2 10 : 0.6 -1.0 : -14.345817280621
2 10 : 0.6 -0.6 : -14.624214779876
2 10 : 0.6 -0.2 : -14.706931741471
2 10 : 0.6 0.2 : -14.708695131536
2 10 : 0.6 0.6 : -14.677935237069
2 10 : 0.6 1.0 : -14.635459886044
2 10 : 1.0 -1.0 : -14.32523116659
2 10 : 1.0 -0.6 : -14.604727628357
2 10 : 1.0 -0.2 : -14.687859791624
2 10 : 1.0 0.2 : -14.68953211699
2 10 : 1.0 0.6 : -14.658382741365
2 10 : 1.0 1.0 : -14.615271865467
2 11 : -1.0 -1.0 : -14.494024649476
2 11 : -1.0 -0.6 : -14.642610344382
2 11 : -1.0 -0.2 : -14.695371338644
2 11 : -1.0 0.2 : -14.695371199609
2 11 : -1.0 0.6 : -14.642605042082
2 11 : -1.0 1.0 : -14.493993058153
2 11 : -0.6 -1.0 : -14.502554121737
2 11 : -0.6 -0.6 : -14.655264254141
2 11 : -0.6 -0.2 : -14.70939512879
2 11 : -0.6 0.2 : -14.709394974649
2 11 : -0.6 0.6 : -14.655258777338
2 11 : -0.6 1.0 : -14.502521588884
2 11 : -0.2 -1.0 : -14.505416767096
2 11 : -0.2 -0.6 : -14.661497662174
2 11 : -0.2 -0.2 : -14.716758870775
2 11 : -0.2 0.2 : -14.716758709689
2 11 : -0.2 0.6 : -14.661492058814
2 11 : -0.2 1.0 : -14.505383505251
2 11 : 0.2 -1.0 : -14.501849395762
2 11 : 0.2 -0.6 : -14.660483003393
2 11 : 0.2 -0.2 : -14.716616979033
2 11 : 0.2 0.2 : -14.716616817145
2 11 : 0.2 0.6 : -14.66047731737
2 11 : 0.2 1.0 : -14.501815622618
2 11 : 0.6 -1.0 : -14.49075887278
2 11 : 0.6 -0.6 : -14.651076685664
2 11 : 0.6 -0.2 : -14.707811321625
2 11 : 0.6 0.2 : -14.707811162989
2 11 : 0.6 0.6 : -14.651070956183
2 11 : 0.6 1.0 : -14.490724807027
2 11 : 1.0 -1.0 : -14.470559794284
2 11 : 1.0 -0.6 : -14.631656090285
2 11 : 1.0 -0.2 : -14.688706160363
2 11 : 1.0 0.2 : -14.688706007223
2 11 : 1.0 0.6 : -14.631650352297
2 11 : 1.0 1.0 : -14.470525654181
3 4 : -1.0 -1.0 : -14.608442766152
3 4 : -1.0 -0.6 : -14.642533953422
3 4 : -1.0 -0.2 : -14.664681450417
3 4 : -1.0 0.2 : -14.664687947834
3 4 : -1.0 0.6 : -14.642549428119
3 4 : -1.0 1.0 : -14.608457018493
3 4 : -0.6 -1.0 : -14.64102129581
3 4 : -0.6 -0.6 : -14.680126511201
3 4 : -0.6 -0.2 : -14.704295518891
3 4 : -0.6 0.2 : -14.704301220684
3 4 : -0.6 0.6 : -14.680136080528
3 4 : -0.6 1.0 : -14.641030588744
3 4 : -0.2 -1.0 : -14.660883365567
3 4 : -0.2 -0.6 : -14.701544814948
3 4 : -0.2 -0.2 : -14.720192070105
3 4 : -0.2 0.2 : -14.720193111426
3 4 : -0.2 0.6 : -14.701546036239
3 4 : -0.2 1.0 : -14.6608867867
3 4 : 0.2 -1.0 : -14.660886687191
3 4 : 0.2 -0.6 : -14.701545962642
3 4 : 0.2 -0.2 : -14.720193093448
3 4 : 0.2 0.2 : -14.720192052145
3 4 : 0.2 0.6 : -14.701544741479
3 4 : 0.2 1.0 : -14.660883266349
3 4 : 0.6 -1.0 : -14.641030364389
3 4 : 0.6 -0.6 : -14.680135897267
3 4 : 0.6 -0.2 : -14.704301073327
3 4 : 0.6 0.2 : -14.704295371591
3 4 : 0.6 0.6 : -14.680126328016
3 4 : 0.6 1.0 : -14.641021071513
3 4 : 1.0 -1.0 : -14.60845677223
3 4 : 1.0 -0.6 : -14.642549137458
3 4 : 1.0 -0.2 : -14.66468757964
3 4 : 1.0 0.2 : -14.664681082268
3 4 : 1.0 0.6 : -14.64253366273
3 4 : 1.0 1.0 : -14.608442519499
3 5 : -1.0 -1.0 : -14.605223229582
3 5 : -1.0 -0.6 : -14.648737540911
3 5 : -1.0 -0.2 : -14.66636619213
3 5 : -1.0 0.2 : -14.665171899211
3 5 : -1.0 0.6 : -14.650144195399
3 5 : -1.0 1.0 : -14.624795793671
3 5 : -0.6 -1.0 : -14.638483353595
3 5 : -0.6 -0.6 : -14.68590254682
3 5 : -0.6 -0.2 : -14.705636641163
3 5 : -0.6 0.2 : -14.705486000637
3 5 : -0.6 0.6 : -14.690871181425
3 5 : -0.6 1.0 : -14.665527360505
3 5 : -0.2 -1.0 : -14.650817424866
3 5 : -0.2 -0.6 : -14.699692676793
3 5 : -0.2 -0.2 : -14.720122337427
3 5 : -0.2 0.2 : -14.72032278135
3 5 : -0.2 0.6 : -14.705947214471
3 5 : -0.2 1.0 : -14.680830715122
3 5 : 0.2 -1.0 : -14.650817476685
3 5 : 0.2 -0.6 : -14.699692687552
3 5 : 0.2 -0.2 : -14.720122332284
3 5 : 0.2 0.2 : -14.72032277475
3 5 : 0.2 0.6 : -14.705947213941
3 5 : 0.2 1.0 : -14.68083072413
3 5 : 0.6 -1.0 : -14.638483375326
3 5 : 0.6 -0.6 : -14.685902447181
3 5 : 0.6 -0.2 : -14.705636499852
3 5 : 0.6 0.2 : -14.705485865862
3 5 : 0.6 0.6 : -14.690871080065
3 5 : 0.6 1.0 : -14.665527305744
3 5 : 1.0 -1.0 : -14.605223111136
3 5 : 1.0 -0.6 : -14.648737222783
3 5 : 1.0 -0.2 : -14.666365808576
3 5 : 1.0 0.2 : -14.665171534969
3 5 : 1.0 0.6 : -14.650143900332
3 5 : 1.0 1.0 : -14.624795593754
3 6 : -1.0 -1.0 : -14.610456701996
3 6 : -1.0 -0.6 : -14.648009970715
3 6 : -1.0 -0.2 : -14.665620603334
3 6 : -1.0 0.2 : -14.665621198348
3 6 : -1.0 0.6 : -14.648013633849
3 6 : -1.0 1.0 : -14.610469483229
3 6 : -0.6 -1.0 : -14.648145342862
3 6 : -0.6 -0.6 : -14.687240159178
3 6 : -0.6 -0.2 : -14.705446481289
3 6 : -0.6 0.2 : -14.705447046537
3 6 : -0.6 0.6 : -14.68724422995
3 6 : -0.6 1.0 : -14.648160601582
3 6 : -0.2 -1.0 : -14.662811236398
3 6 : -0.2 -0.6 : -14.702016551783
3 6 : -0.2 -0.2 : -14.720148197938
3 6 : -0.2 0.2 : -14.720148584182
3 6 : -0.2 0.6 : -14.70202036282
3 6 : -0.2 1.0 : -14.662827057498
3 6 : 0.2 -1.0 : -14.66281124428
3 6 : 0.2 -0.6 : -14.702016546733
3 6 : 0.2 -0.2 : -14.720148191022
3 6 : 0.2 0.2 : -14.720148576587
3 6 : 0.2 0.6 : -14.702020355533
3 6 : 0.2 1.0 : -14.662827060878
3 6 : 0.6 -1.0 : -14.648145283471
3 6 : 0.6 -0.6 : -14.687240037528
3 6 : 0.6 -0.2 : -14.705446340913
3 6 : 0.6 0.2 : -14.705446905004
3 6 : 0.6 0.6 : -14.687244104093
3 6 : 0.6 1.0 : -14.648160532457
3 6 : 1.0 -1.0 : -14.610456515538
3 6 : 1.0 -0.6 : -14.648009645653
3 6 : 1.0 -0.2 : -14.665620227105
3 6 : 1.0 0.2 : -14.665620821372
3 6 : 1.0 0.6 : -14.648013305178
3 6 : 1.0 1.0 : -14.610469285853
3 7 : -1.0 -1.0 : -14.59986418993
3 7 : -1.0 -0.6 : -14.642999615499
3 7 : -1.0 -0.2 : -14.665005686205
3 7 : -1.0 0.2 : -14.665007552263
3 7 : -1.0 0.6 : -14.643005114653
3 7 : -1.0 1.0 : -14.599873000738
3 7 : -0.6 -1.0 : -14.638558372718
3 7 : -0.6 -0.6 : -14.683232192914
3 7 : -0.6 -0.2 : -14.704994931075
3 7 : -0.6 0.2 : -14.704995446447
3 7 : -0.6 0.6 : -14.683233660922
3 7 : -0.6 1.0 : -14.63856047277
3 7 : -0.2 -1.0 : -14.65640735705
3 7 : -0.2 -0.6 : -14.699921299183
3 7 : -0.2 -0.2 : -14.719970677124
3 7 : -0.2 0.2 : -14.719970448515
3 7 : -0.2 0.6 : -14.699920501338
3 7 : -0.2 1.0 : -14.656405570873
3 7 : 0.2 -1.0 : -14.656407351143
3 7 : 0.2 -0.6 : -14.699921282884
3 7 : 0.2 -0.2 : -14.719970668026
3 7 : 0.2 0.2 : -14.719970439976
3 7 : 0.2 0.6 : -14.699920486653
3 7 : 0.2 1.0 : -14.656405567704
3 7 : 0.6 -1.0 : -14.63855831385
3 7 : 0.6 -0.6 : -14.683232064312
3 7 : 0.6 -0.2 : -14.704994788476
3 7 : 0.6 0.2 : -14.704995305096
3 7 : 0.6 0.6 : -14.683233536144
3 7 : 0.6 1.0 : -14.638560420948
3 7 : 1.0 -1.0 : -14.599864050315
3 7 : 1.0 -0.6 : -14.642999311685
3 7 : 1.0 -0.2 : -14.665005311806
3 7 : 1.0 0.2 : -14.66500717927
3 7 : 1.0 0.6 : -14.643004815535
3 7 : 1.0 1.0 : -14.599872870773
3 8 : -1.0 -1.0 : -14.606097943827
3 8 : -1.0 -0.6 : -14.644966354734
3 8 : -1.0 -0.2 : -14.665372561226
3 8 : -1.0 0.2 : -14.664650264055
3 8 : -1.0 0.6 : -14.641394699838
3 8 : -1.0 1.0 : -14.59612253648
3 8 : -0.6 -1.0 : -14.645516797972
3 8 : -0.6 -0.6 : -14.685087248027
3 8 : -0.6 -0.2 : -14.705251301395
3 8 : -0.6 0.2 : -14.704706969646
3 8 : -0.6 0.6 : -14.681443763498
3 8 : -0.6 1.0 : -14.633502590347
3 8 : -0.2 -1.0 : -14.663081105215
3 8 : -0.2 -0.6 : -14.7012556594
3 8 : -0.2 -0.2 : -14.720016578647
3 8 : -0.2 0.2 : -14.719846440739
3 8 : -0.2 0.6 : -14.698349062969
3 8 : -0.2 1.0 : -14.651153883819
3 8 : 0.2 -1.0 : -14.663080960595
3 8 : 0.2 -0.6 : -14.701255568903
3 8 : 0.2 -0.2 : -14.720016546916
3 8 : 0.2 0.2 : -14.719846454335
3 8 : 0.2 0.6 : -14.698349115538
3 8 : 0.2 1.0 : -14.65115399092
3 8 : 0.6 -1.0 : -14.645516333591
3 8 : 0.6 -0.6 : -14.685086894205
3 8 : 0.6 -0.2 : -14.705251088409
3 8 : 0.6 0.2 : -14.704706896331
3 8 : 0.6 0.6 : -14.681443838488
3 8 : 0.6 1.0 : -14.633502856348
3 8 : 1.0 -1.0 : -14.606097185804
3 8 : 1.0 -0.6 : -14.64496569505
3 8 : 1.0 -0.2 : -14.66537207327
3 8 : 1.0 0.2 : -14.664649999761
3 8 : 1.0 0.6 : -14.641394710126
3 8 : 1.0 1.0 : -14.596122882858
3 9 : -1.0 -1.0 : -14.568848862996
3 9 : -1.0 -0.6 : -14.637797086984
3 9 : -1.0 -0.2 : -14.664979114716
3 9 : -1.0 0.2 : -14.665128194165
3 9 : -1.0 0.6 : -14.647132573103
3 9 : -1.0 1.0 : -14.616135837194
3 9 : -0.6 -1.0 : -14.592471027879
3 9 : -0.6 -0.6 : -14.6729358049
3 9 : -0.6 -0.2 : -14.70440091261
3 9 : -0.6 0.2 : -14.704714567914
3 9 : -0.6 0.6 : -14.684380643387
3 9 : -0.6 1.0 : -14.649313932311
3 9 : -0.2 -1.0 : -14.598333684163
3 9 : -0.2 -0.6 : -14.685058561909
3 9 : -0.2 -0.2 : -14.718821850912
3 9 : -0.2 0.2 : -14.719264179796
3 9 : -0.2 0.6 : -14.697765375143
3 9 : -0.2 1.0 : -14.660605851285
3 9 : 0.2 -1.0 : -14.598333286006
3 9 : 0.2 -0.6 : -14.685058386015
3 9 : 0.2 -0.2 : -14.718821801252
3 9 : 0.2 0.2 : -14.719264206849
3 9 : 0.2 0.6 : -14.697765457162
3 9 : 0.2 1.0 : -14.660605984335
3 9 : 0.6 -1.0 : -14.592469844836
3 9 : 0.6 -0.6 : -14.67293521361
3 9 : 0.6 -0.2 : -14.704400657001
3 9 : 0.6 0.2 : -14.704714516714
3 9 : 0.6 0.6 : -14.684380740283
3 9 : 0.6 1.0 : -14.649314168325
3 9 : 1.0 -1.0 : -14.56884709346
3 9 : 1.0 -0.6 : -14.637796107226
3 9 : 1.0 -0.2 : -14.664978582309
3 9 : 1.0 0.2 : -14.665127933709
3 9 : 1.0 0.6 : -14.647132511078
3 9 : 1.0 1.0 : -14.616135964245
3 10 : -1.0 -1.0 : -14.648470995191
3 10 : -1.0 -0.6 : -14.679973891436
3 10 : -1.0 -0.2 : -14.677106360387
3 10 : -1.0 0.2 : -14.655076881035
3 10 : -1.0 0.6 : -14.6237995242
3 10 : -1.0 1.0 : -14.588683133538
3 10 : -0.6 -1.0 : -14.553995943907
3 10 : -0.6 -0.6 : -14.679320390501
3 10 : -0.6 -0.2 : -14.710590550314
3 10 : -0.6 0.2 : -14.697589325453
3 10 : -0.6 0.6 : -14.665193277583
3 10 : -0.6 1.0 : -14.625827831297
3 10 : -0.2 -1.0 : -14.392822106
3 10 : -0.2 -0.6 : -14.643180610641
3 10 : -0.2 -0.2 : -14.716892455274
3 10 : -0.2 0.2 : -14.716481258852
3 10 : -0.2 0.6 : -14.686055442519
3 10 : -0.2 1.0 : -14.644958215154
3 10 : 0.2 -1.0 : -14.392823920447
3 10 : 0.2 -0.6 : -14.643181150731
3 10 : 0.2 -0.2 : -14.716892546814
3 10 : 0.2 0.2 : -14.71648119381
3 10 : 0.2 0.6 : -14.686055325434
3 10 : 0.2 1.0 : -14.644958084877
3 10 : 0.6 -1.0 : -14.553998599027
3 10 : 0.6 -0.6 : -14.679321165772
3 10 : 0.6 -0.2 : -14.710590582518
3 10 : 0.6 0.2 : -14.697589077583
3 10 : 0.6 0.6 : -14.665192934573
3 10 : 0.6 1.0 : -14.625827464702
3 10 : 1.0 -1.0 : -14.648472109232
3 10 : 1.0 -0.6 : -14.679974060459
3 10 : 1.0 -0.2 : -14.677106091327
3 10 : 1.0 0.2 : -14.655076429273
3 10 : 1.0 0.6 : -14.623799015285
3 10 : 1.0 1.0 : -14.588682613629
3 11 : -1.0 -1.0 : -14.617295584796
3 11 : -1.0 -0.6 : -14.65139222485
3 11 : -1.0 -0.2 : -14.666035387195
3 11 : -1.0 0.2 : -14.666032624077
3 11 : -1.0 0.6 : -14.651376567373
3 11 : -1.0 1.0 : -14.617240849086
3 11 : -0.6 -1.0 : -14.589101594246
3 11 : -0.6 -0.6 : -14.671920162879
3 11 : -0.6 -0.2 : -14.704051325778
3 11 : -0.6 0.2 : -14.704046173822
3 11 : -0.6 0.6 : -14.671894064419
3 11 : -0.6 1.0 : -14.589013248208
3 11 : -0.2 -1.0 : -14.518669317666
3 11 : -0.2 -0.6 : -14.664458479168
3 11 : -0.2 -0.2 : -14.716665505509
3 11 : -0.2 0.2 : -14.716664264593
3 11 : -0.2 0.6 : -14.664448201437
3 11 : -0.2 1.0 : -14.518622009636
3 11 : 0.2 -1.0 : -14.51867005761
3 11 : 0.2 -0.6 : -14.664458671732
3 11 : 0.2 -0.2 : -14.71666551738
3 11 : 0.2 0.2 : -14.716664276442
3 11 : 0.2 0.6 : -14.664448393966
3 11 : 0.2 1.0 : -14.518622749664
3 11 : 0.6 -1.0 : -14.589102587906
3 11 : 0.6 -0.6 : -14.671920349194
3 11 : 0.6 -0.2 : -14.704051215714
3 11 : 0.6 0.2 : -14.704046063712
3 11 : 0.6 0.6 : -14.671894250723
3 11 : 0.6 1.0 : -14.589014242376
3 11 : 1.0 -1.0 : -14.61729581169
3 11 : 1.0 -0.6 : -14.651392040325
3 11 : 1.0 -0.2 : -14.666035025723
3 11 : 1.0 0.2 : -14.666032262454
3 11 : 1.0 0.6 : -14.65137638249
3 11 : 1.0 1.0 : -14.617241075806
4 5 : -1.0 -1.0 : -14.591739291702
4 5 : -1.0 -0.6 : -14.639577396786
4 5 : -1.0 -0.2 : -14.660707211771
4 5 : -1.0 0.2 : -14.662354457229
4 5 : -1.0 0.6 : -14.649573078015
4 5 : -1.0 1.0 : -14.62588632731
4 5 : -0.6 -1.0 : -14.631551694013
4 5 : -0.6 -0.6 : -14.680672370182
4 5 : -0.6 -0.2 : -14.70181947225
4 5 : -0.6 0.2 : -14.702841274206
4 5 : -0.6 0.6 : -14.689174084816
4 5 : -0.6 1.0 : -14.664549892944
4 5 : -0.2 -1.0 : -14.649894631638
4 5 : -0.2 -0.6 : -14.698967283829
4 5 : -0.2 -0.2 : -14.719562951344
4 5 : -0.2 0.2 : -14.719902770741
4 5 : -0.2 0.6 : -14.705641274338
4 5 : -0.2 1.0 : -14.680612711058
4 5 : 0.2 -1.0 : -14.649894631518
4 5 : 0.2 -0.6 : -14.698967283798
4 5 : 0.2 -0.2 : -14.71956295165
4 5 : 0.2 0.2 : -14.719902770748
4 5 : 0.2 0.6 : -14.705641274335
4 5 : 0.2 1.0 : -14.680612711036
4 5 : 0.6 -1.0 : -14.63155169373
4 5 : 0.6 -0.6 : -14.680672370157
4 5 : 0.6 -0.2 : -14.701819472315
4 5 : 0.6 0.2 : -14.702841274267
4 5 : 0.6 0.6 : -14.689174084824
4 5 : 0.6 1.0 : -14.664549892874
4 5 : 1.0 -1.0 : -14.591739291271
4 5 : 1.0 -0.6 : -14.63957739679
4 5 : 1.0 -0.2 : -14.660707211922
4 5 : 1.0 0.2 : -14.662354457366
4 5 : 1.0 0.6 : -14.64957307805
4 5 : 1.0 1.0 : -14.625886327201
4 6 : -1.0 -1.0 : -14.605136001102
4 6 : -1.0 -0.6 : -14.643496991736
4 6 : -1.0 -0.2 : -14.661423571054
4 6 : -1.0 0.2 : -14.661423688047
4 6 : -1.0 0.6 : -14.6435000053
4 6 : -1.0 1.0 : -14.605150530796
4 6 : -0.6 -1.0 : -14.644584857548
4 6 : -0.6 -0.6 : -14.68393396312
4 6 : -0.6 -0.2 : -14.702233897683
4 6 : -0.6 0.2 : -14.70223414351
4 6 : -0.6 0.6 : -14.683937393413
4 6 : -0.6 1.0 : -14.644600194917
4 6 : -0.2 -1.0 : -14.662290212028
4 6 : -0.2 -0.6 : -14.701520572122
4 6 : -0.2 -0.2 : -14.719660793587
4 6 : -0.2 0.2 : -14.719661144412
4 6 : -0.2 0.6 : -14.701524320863
4 6 : -0.2 1.0 : -14.66230609041
4 6 : 0.2 -1.0 : -14.662290364202
4 6 : 0.2 -0.6 : -14.701520636511
4 6 : 0.2 -0.2 : -14.719660811332
4 6 : 0.2 0.2 : -14.719661126674
4 6 : 0.2 0.6 : -14.701524256425
4 6 : 0.2 1.0 : -14.662305938144
4 6 : 0.6 -1.0 : -14.644585153981
4 6 : 0.6 -0.6 : -14.683934039396
4 6 : 0.6 -0.2 : -14.702233908021
4 6 : 0.6 0.2 : -14.702234133296
4 6 : 0.6 0.6 : -14.68393731715
4 6 : 0.6 1.0 : -14.644599898453
4 6 : 1.0 -1.0 : -14.605136381326
4 6 : 1.0 -0.6 : -14.643497022476
4 6 : 1.0 -0.2 : -14.661423550732
4 6 : 1.0 0.2 : -14.661423708673
4 6 : 1.0 0.6 : -14.643499974792
4 6 : 1.0 1.0 : -14.605150150927
4 7 : -1.0 -1.0 : -14.596041380073
4 7 : -1.0 -0.6 : -14.639048489158
4 7 : -1.0 -0.2 : -14.660873625487
4 7 : -1.0 0.2 : -14.660872801066
4 7 : -1.0 0.6 : -14.639045781997
4 7 : -1.0 1.0 : -14.596036120731
4 7 : -0.6 -1.0 : -14.63582361462
4 7 : -0.6 -0.6 : -14.68025035396
4 7 : -0.6 -0.2 : -14.701820680712
4 7 : -0.6 0.2 : -14.701820145191
4 7 : -0.6 0.6 : -14.680248566836
4 7 : -0.6 1.0 : -14.635820013385
4 7 : -0.2 -1.0 : -14.656004362715
4 7 : -0.2 -0.6 : -14.699473060771
4 7 : -0.2 -0.2 : -14.719489010723
4 7 : -0.2 0.2 : -14.719488646579
4 7 : -0.2 0.6 : -14.699471843911
4 7 : -0.2 1.0 : -14.656001834906
4 7 : 0.2 -1.0 : -14.656004239587
4 7 : 0.2 -0.6 : -14.699472988181
4 7 : 0.2 -0.2 : -14.719488984382
4 7 : 0.2 0.2 : -14.719488672941
4 7 : 0.2 0.6 : -14.699471916578
4 7 : 0.2 1.0 : -14.656001958226
4 7 : 0.6 -1.0 : -14.635823256916
4 7 : 0.6 -0.6 : -14.680250167418
4 7 : 0.6 -0.2 : -14.701820619199
4 7 : 0.6 0.2 : -14.701820206863
4 7 : 0.6 0.6 : -14.68024875367
4 7 : 0.6 1.0 : -14.635820371674
4 7 : 1.0 -1.0 : -14.596040747215
4 7 : 1.0 -0.6 : -14.639048191428
4 7 : 1.0 -0.2 : -14.660873537599
4 7 : 1.0 0.2 : -14.660872889294
4 7 : 1.0 0.6 : -14.639046080243
4 7 : 1.0 1.0 : -14.596036754504
4 8 : -1.0 -1.0 : -14.605094143586
4 8 : -1.0 -0.6 : -14.642377697886
4 8 : -1.0 -0.2 : -14.66157268582
4 8 : -1.0 0.2 : -14.660326256924
4 8 : -1.0 0.6 : -14.637366057307
4 8 : -1.0 1.0 : -14.593038388118
4 8 : -0.6 -1.0 : -14.643757126109
4 8 : -0.6 -0.6 : -14.682587173407
4 8 : -0.6 -0.2 : -14.702197976037
4 8 : -0.6 0.2 : -14.701460280469
4 8 : -0.6 0.6 : -14.67843263014
4 8 : -0.6 1.0 : -14.631084259939
4 8 : -0.2 -1.0 : -14.662781177461
4 8 : -0.2 -0.6 : -14.700859334409
4 8 : -0.2 -0.2 : -14.719548316813
4 8 : -0.2 0.2 : -14.719356339627
4 8 : -0.2 0.6 : -14.697896153738
4 8 : -0.2 1.0 : -14.650785828709
4 8 : 0.2 -1.0 : -14.662781177501
4 8 : 0.2 -0.6 : -14.700859334433
4 8 : 0.2 -0.2 : -14.719548316479
4 8 : 0.2 0.2 : -14.719356339632
4 8 : 0.2 0.6 : -14.697896153741
4 8 : 0.2 1.0 : -14.650785828708
4 8 : 0.6 -1.0 : -14.643757126246
4 8 : 0.6 -0.6 : -14.682587173518
4 8 : 0.6 -0.2 : -14.702197976121
4 8 : 0.6 0.2 : -14.701460280529
4 8 : 0.6 0.6 : -14.678432630182
4 8 : 0.6 1.0 : -14.631084259966
4 8 : 1.0 -1.0 : -14.605094143796
4 8 : 1.0 -0.6 : -14.642377698081
4 8 : 1.0 -0.2 : -14.661572685993
4 8 : 1.0 0.2 : -14.66032625707
4 8 : 1.0 0.6 : -14.63736605743
4 8 : 1.0 1.0 : -14.593038388228
4 9 : -1.0 -1.0 : -14.533581886621
4 9 : -1.0 -0.6 : -14.622828668182
4 9 : -1.0 -0.2 : -14.658938076742
4 9 : -1.0 0.2 : -14.661664830206
4 9 : -1.0 0.6 : -14.642500766212
4 9 : -1.0 1.0 : -14.607892639416
4 9 : -0.6 -1.0 : -14.576844232214
4 9 : -0.6 -0.6 : -14.66541125054
4 9 : -0.6 -0.2 : -14.700445769607
4 9 : -0.6 0.2 : -14.701789370634
4 9 : -0.6 0.6 : -14.680962714985
4 9 : -0.6 1.0 : -14.644376706828
4 9 : -0.2 -1.0 : -14.596395734354
4 9 : -0.2 -0.6 : -14.684068172875
4 9 : -0.2 -0.2 : -14.718248078247
4 9 : -0.2 0.2 : -14.718808848518
4 9 : -0.2 0.6 : -14.697247593313
4 9 : -0.2 1.0 : -14.659900549815
4 9 : 0.2 -1.0 : -14.596395734448
4 9 : 0.2 -0.6 : -14.684068172922
4 9 : 0.2 -0.2 : -14.718248078225
4 9 : 0.2 0.2 : -14.718808848519
4 9 : 0.2 0.6 : -14.697247593304
4 9 : 0.2 1.0 : -14.6599005498
4 9 : 0.6 -1.0 : -14.576844232538
4 9 : 0.6 -0.6 : -14.66541125074
4 9 : 0.6 -0.2 : -14.700445769703
4 9 : 0.6 0.2 : -14.701789370686
4 9 : 0.6 0.6 : -14.68096271501
4 9 : 0.6 1.0 : -14.644376706833
4 9 : 1.0 -1.0 : -14.533581887192
4 9 : 1.0 -0.6 : -14.62282866821
4 9 : 1.0 -0.2 : -14.658938076941
4 9 : 1.0 0.2 : -14.661664830336
4 9 : 1.0 0.6 : -14.642500766305
4 9 : 1.0 1.0 : -14.607892639488
4 10 : -1.0 -1.0 : -14.640514404075
4 10 : -1.0 -0.6 : -14.674101883692
4 10 : -1.0 -0.2 : -14.672456907041
4 10 : -1.0 0.2 : -14.651372066817
4 10 : -1.0 0.6 : -14.620969149869
4 10 : -1.0 1.0 : -14.586765707661
4 10 : -0.6 -1.0 : -14.544847055892
4 10 : -0.6 -0.6 : -14.67391029848
4 10 : -0.6 -0.2 : -14.70687322514
4 10 : -0.6 0.2 : -14.694790150109
4 10 : -0.6 0.6 : -14.66301474383
4 10 : -0.6 1.0 : -14.624141611109
4 10 : -0.2 -1.0 : -14.391026809738
4 10 : -0.2 -0.6 : -14.642256527529
4 10 : -0.2 -0.2 : -14.716312139295
4 10 : -0.2 0.2 : -14.716063355962
4 10 : -0.2 0.6 : -14.685734270086
4 10 : -0.2 1.0 : -14.644705677704
4 10 : 0.2 -1.0 : -14.391026809343
4 10 : 0.2 -0.6 : -14.642256527404
4 10 : 0.2 -0.2 : -14.716312139277
4 10 : 0.2 0.2 : -14.716063355985
4 10 : 0.2 0.6 : -14.685734270121
4 10 : 0.2 1.0 : -14.644705677742
4 10 : 0.6 -1.0 : -14.544847055717
4 10 : 0.6 -0.6 : -14.673910298428
4 10 : 0.6 -0.2 : -14.706873225183
4 10 : 0.6 0.2 : -14.694790150199
4 10 : 0.6 0.6 : -14.663014743938
4 10 : 0.6 1.0 : -14.62414161122
4 10 : 1.0 -1.0 : -14.640514404417
4 10 : 1.0 -0.6 : -14.674101883877
4 10 : 1.0 -0.2 : -14.672456907199
4 10 : 1.0 0.2 : -14.651372066978
4 10 : 1.0 0.6 : -14.620969150034
4 10 : 1.0 1.0 : -14.586765707904
4 11 : -1.0 -1.0 : -14.614365630439
4 11 : -1.0 -0.6 : -14.647787459802
4 11 : -1.0 -0.2 : -14.661941136354
4 11 : -1.0 0.2 : -14.661944794079
4 11 : -1.0 0.6 : -14.647802403931
4 11 : -1.0 1.0 : -14.614406737112
4 11 : -0.6 -1.0 : -14.584774961795
4 11 : -0.6 -0.6 : -14.66852597267
4 11 : -0.6 -0.2 : -14.700835334127
4 11 : -0.6 0.2 : -14.700839991885
4 11 : -0.6 0.6 : -14.668543353239
4 11 : -0.6 1.0 : -14.584818719724
4 11 : -0.2 -1.0 : -14.517795128925
4 11 : -0.2 -0.6 : -14.663890262365
4 11 : -0.2 -0.2 : -14.716171916247
4 11 : -0.2 0.2 : -14.716172727445
4 11 : -0.2 0.6 : -14.663889269503
4 11 : -0.2 1.0 : -14.517777730078
4 11 : 0.2 -1.0 : -14.517795567505
4 11 : 0.2 -0.6 : -14.663890403647
4 11 : 0.2 -0.2 : -14.716171948763
4 11 : 0.2 0.2 : -14.716172694932
4 11 : 0.2 0.6 : -14.663889128116
4 11 : 0.2 1.0 : -14.517777291058
4 11 : 0.6 -1.0 : -14.584775662161
4 11 : 0.6 -0.6 : -14.668526219323
4 11 : 0.6 -0.2 : -14.700835393804
4 11 : 0.6 0.2 : -14.700839932337
4 11 : 0.6 0.6 : -14.6685431066
4 11 : 0.6 1.0 : -14.584818019099
4 11 : 1.0 -1.0 : -14.614366030012
4 11 : 1.0 -0.6 : -14.647787617784
4 11 : 1.0 -0.2 : -14.661941177584
4 11 : 1.0 0.2 : -14.661944753165
4 11 : 1.0 0.6 : -14.647802246254
4 11 : 1.0 1.0 : -14.614406337872
5 6 : -1.0 -1.0 : -14.503271921229
5 6 : -1.0 -0.6 : -14.600881873058
5 6 : -1.0 -0.2 : -14.646438832317
5 6 : -1.0 0.2 : -14.646432750255
5 6 : -1.0 0.6 : -14.600867583668
5 6 : -1.0 1.0 : -14.503262186791
5 6 : -0.6 -1.0 : -14.597430262942
5 6 : -0.6 -0.6 : -14.665519223843
5 6 : -0.6 -0.2 : -14.697154910113
5 6 : -0.6 0.2 : -14.697153460569
5 6 : -0.6 0.6 : -14.665518428928
5 6 : -0.6 1.0 : -14.59744160013
5 6 : -0.2 -1.0 : -14.649906988459
5 6 : -0.2 -0.6 : -14.697031650364
5 6 : -0.2 -0.2 : -14.718840420859
5 6 : -0.2 0.2 : -14.718840622329
5 6 : -0.2 0.6 : -14.697035244446
5 6 : -0.2 1.0 : -14.649923642117
5 6 : 0.2 -1.0 : -14.672310810651
5 6 : 0.2 -0.6 : -14.704878069805
5 6 : 0.2 -0.2 : -14.719897920444
5 6 : 0.2 0.2 : -14.719898131615
5 6 : 0.2 0.6 : -14.704881096592
5 6 : 0.2 1.0 : -14.672324411776
5 6 : 0.6 -1.0 : -14.673025413881
5 6 : 0.6 -0.6 : -14.695677894023
5 6 : 0.6 -0.2 : -14.706112517527
5 6 : 0.6 0.2 : -14.706111922448
5 6 : 0.6 0.6 : -14.695677952405
5 6 : 0.6 1.0 : -14.673032134937
5 6 : 1.0 -1.0 : -14.657984111564
5 6 : 1.0 -0.6 : -14.674002978991
5 6 : 1.0 -0.2 : -14.68140923781
5 6 : 1.0 0.2 : -14.681407506895
5 6 : 1.0 0.6 : -14.673999161252
5 6 : 1.0 1.0 : -14.657982731936
5 7 : -1.0 -1.0 : -14.539304567266
5 7 : -1.0 -0.6 : -14.612017795387
5 7 : -1.0 -0.2 : -14.647589033882
5 7 : -1.0 0.2 : -14.647591911218
5 7 : -1.0 0.6 : -14.61202691924
5 7 : -1.0 1.0 : -14.539323799053
5 7 : -0.6 -1.0 : -14.61200950055
5 7 : -0.6 -0.6 : -14.670045381666
5 7 : -0.6 -0.2 : -14.697652116654
5 7 : -0.6 0.2 : -14.697652623466
5 7 : -0.6 0.6 : -14.67004661153
5 7 : -0.6 1.0 : -14.612012418727
5 7 : -0.2 -1.0 : -14.649676025521
5 7 : -0.2 -0.6 : -14.697036839749
5 7 : -0.2 -0.2 : -14.718891454274
5 7 : -0.2 0.2 : -14.718891191569
5 7 : -0.2 0.6 : -14.697035753067
5 7 : -0.2 1.0 : -14.649673873303
5 7 : 0.2 -1.0 : -14.661892958136
5 7 : 0.2 -0.6 : -14.701617862036
5 7 : 0.2 -0.2 : -14.719608065292
5 7 : 0.2 0.2 : -14.719607813901
5 7 : 0.2 0.6 : -14.701617228962
5 7 : 0.2 1.0 : -14.661891473038
5 7 : 0.6 -1.0 : -14.655438542742
5 7 : 0.6 -0.6 : -14.689817601578
5 7 : 0.6 -0.2 : -14.705520761968
5 7 : 0.6 0.2 : -14.705520901261
5 7 : 0.6 0.6 : -14.68981865722
5 7 : 0.6 1.0 : -14.655440247641
5 7 : 1.0 -1.0 : -14.635139939674
5 7 : 1.0 -0.6 : -14.665873873653
5 7 : 1.0 -0.2 : -14.680524593577
5 7 : 1.0 0.2 : -14.68052533983
5 7 : 1.0 0.6 : -14.665877079138
5 7 : 1.0 1.0 : -14.635145571957
5 8 : -1.0 -1.0 : -14.575542125288
5 8 : -1.0 -0.6 : -14.621476833127
5 8 : -1.0 -0.2 : -14.647675076724
5 8 : -1.0 0.2 : -14.650126070409
5 8 : -1.0 0.6 : -14.62665701048
5 8 : -1.0 1.0 : -14.572531476339
5 8 : -0.6 -1.0 : -14.631458775043
5 8 : -0.6 -0.6 : -14.675018939244
5 8 : -0.6 -0.2 : -14.697822899239
5 8 : -0.6 0.2 : -14.698636916155
5 8 : -0.6 0.6 : -14.675947316902
5 8 : -0.6 1.0 : -14.624987298569
5 8 : -0.2 -1.0 : -14.659400679552
5 8 : -0.2 -0.6 : -14.699270633045
5 8 : -0.2 -0.2 : -14.719000693252
5 8 : -0.2 0.2 : -14.719011461838
5 8 : -0.2 0.6 : -14.697352728586
5 8 : -0.2 1.0 : -14.649189389702
5 8 : 0.2 -1.0 : -14.666171762866
5 8 : 0.2 -0.6 : -14.702026663646
5 8 : 0.2 -0.2 : -14.719479998731
5 8 : 0.2 0.2 : -14.719410638511
5 8 : 0.2 0.6 : -14.698759038609
5 8 : 0.2 1.0 : -14.652932500168
5 8 : 0.6 -1.0 : -14.656839352573
5 8 : 0.6 -0.6 : -14.688969129827
5 8 : 0.6 -0.2 : -14.705066041881
5 8 : 0.6 0.2 : -14.705351358575
5 8 : 0.6 0.6 : -14.685479752745
5 8 : 0.6 1.0 : -14.641632836682
5 8 : 1.0 -1.0 : -14.635269884851
5 8 : 1.0 -0.6 : -14.664305048634
5 8 : 1.0 -0.2 : -14.6798077406
5 8 : 1.0 0.2 : -14.680493521578
5 8 : 1.0 0.6 : -14.661053283937
5 8 : 1.0 1.0 : -14.619006262869
5 9 : -1.0 -1.0 : -14.517324415272
5 9 : -1.0 -0.6 : -14.621742469866
5 9 : -1.0 -0.2 : -14.654514448421
5 9 : -1.0 0.2 : -14.639466383196
5 9 : -1.0 0.6 : -14.589136638866
5 9 : -1.0 1.0 : -14.509163993996
5 9 : -0.6 -1.0 : -14.557340466673
5 9 : -0.6 -0.6 : -14.66096714995
5 9 : -0.6 -0.2 : -14.698872889132
5 9 : -0.6 0.2 : -14.694572153773
5 9 : -0.6 0.6 : -14.661044833293
5 9 : -0.6 1.0 : -14.604860905989
5 9 : -0.2 -1.0 : -14.5868768456
5 9 : -0.2 -0.6 : -14.68130695648
5 9 : -0.2 -0.2 : -14.717835738144
5 9 : -0.2 0.2 : -14.717869712859
5 9 : -0.2 0.6 : -14.693610685884
5 9 : -0.2 1.0 : -14.651622953975
5 9 : 0.2 -1.0 : -14.608381266062
5 9 : 0.2 -0.6 : -14.687940361182
5 9 : 0.2 -0.2 : -14.718665216232
5 9 : 0.2 0.2 : -14.718699439878
5 9 : 0.2 0.6 : -14.698680088241
5 9 : 0.2 1.0 : -14.66457956064
5 9 : 0.6 -1.0 : -14.622197472061
5 9 : 0.6 -0.6 : -14.683938072012
5 9 : 0.6 -0.2 : -14.706252090552
5 9 : 0.6 0.2 : -14.703539057011
5 9 : 0.6 0.6 : -14.684494257118
5 9 : 0.6 1.0 : -14.654196076584
5 9 : 1.0 -1.0 : -14.627729952138
5 9 : 1.0 -0.6 : -14.671053121963
5 9 : 1.0 -0.2 : -14.683834917305
5 9 : 1.0 0.2 : -14.676820422453
5 9 : 1.0 0.6 : -14.656726691359
5 9 : 1.0 1.0 : -14.627654011597
5 10 : -1.0 -1.0 : -14.336341572764
5 10 : -1.0 -0.6 : -14.571696545423
5 10 : -1.0 -0.2 : -14.644757223913
5 10 : -1.0 0.2 : -14.648481495964
5 10 : -1.0 0.6 : -14.623503668378
5 10 : -1.0 1.0 : -14.588145599624
5 10 : -0.6 -1.0 : -14.36065160853
5 10 : -0.6 -0.6 : -14.617154814401
5 10 : -0.6 -0.2 : -14.694224759112
5 10 : -0.6 0.2 : -14.696328146936
5 10 : -0.6 0.6 : -14.668076049833
5 10 : -0.6 1.0 : -14.629067164188
5 10 : -0.2 -1.0 : -14.363665870328
5 10 : -0.2 -0.6 : -14.634212206815
5 10 : -0.2 -0.2 : -14.714618032677
5 10 : -0.2 0.2 : -14.716431326999
5 10 : -0.2 0.6 : -14.6867300125
5 10 : -0.2 1.0 : -14.645879907829
5 10 : 0.2 -1.0 : -14.359634184591
5 10 : 0.2 -0.6 : -14.633437381566
5 10 : 0.2 -0.2 : -14.714783718629
5 10 : 0.2 0.2 : -14.716590620272
5 10 : 0.2 0.6 : -14.686518298822
5 10 : 0.2 1.0 : -14.645082797804
5 10 : 0.6 -1.0 : -14.357044528642
5 10 : 0.6 -0.6 : -14.621785741019
5 10 : 0.6 -0.2 : -14.700755740655
5 10 : 0.6 0.2 : -14.702184010412
5 10 : 0.6 0.6 : -14.672305527665
5 10 : 0.6 1.0 : -14.631147959083
5 10 : 1.0 -1.0 : -14.359261802751
5 10 : 1.0 -0.6 : -14.603425933578
5 10 : 1.0 -0.2 : -14.676545552409
5 10 : 1.0 0.2 : -14.676882085024
5 10 : 1.0 0.6 : -14.647431395736
5 10 : 1.0 1.0 : -14.607133049661
5 11 : -1.0 -1.0 : -14.462010334224
5 11 : -1.0 -0.6 : -14.597266096514
5 11 : -1.0 -0.2 : -14.646571494349
5 11 : -1.0 0.2 : -14.646570817436
5 11 : -1.0 0.6 : -14.597260722334
5 11 : -1.0 1.0 : -14.461986150041
5 11 : -0.6 -1.0 : -14.494688826244
5 11 : -0.6 -0.6 : -14.642356109942
5 11 : -0.6 -0.2 : -14.695238957827
5 11 : -0.6 0.2 : -14.695238744592
5 11 : -0.6 0.6 : -14.642351106509
5 11 : -0.6 1.0 : -14.49466025734
5 11 : -0.2 -1.0 : -14.504662088483
5 11 : -0.2 -0.6 : -14.660303045899
5 11 : -0.2 -0.2 : -14.715500155641
5 11 : -0.2 0.2 : -14.715499999543
5 11 : -0.2 0.6 : -14.660297556994
5 11 : -0.2 1.0 : -14.504629485929
5 11 : 0.2 -1.0 : -14.502198926882
5 11 : 0.2 -0.6 : -14.659875523936
5 11 : 0.2 -0.2 : -14.715673337498
5 11 : 0.2 0.2 : -14.715673185239
5 11 : 0.2 0.6 : -14.659869900997
5 11 : 0.2 1.0 : -14.50216546471
5 11 : 0.6 -1.0 : -14.493795493414
5 11 : 0.6 -0.6 : -14.646978062617
5 11 : 0.6 -0.2 : -14.701463419181
5 11 : 0.6 0.2 : -14.701463398144
5 11 : 0.6 0.6 : -14.646973246699
5 11 : 0.6 1.0 : -14.493765558741
5 11 : 1.0 -1.0 : -14.48272755995
5 11 : 1.0 -0.6 : -14.62537498286
5 11 : 1.0 -0.2 : -14.676712060861
5 11 : 1.0 0.2 : -14.676712353806
5 11 : 1.0 0.6 : -14.625371990731
5 11 : 1.0 1.0 : -14.482705144669
6 7 : -1.0 -1.0 : -14.591868540906
6 7 : -1.0 -0.6 : -14.638495645234
6 7 : -1.0 -0.2 : -14.662199068231
6 7 : -1.0 0.2 : -14.659921976535
6 7 : -1.0 0.6 : -14.632299463607
6 7 : -1.0 1.0 : -14.576724448266
6 7 : -0.6 -1.0 : -14.63268701644
6 7 : -0.6 -0.6 : -14.678577697915
6 7 : -0.6 -0.2 : -14.700947150685
6 7 : -0.6 0.2 : -14.70061058079
6 7 : -0.6 0.6 : -14.679112602006
6 7 : -0.6 1.0 : -14.633014450999
6 7 : -0.2 -1.0 : -14.654905941388
6 7 : -0.2 -0.6 : -14.698809393462
6 7 : -0.2 -0.2 : -14.719160387366
6 7 : -0.2 0.2 : -14.719187864346
6 7 : -0.2 0.6 : -14.699620981416
6 7 : -0.2 1.0 : -14.656482445673
6 7 : 0.2 -1.0 : -14.656486784214
6 7 : 0.2 -0.6 : -14.699623090162
6 7 : 0.2 -0.2 : -14.719188663409
6 7 : 0.2 0.2 : -14.71916037767
6 7 : 0.2 0.6 : -14.698808811521
6 7 : 0.2 1.0 : -14.654904752351
6 7 : 0.6 -1.0 : -14.633029299491
6 7 : 0.6 -0.6 : -14.679121395754
6 7 : 0.6 -0.2 : -14.700615609792
6 7 : 0.6 0.2 : -14.700949907749
6 7 : 0.6 0.6 : -14.678579221445
6 7 : 0.6 1.0 : -14.632688022479
6 7 : 1.0 -1.0 : -14.576766614995
6 7 : 1.0 -0.6 : -14.632327797991
6 7 : 1.0 -0.2 : -14.659941143742
6 7 : 1.0 0.2 : -14.662212227901
6 7 : 1.0 0.6 : -14.63850504848
6 7 : 1.0 1.0 : -14.591875813759
6 8 : -1.0 -1.0 : -14.608618831749
6 8 : -1.0 -0.6 : -14.643712615127
6 8 : -1.0 -0.2 : -14.66230072831
6 8 : -1.0 0.2 : -14.660788485264
6 8 : -1.0 0.6 : -14.636134593271
6 8 : -1.0 1.0 : -14.586940058003
6 8 : -0.6 -1.0 : -14.645280201415
6 8 : -0.6 -0.6 : -14.682350012098
6 8 : -0.6 -0.2 : -14.701152745518
6 8 : -0.6 0.2 : -14.700681443125
6 8 : -0.6 0.6 : -14.678251716886
6 8 : -0.6 1.0 : -14.630527786462
6 8 : -0.2 -1.0 : -14.66290889577
6 8 : -0.2 -0.6 : -14.700690301217
6 8 : -0.2 -0.2 : -14.71921984403
6 8 : -0.2 0.2 : -14.719081750859
6 8 : -0.2 0.6 : -14.697797947589
6 8 : -0.2 1.0 : -14.650771136771
6 8 : 0.2 -1.0 : -14.662911102785
6 8 : 0.2 -0.6 : -14.700691454725
6 8 : 0.2 -0.2 : -14.719220268159
6 8 : 0.2 0.2 : -14.719082142278
6 8 : 0.2 0.6 : -14.697798539063
6 8 : 0.2 1.0 : -14.65077254555
6 8 : 0.6 -1.0 : -14.645288418392
6 8 : 0.6 -0.6 : -14.682355763339
6 8 : 0.6 -0.2 : -14.701156683445
6 8 : 0.6 0.2 : -14.700685305942
6 8 : 0.6 0.6 : -14.67825638145
6 8 : 0.6 1.0 : -14.630535320295
6 8 : 1.0 -1.0 : -14.608638244052
6 8 : 1.0 -0.6 : -14.643730246476
6 8 : 1.0 -0.2 : -14.662316688235
6 8 : 1.0 0.2 : -14.660804653373
6 8 : 1.0 0.6 : -14.636152881923
6 8 : 1.0 1.0 : -14.586964509499
6 9 : -1.0 -1.0 : -14.553214481465
6 9 : -1.0 -0.6 : -14.637031528135
6 9 : -1.0 -0.2 : -14.664885098361
6 9 : -1.0 0.2 : -14.656236760188
6 9 : -1.0 0.6 : -14.622211364456
6 9 : -1.0 1.0 : -14.568802392858
6 9 : -0.6 -1.0 : -14.582832463213
6 9 : -0.6 -0.6 : -14.669229061981
6 9 : -0.6 -0.2 : -14.701267837835
6 9 : -0.6 0.2 : -14.698686836772
6 9 : -0.6 0.6 : -14.672861178703
6 9 : -0.6 1.0 : -14.630012627434
6 9 : -0.2 -1.0 : -14.596858195449
6 9 : -0.2 -0.6 : -14.684273119374
6 9 : -0.2 -0.2 : -14.718119942611
6 9 : -0.2 0.2 : -14.71826034247
6 9 : -0.2 0.6 : -14.696173473043
6 9 : -0.2 1.0 : -14.658171594333
6 9 : 0.2 -1.0 : -14.596861958661
6 9 : 0.2 -0.6 : -14.684274505585
6 9 : 0.2 -0.2 : -14.718120388315
6 9 : 0.2 0.2 : -14.718260796661
6 9 : 0.2 0.6 : -14.696174656109
6 9 : 0.2 1.0 : -14.658174151659
6 9 : 0.6 -1.0 : -14.582845645876
6 9 : 0.6 -0.6 : -14.669235373516
6 9 : 0.6 -0.2 : -14.701271656716
6 9 : 0.6 0.2 : -14.698691134594
6 9 : 0.6 0.6 : -14.672868297921
6 9 : 0.6 1.0 : -14.630024738389
6 9 : 1.0 -1.0 : -14.553242950503
6 9 : 1.0 -0.6 : -14.637049556964
6 9 : 1.0 -0.2 : -14.664900259558
6 9 : 1.0 0.2 : -14.656254468367
6 9 : 1.0 0.6 : -14.622236174117
6 9 : 1.0 1.0 : -14.568838749608
6 10 : -1.0 -1.0 : -14.381526199516
6 10 : -1.0 -0.6 : -14.595369457579
6 10 : -1.0 -0.2 : -14.65970501875
6 10 : -1.0 0.2 : -14.658619509444
6 10 : -1.0 0.6 : -14.629985824798
6 10 : -1.0 1.0 : -14.591156762967
6 10 : -0.6 -1.0 : -14.373241302494
6 10 : -0.6 -0.6 : -14.623030171575
6 10 : -0.6 -0.2 : -14.697500738205
6 10 : -0.6 0.2 : -14.698054881253
6 10 : -0.6 0.6 : -14.66847250846
6 10 : -0.6 1.0 : -14.628042052421
6 10 : -0.2 -1.0 : -14.363390026531
6 10 : -0.2 -0.6 : -14.634264889974
6 10 : -0.2 -0.2 : -14.71472143251
6 10 : -0.2 0.2 : -14.716391026612
6 10 : -0.2 0.6 : -14.686446094775
6 10 : -0.2 1.0 : -14.645265196343
6 10 : 0.2 -1.0 : -14.363389958111
6 10 : 0.2 -0.6 : -14.634265145422
6 10 : 0.2 -0.2 : -14.714721779818
6 10 : 0.2 0.2 : -14.716391367166
6 10 : 0.2 0.6 : -14.686446401611
6 10 : 0.2 1.0 : -14.645265459394
6 10 : 0.6 -1.0 : -14.373244879613
6 10 : 0.6 -0.6 : -14.623034117316
6 10 : 0.6 -0.2 : -14.697504598484
6 10 : 0.6 0.2 : -14.698058485434
6 10 : 0.6 0.6 : -14.668475847161
6 10 : 0.6 1.0 : -14.628045151475
6 10 : 1.0 -1.0 : -14.381545131032
6 10 : 1.0 -0.6 : -14.595387241678
6 10 : 1.0 -0.2 : -14.659721489238
6 10 : 1.0 0.2 : -14.65863475506
6 10 : 1.0 0.6 : -14.630000072839
6 10 : 1.0 1.0 : -14.59117023212
6 11 : -1.0 -1.0 : -14.485095841838
6 11 : -1.0 -0.6 : -14.611207644945
6 11 : -1.0 -0.2 : -14.658609957182
6 11 : -1.0 0.2 : -14.659657249311
6 11 : -1.0 0.6 : -14.613695242611
6 11 : -1.0 1.0 : -14.486714869599
6 11 : -0.6 -1.0 : -14.501278245376
6 11 : -0.6 -0.6 : -14.64552185104
6 11 : -0.6 -0.2 : -14.697651746824
6 11 : -0.6 0.2 : -14.697858088751
6 11 : -0.6 0.6 : -14.64563583867
6 11 : -0.6 1.0 : -14.4994743308
6 11 : -0.2 -1.0 : -14.504732421286
6 11 : -0.2 -0.6 : -14.660318001987
6 11 : -0.2 -0.2 : -14.715538121302
6 11 : -0.2 0.2 : -14.715535678305
6 11 : -0.2 0.6 : -14.660115928866
6 11 : -0.2 1.0 : -14.503616840904
6 11 : 0.2 -1.0 : -14.503650960255
6 11 : 0.2 -0.6 : -14.660122019261
6 11 : 0.2 -0.2 : -14.715536213922
6 11 : 0.2 0.2 : -14.715538281108
6 11 : 0.2 0.6 : -14.660312555476
6 11 : 0.2 1.0 : -14.504698765255
6 11 : 0.6 -1.0 : -14.499514041078
6 11 : 0.6 -0.6 : -14.645646098224
6 11 : 0.6 -0.2 : -14.697862177082
6 11 : 0.6 0.2 : -14.697655139643
6 11 : 0.6 0.6 : -14.645519060391
6 11 : 0.6 1.0 : -14.501245826013
6 11 : 1.0 -1.0 : -14.486769130872
6 11 : 1.0 -0.6 : -14.613718425121
6 11 : 1.0 -0.2 : -14.659673546321
6 11 : 1.0 0.2 : -14.658625382543
6 11 : 1.0 0.6 : -14.611216594683
6 11 : 1.0 1.0 : -14.485074392615
7 8 : -1.0 -1.0 : -14.605706695468
7 8 : -1.0 -0.6 : -14.638696124795
7 8 : -1.0 -0.2 : -14.656981909496
7 8 : -1.0 0.2 : -14.654299659463
7 8 : -1.0 0.6 : -14.629392083877
7 8 : -1.0 1.0 : -14.586138484828
7 8 : -0.6 -1.0 : -14.64188914874
7 8 : -0.6 -0.6 : -14.679138068008
7 8 : -0.6 -0.2 : -14.699389798033
7 8 : -0.6 0.2 : -14.698266899386
7 8 : -0.6 0.6 : -14.673935369873
7 8 : -0.6 1.0 : -14.627526851714
7 8 : -0.2 -1.0 : -14.662377139635
7 8 : -0.2 -0.6 : -14.700239832893
7 8 : -0.2 -0.2 : -14.719069507783
7 8 : -0.2 0.2 : -14.718843017216
7 8 : -0.2 0.6 : -14.697195272348
7 8 : -0.2 1.0 : -14.650265245695
7 8 : 0.2 -1.0 : -14.662377167253
7 8 : 0.2 -0.6 : -14.700239763551
7 8 : 0.2 -0.2 : -14.71906918103
7 8 : 0.2 0.2 : -14.718842695486
7 8 : 0.2 0.6 : -14.697194720043
7 8 : 0.2 1.0 : -14.650264854337
7 8 : 0.6 -1.0 : -14.641888672403
7 8 : 0.6 -0.6 : -14.679136926737
7 8 : 0.6 -0.2 : -14.699388412061
7 8 : 0.6 0.2 : -14.698266087343
7 8 : 0.6 0.6 : -14.67393425376
7 8 : 0.6 1.0 : -14.627525451914
7 8 : 1.0 -1.0 : -14.60570546805
7 8 : 1.0 -0.6 : -14.638693900265
7 8 : 1.0 -0.2 : -14.656979467293
7 8 : 1.0 0.2 : -14.654297464738
7 8 : 1.0 0.6 : -14.629389350761
7 8 : 1.0 1.0 : -14.586134542831
7 9 : -1.0 -1.0 : -14.539528998631
7 9 : -1.0 -0.6 : -14.625907917803
7 9 : -1.0 -0.2 : -14.657009622915
7 9 : -1.0 0.2 : -14.65295349726
7 9 : -1.0 0.6 : -14.625582542103
7 9 : -1.0 1.0 : -14.581687714591
7 9 : -0.6 -1.0 : -14.577878334178
7 9 : -0.6 -0.6 : -14.665613600425
7 9 : -0.6 -0.2 : -14.698884843132
7 9 : -0.6 0.2 : -14.697649142688
7 9 : -0.6 0.6 : -14.673584791591
7 9 : -0.6 1.0 : -14.633292460964
7 9 : -0.2 -1.0 : -14.596327866847
7 9 : -0.2 -0.6 : -14.683932212102
7 9 : -0.2 -0.2 : -14.717927441878
7 9 : -0.2 0.2 : -14.718197020108
7 9 : -0.2 0.6 : -14.696258513365
7 9 : -0.2 1.0 : -14.65847619527
7 9 : 0.2 -1.0 : -14.596328032722
7 9 : 0.2 -0.6 : -14.683932006776
7 9 : 0.2 -0.2 : -14.717927120867
7 9 : 0.2 0.2 : -14.718196720648
7 9 : 0.2 0.6 : -14.696258297699
7 9 : 0.2 1.0 : -14.658476072944
7 9 : 0.6 -1.0 : -14.577877721006
7 9 : 0.6 -0.6 : -14.665612244422
7 9 : 0.6 -0.2 : -14.698883558388
7 9 : 0.6 0.2 : -14.697648305125
7 9 : 0.6 0.6 : -14.673584480289
7 9 : 0.6 1.0 : -14.633292550353
7 9 : 1.0 -1.0 : -14.539526890556
7 9 : 1.0 -0.6 : -14.62590486759
7 9 : 1.0 -0.2 : -14.657006920021
7 9 : 1.0 0.2 : -14.652951674551
7 9 : 1.0 0.6 : -14.625581620397
7 9 : 1.0 1.0 : -14.581687359724
7 10 : -1.0 -1.0 : -14.561687940278
7 10 : -1.0 -0.6 : -14.643861219038
7 10 : -1.0 -0.2 : -14.662653713746
7 10 : -1.0 0.2 : -14.648771143092
7 10 : -1.0 0.6 : -14.619358390116
7 10 : -1.0 1.0 : -14.583778362193
7 10 : -0.6 -1.0 : -14.478517217081
7 10 : -0.6 -0.6 : -14.651467702135
7 10 : -0.6 -0.2 : -14.700616838195
7 10 : -0.6 0.2 : -14.693944989991
7 10 : -0.6 0.6 : -14.663381062554
7 10 : -0.6 1.0 : -14.624077206883
7 10 : -0.2 -1.0 : -14.378716799809
7 10 : -0.2 -0.6 : -14.638380853595
7 10 : -0.2 -0.2 : -14.715272441815
7 10 : -0.2 0.2 : -14.715927405606
7 10 : -0.2 0.6 : -14.685817588303
7 10 : -0.2 1.0 : -14.644754230248
7 10 : 0.2 -1.0 : -14.378717027233
7 10 : 0.2 -0.6 : -14.638380626512
7 10 : 0.2 -0.2 : -14.715272126571
7 10 : 0.2 0.2 : -14.715927085304
7 10 : 0.2 0.6 : -14.685817279777
7 10 : 0.2 1.0 : -14.644753932969
7 10 : 0.6 -1.0 : -14.478518101307
7 10 : 0.6 -0.6 : -14.651467022516
7 10 : 0.6 -0.2 : -14.700615791605
7 10 : 0.6 0.2 : -14.69394389949
7 10 : 0.6 0.6 : -14.66338000747
7 10 : 0.6 1.0 : -14.624076192272
7 10 : 1.0 -1.0 : -14.561688157419
7 10 : 1.0 -0.6 : -14.643859487351
7 10 : 1.0 -0.2 : -14.662651471177
7 10 : 1.0 0.2 : -14.648768857918
7 10 : 1.0 0.6 : -14.619356189508
7 10 : 1.0 1.0 : -14.583776265892
7 11 : -1.0 -1.0 : -14.571863406788
7 11 : -1.0 -0.6 : -14.631637484437
7 11 : -1.0 -0.2 : -14.655842651006
7 11 : -1.0 0.2 : -14.655517874226
7 11 : -1.0 0.6 : -14.631048181803
7 11 : -1.0 1.0 : -14.572368671463
7 11 : -0.6 -1.0 : -14.549721422011
7 11 : -0.6 -0.6 : -14.657115773119
7 11 : -0.6 -0.2 : -14.697303652529
7 11 : -0.6 0.2 : -14.697203189594
7 11 : -0.6 0.6 : -14.657293778253
7 11 : -0.6 1.0 : -14.551990609717
7 11 : -0.2 -1.0 : -14.510818921712
7 11 : -0.2 -0.6 : -14.661825406811
7 11 : -0.2 -0.2 : -14.715576994855
7 11 : -0.2 0.2 : -14.715582767732
7 11 : -0.2 0.6 : -14.662081430617
7 11 : -0.2 1.0 : -14.512292087606
7 11 : 0.2 -1.0 : -14.512319667096
7 11 : 0.2 -0.6 : -14.662085352128
7 11 : 0.2 -0.2 : -14.715582358867
7 11 : 0.2 0.2 : -14.715576753036
7 11 : 0.2 0.6 : -14.661820748828
7 11 : 0.2 1.0 : -14.510790202068
7 11 : 0.6 -1.0 : -14.551989768112
7 11 : 0.6 -0.6 : -14.657289971725
7 11 : 0.6 -0.2 : -14.697200808511
7 11 : 0.6 0.2 : -14.697303859749
7 11 : 0.6 0.6 : -14.657117370149
7 11 : 0.6 1.0 : -14.549719770838
7 11 : 1.0 -1.0 : -14.572353404837
7 11 : 1.0 -0.6 : -14.63104073246
7 11 : 1.0 -0.2 : -14.655514169178
7 11 : 1.0 0.2 : -14.655841786528
7 11 : 1.0 0.6 : -14.631640485476
7 11 : 1.0 1.0 : -14.571874497924
8 9 : -1.0 -1.0 : -14.576116669796
8 9 : -1.0 -0.6 : -14.635863204841
8 9 : -1.0 -0.2 : -14.661218924384
8 9 : -1.0 0.2 : -14.664541586819
8 9 : -1.0 0.6 : -14.653215809504
8 9 : -1.0 1.0 : -14.631509603013
8 9 : -0.6 -1.0 : -14.602520928932
8 9 : -0.6 -0.6 : -14.671985914542
8 9 : -0.6 -0.2 : -14.69968916419
8 9 : -0.6 0.2 : -14.700940023182
8 9 : -0.6 0.6 : -14.684829525598
8 9 : -0.6 1.0 : -14.656537962144
8 9 : -0.2 -1.0 : -14.605767692259
8 9 : -0.2 -0.6 : -14.686630151869
8 9 : -0.2 -0.2 : -14.718114847595
8 9 : -0.2 0.2 : -14.718577979979
8 9 : -0.2 0.6 : -14.69871700251
8 9 : -0.2 1.0 : -14.664459751401
8 9 : 0.2 -1.0 : -14.585906006216
8 9 : 0.2 -0.6 : -14.680610925044
8 9 : 0.2 -0.2 : -14.717470007278
8 9 : 0.2 0.2 : -14.717919933613
8 9 : 0.2 0.6 : -14.69430453975
8 9 : 0.2 1.0 : -14.653418612136
8 9 : 0.6 -1.0 : -14.544506706331
8 9 : 0.6 -0.6 : -14.653932221109
8 9 : 0.6 -0.2 : -14.696091777638
8 9 : 0.6 0.2 : -14.6958097265
8 9 : 0.6 0.6 : -14.667411229096
8 9 : 0.6 1.0 : -14.618879841121
8 9 : 1.0 -1.0 : -14.479193909138
8 9 : 1.0 -0.6 : -14.602474349273
8 9 : 1.0 -0.2 : -14.649178813091
8 9 : 1.0 0.2 : -14.647732915368
8 9 : 1.0 0.6 : -14.614595830319
8 9 : 1.0 1.0 : -14.559003234211
8 10 : -1.0 -1.0 : -14.554221038586
8 10 : -1.0 -0.6 : -14.645799722484
8 10 : -1.0 -0.2 : -14.668290757248
8 10 : -1.0 0.2 : -14.656063886783
8 10 : -1.0 0.6 : -14.627707639764
8 10 : -1.0 1.0 : -14.593082392505
8 10 : -0.6 -1.0 : -14.466745065905
8 10 : -0.6 -0.6 : -14.648911582464
8 10 : -0.6 -0.2 : -14.701170198091
8 10 : -0.6 0.2 : -14.695622341893
8 10 : -0.6 0.6 : -14.665627932464
8 10 : -0.6 1.0 : -14.626749104741
8 10 : -0.2 -1.0 : -14.374695855886
8 10 : -0.2 -0.6 : -14.637415159651
8 10 : -0.2 -0.2 : -14.715146274102
8 10 : -0.2 0.2 : -14.715999362225
8 10 : -0.2 0.6 : -14.685935286115
8 10 : -0.2 1.0 : -14.644891637032
8 10 : 0.2 -1.0 : -14.379783121208
8 10 : 0.2 -0.6 : -14.638234963318
8 10 : 0.2 -0.2 : -14.715076778449
8 10 : 0.2 0.2 : -14.715951434537
8 10 : 0.2 0.6 : -14.686072590793
8 10 : 0.2 1.0 : -14.645204423939
8 10 : 0.6 -1.0 : -14.470683190659
8 10 : 0.6 -0.6 : -14.646118692619
8 10 : 0.6 -0.2 : -14.697897025318
8 10 : 0.6 0.2 : -14.693498760881
8 10 : 0.6 0.6 : -14.664778853256
8 10 : 0.6 1.0 : -14.626987431406
8 10 : 1.0 -1.0 : -14.535484272963
8 10 : 1.0 -0.6 : -14.627065343284
8 10 : 1.0 -0.2 : -14.653906274924
8 10 : 1.0 0.2 : -14.646676177975
8 10 : 1.0 0.6 : -14.622699338743
8 10 : 1.0 1.0 : -14.591609506837
8 11 : -1.0 -1.0 : -14.574889446567
8 11 : -1.0 -0.6 : -14.637038383159
8 11 : -1.0 -0.2 : -14.66220179093
8 11 : -1.0 0.2 : -14.662201068337
8 11 : -1.0 0.6 : -14.637031772844
8 11 : -1.0 1.0 : -14.574860600789
8 11 : -0.6 -1.0 : -14.54822054217
8 11 : -0.6 -0.6 : -14.657554670853
8 11 : -0.6 -0.2 : -14.698417439264
8 11 : -0.6 0.2 : -14.698416533234
8 11 : -0.6 0.6 : -14.657546496457
8 11 : -0.6 1.0 : -14.548183108762
8 11 : -0.2 -1.0 : -14.510467875974
8 11 : -0.2 -0.6 : -14.661733663391
8 11 : -0.2 -0.2 : -14.715571355736
8 11 : -0.2 0.2 : -14.715571060182
8 11 : -0.2 0.6 : -14.661727514849
8 11 : -0.2 1.0 : -14.510433236277
8 11 : 0.2 -1.0 : -14.511529364462
8 11 : 0.2 -0.6 : -14.661823419179
8 11 : 0.2 -0.2 : -14.71547735156
8 11 : 0.2 0.2 : -14.715477066607
8 11 : 0.2 0.6 : -14.661817310526
8 11 : 0.2 1.0 : -14.511494875762
8 11 : 0.6 -1.0 : -14.546803761401
8 11 : 0.6 -0.6 : -14.654850474778
8 11 : 0.6 -0.2 : -14.695636585275
8 11 : 0.6 0.2 : -14.6956358149
8 11 : 0.6 0.6 : -14.654842786025
8 11 : 0.6 1.0 : -14.546767567172
8 11 : 1.0 -1.0 : -14.561866300657
8 11 : 1.0 -0.6 : -14.624415682114
8 11 : 1.0 -0.2 : -14.650245769043
8 11 : 1.0 0.2 : -14.65024543254
8 11 : 1.0 0.6 : -14.624410369469
8 11 : 1.0 1.0 : -14.561840180941
9 10 : -1.0 -1.0 : -14.274786540035
9 10 : -1.0 -0.6 : -14.529713122675
9 10 : -1.0 -0.2 : -14.598103320004
9 10 : -1.0 0.2 : -14.586685053499
9 10 : -1.0 0.6 : -14.542044899086
9 10 : -1.0 1.0 : -14.484881381031
9 10 : -0.6 -1.0 : -14.326350723302
9 10 : -0.6 -0.6 : -14.601377154819
9 10 : -0.6 -0.2 : -14.680948098365
9 10 : -0.6 0.2 : -14.678765027235
9 10 : -0.6 0.6 : -14.643332905843
9 10 : -0.6 1.0 : -14.595781797776
9 10 : -0.2 -1.0 : -14.352806335398
9 10 : -0.2 -0.6 : -14.630895168576
9 10 : -0.2 -0.2 : -14.713289269662
9 10 : -0.2 0.2 : -14.714756405747
9 10 : -0.2 0.6 : -14.683717688401
9 10 : -0.2 1.0 : -14.641062915816
9 10 : 0.2 -1.0 : -14.369673192252
9 10 : 0.2 -0.6 : -14.635376120878
9 10 : 0.2 -0.2 : -14.714059219172
9 10 : 0.2 0.2 : -14.715500329183
9 10 : 0.2 0.6 : -14.68604360755
9 10 : 0.2 1.0 : -14.645688487146
9 10 : 0.6 -1.0 : -14.383231256971
9 10 : 0.6 -0.6 : -14.62402870678
9 10 : 0.6 -0.2 : -14.694096257542
9 10 : 0.6 0.2 : -14.693100752491
9 10 : 0.6 0.6 : -14.663607688471
9 10 : 0.6 1.0 : -14.624167650223
9 10 : 1.0 -1.0 : -14.393776005282
9 10 : 1.0 -0.6 : -14.6011020832
9 10 : 1.0 -0.2 : -14.659230121705
9 10 : 1.0 0.2 : -14.654292088844
9 10 : 1.0 0.6 : -14.623869715574
9 10 : 1.0 1.0 : -14.584645435629
9 11 : -1.0 -1.0 : -14.383037095502
9 11 : -1.0 -0.6 : -14.536747080277
9 11 : -1.0 -0.2 : -14.592477864917
9 11 : -1.0 0.2 : -14.592478159752
9 11 : -1.0 0.6 : -14.536742841481
9 11 : -1.0 1.0 : -14.383006752029
9 11 : -0.6 -1.0 : -14.462395655341
9 11 : -0.6 -0.6 : -14.622620799984
9 11 : -0.6 -0.2 : -14.679876658286
9 11 : -0.6 0.2 : -14.679876623131
9 11 : -0.6 0.6 : -14.622615402382
9 11 : -0.6 1.0 : -14.462362186028
9 11 : -0.2 -1.0 : -14.497176319864
9 11 : -0.2 -0.6 : -14.657263461978
9 11 : -0.2 -0.2 : -14.714012128796
9 11 : -0.2 0.2 : -14.714011974777
9 11 : -0.2 0.6 : -14.657257743299
9 11 : -0.2 1.0 : -14.49714225638
9 11 : 0.2 -1.0 : -14.507286604365
9 11 : 0.2 -0.6 : -14.660521377087
9 11 : 0.2 -0.2 : -14.71475629217
9 11 : 0.2 0.2 : -14.714756145632
9 11 : 0.2 0.6 : -14.660515913291
9 11 : 0.2 1.0 : -14.507254042468
9 11 : 0.6 -1.0 : -14.502982169707
9 11 : 0.6 -0.6 : -14.643586404416
9 11 : 0.6 -0.2 : -14.693573173132
9 11 : 0.6 0.2 : -14.693573105888
9 11 : 0.6 0.6 : -14.643581575832
9 11 : 0.6 1.0 : -14.502952696876
9 11 : 1.0 -1.0 : -14.488443585746
9 11 : 1.0 -0.6 : -14.612291048645
9 11 : 1.0 -0.2 : -14.656742149411
9 11 : 1.0 0.2 : -14.656742197026
9 11 : 1.0 0.6 : -14.61228707792
9 11 : 1.0 1.0 : -14.488418219968
10 11 : -1.0 -1.0 : -12.365578380658
10 11 : -1.0 -0.6 : -13.803472411585
10 11 : -1.0 -0.2 : -14.307099970489
10 11 : -1.0 0.2 : -14.307121380908
10 11 : -1.0 0.6 : -13.803522403098
10 11 : -1.0 1.0 : -12.365577515405
10 11 : -0.6 -1.0 : -13.812111142792
10 11 : -0.6 -0.6 : -14.402390552378
10 11 : -0.6 -0.2 : -14.61265544954
10 11 : -0.6 0.2 : -14.612659180456
10 11 : -0.6 0.6 : -14.402390489271
10 11 : -0.6 1.0 : -13.812054342681
10 11 : -0.2 -1.0 : -14.374840208568
10 11 : -0.2 -0.6 : -14.62021371931
10 11 : -0.2 -0.2 : -14.707340621211
10 11 : -0.2 0.2 : -14.707340641956
10 11 : -0.2 0.6 : -14.620206892743
10 11 : -0.2 1.0 : -14.374796148468
10 11 : 0.2 -1.0 : -14.578978603742
10 11 : 0.2 -0.6 : -14.679408817185
10 11 : 0.2 -0.2 : -14.71479241892
10 11 : 0.2 0.2 : -14.714792441973
10 11 : 0.2 0.6 : -14.6794050858
10 11 : 0.2 1.0 : -14.578954893163
10 11 : 0.6 -1.0 : -14.634041190575
10 11 : 0.6 -0.6 : -14.673669951296
10 11 : 0.6 -0.2 : -14.687185928459
10 11 : 0.6 0.2 : -14.687186596489
10 11 : 0.6 0.6 : -14.673669973129
10 11 : 0.6 1.0 : -14.63403232074
10 11 : 1.0 -1.0 : -14.628622739267
10 11 : 1.0 -0.6 : -14.642410336471
10 11 : 1.0 -0.2 : -14.646874974295
10 11 : 1.0 0.2 : -14.646876141297
10 11 : 1.0 0.6 : -14.642412908984
10 11 : 1.0 1.0 : -14.628622655252
