0.0 0.0 0.0 0.0 0.0 0.0 0.0 0.0 0.0 0.0 0.0 0.0 0.0 -9.428527357748
0 : -1.0 : -9.385613652584
0 : -0.6 : -9.419866049015
0 : -0.2 : -9.428084261452
0 : 0.2 : -9.428084261452
0 : 0.6 : -9.419866049005
0 : 1.0 : -9.385613652574
1 : -1.0 : -9.385613652672
1 : -0.6 : -9.419866049345
1 : -0.2 : -9.428084261429
1 : 0.2 : -9.428084261429
1 : 0.6 : -9.419866049331
1 : 1.0 : -9.385613652626
2 : -1.0 : -9.394283692376
2 : -0.6 : -9.419699145485
2 : -0.2 : -9.42778055072
2 : 0.2 : -9.427780553067
2 : 0.6 : -9.419699206805
2 : 1.0 : -9.394283956786
3 : -1.0 : -9.394283631234
3 : -0.6 : -9.419699131305
3 : -0.2 : -9.427780550179
3 : 0.2 : -9.427780553609
3 : 0.6 : -9.419699221004
3 : 1.0 : -9.394284018034
4 : -1.0 : -9.350090419082
4 : -0.6 : -9.407679233229
4 : -0.2 : -9.427203371648
4 : 0.2 : -9.427203371647
4 : 0.6 : -9.407679233231
4 : 1.0 : -9.350090419417
5 : -1.0 : -9.350090419661
5 : -0.6 : -9.407679233249
5 : -0.2 : -9.427203371648
5 : 0.2 : -9.427203371648
5 : 0.6 : -9.407679233263
5 : 1.0 : -9.350090419976
6 : -1.0 : -9.361036479246
6 : -0.6 : -9.409930278432
6 : -0.2 : -9.427119080086
6 : 0.2 : -9.427119084224
6 : 0.6 : -9.409930359857
6 : 1.0 : -9.361036702192
7 : -1.0 : -9.36103640987
7 : -0.6 : -9.409930253091
7 : -0.2 : -9.4271190788
7 : 0.2 : -9.427119085512
7 : 0.6 : -9.409930385222
7 : 1.0 : -9.36103677166
8 : -1.0 : -9.365063726604
8 : -0.6 : -9.408828048297
8 : -0.2 : -9.4266221299
8 : 0.2 : -9.426852846771
8 : 0.6 : -9.415178926613
8 : 1.0 : -9.395431553476
9 : -1.0 : -9.317975692685
9 : -0.6 : -9.39020133899
9 : -0.2 : -9.424349154279
9 : 0.2 : -9.424349154284
9 : 0.6 : -9.390201338989
9 : 1.0 : -9.317975692621
10 : -1.0 : -9.332523903341
10 : -0.6 : -9.392708191294
10 : -0.2 : -9.424304098588
10 : 0.2 : -9.423963803421
10 : 0.6 : -9.383504338076
10 : 1.0 : -9.28984725029
11 : -1.0 : -9.339067305812
11 : -0.6 : -9.388554560772
11 : -0.2 : -9.422847432842
11 : 0.2 : -9.420992606065
11 : 0.6 : -9.335032513507
11 : 1.0 : -9.055297800883
12 : -1.0 : -9.197415954795
12 : -0.6 : -9.361779505362
12 : -0.2 : -9.421913958685
12 : 0.2 : -9.421913957021
12 : 0.6 : -9.361779456124
12 : 1.0 : -9.197415672071
0 1 : -1.0 -1.0 : -9.308763959748
0 1 : -1.0 -0.6 : -9.359958665901
0 1 : -1.0 -0.2 : -9.382931864973
0 1 : -1.0 0.2 : -9.382931864959
0 1 : -1.0 0.6 : -9.359958665857
0 1 : -1.0 1.0 : -9.308763959667
0 1 : -0.6 -1.0 : -9.359958665966
0 1 : -0.6 -0.6 : -9.402852907192
0 1 : -0.6 -0.2 : -9.418330479621
0 1 : -0.6 0.2 : -9.418330479491
0 1 : -0.6 0.6 : -9.402852907158
0 1 : -0.6 1.0 : -9.359958665899
0 1 : -0.2 -1.0 : -9.382931865057
0 1 : -0.2 -0.6 : -9.418330479552
0 1 : -0.2 -0.2 : -9.427498626911
0 1 : -0.2 0.2 : -9.427498626849
0 1 : -0.2 0.6 : -9.418330479584
0 1 : -0.2 1.0 : -9.382931865005
0 1 : 0.2 -1.0 : -9.38293186505
0 1 : 0.2 -0.6 : -9.418330479597
0 1 : 0.2 -0.2 : -9.427498626849
0 1 : 0.2 0.2 : -9.427498626909
0 1 : 0.2 0.6 : -9.418330479536
0 1 : 0.2 1.0 : -9.382931865008
0 1 : 0.6 -1.0 : -9.359958665947
0 1 : 0.6 -0.6 : -9.402852907176
0 1 : 0.6 -0.2 : -9.418330479494
0 1 : 0.6 0.2 : -9.418330479606
0 1 : 0.6 0.6 : -9.402852907165
0 1 : 0.6 1.0 : -9.359958665903
0 1 : 1.0 -1.0 : -9.308763959718
0 1 : 1.0 -0.6 : -9.359958665878
0 1 : 1.0 -0.2 : -9.382931864958
0 1 : 1.0 0.2 : -9.382931864954
0 1 : 1.0 0.6 : -9.359958665857
0 1 : 1.0 1.0 : -9.308763959669
0 2 : -1.0 -1.0 : -9.328215596876
0 2 : -1.0 -0.6 : -9.366340285857
0 2 : -1.0 -0.2 : -9.383567793897
0 2 : -1.0 0.2 : -9.383567885046
0 2 : -1.0 0.6 : -9.366340535004
0 2 : -1.0 1.0 : -9.32821598482
0 2 : -0.6 -1.0 : -9.37254560722
0 2 : -0.6 -0.6 : -9.405160484264
0 2 : -0.6 -0.2 : -9.418388275404
0 2 : -0.6 0.2 : -9.418388306004
0 2 : -0.6 0.6 : -9.405160593939
0 2 : -0.6 1.0 : -9.372545869382
0 2 : -0.2 -1.0 : -9.392014415559
0 2 : -0.2 -0.6 : -9.418433726027
0 2 : -0.2 -0.2 : -9.427234991486
0 2 : -0.2 0.2 : -9.427234996335
0 2 : -0.2 0.6 : -9.418433790299
0 2 : -0.2 1.0 : -9.392014674975
0 2 : 0.2 -1.0 : -9.392014415675
0 2 : 0.2 -0.6 : -9.418433726126
0 2 : 0.2 -0.2 : -9.427234991531
0 2 : 0.2 0.2 : -9.42723499629
0 2 : 0.2 0.6 : -9.418433790199
0 2 : 0.2 1.0 : -9.392014674858
0 2 : 0.6 -1.0 : -9.372545608466
0 2 : 0.6 -0.6 : -9.405160485002
0 2 : 0.6 -0.2 : -9.418388275649
0 2 : 0.6 0.2 : -9.418388305753
0 2 : 0.6 0.6 : -9.405160593195
0 2 : 0.6 1.0 : -9.372545868127
0 2 : 1.0 -1.0 : -9.328215600162
0 2 : 1.0 -0.6 : -9.36634028747
0 2 : 1.0 -0.2 : -9.383567794333
0 2 : 1.0 0.2 : -9.383567884589
0 2 : 1.0 0.6 : -9.366340533368
0 2 : 1.0 1.0 : -9.328215981508
0 3 : -1.0 -1.0 : -9.319710614789
0 3 : -1.0 -0.6 : -9.362366397838
0 3 : -1.0 -0.2 : -9.383067470198
0 3 : -1.0 0.2 : -9.383067983833
0 3 : -1.0 0.6 : -9.362367700807
0 3 : -1.0 1.0 : -9.319712198592
0 3 : -0.6 -1.0 : -9.366941652596
0 3 : -0.6 -0.6 : -9.402455397565
0 3 : -0.6 -0.2 : -9.418041158657
0 3 : -0.6 0.2 : -9.418041438389
0 3 : -0.6 0.6 : -9.40245612639
0 3 : -0.6 1.0 : -9.366942633316
0 3 : -0.2 -1.0 : -9.391188594806
0 3 : -0.2 -0.6 : -9.41802604101
0 3 : -0.2 -0.2 : -9.427182010861
0 3 : -0.2 0.2 : -9.427182052331
0 3 : -0.2 0.6 : -9.418026217124
0 3 : -0.2 1.0 : -9.39118905878
0 3 : 0.2 -1.0 : -9.391188594629
0 3 : 0.2 -0.6 : -9.418026040858
0 3 : 0.2 -0.2 : -9.427182010793
0 3 : 0.2 0.2 : -9.427182052399
0 3 : 0.2 0.6 : -9.418026217273
0 3 : 0.2 1.0 : -9.391189058949
0 3 : 0.6 -1.0 : -9.36694165064
0 3 : 0.6 -0.6 : -9.402455396409
0 3 : 0.6 -0.2 : -9.41804115828
0 3 : 0.6 0.2 : -9.418041438759
0 3 : 0.6 0.6 : -9.402456127533
0 3 : 0.6 1.0 : -9.36694263525
0 3 : 1.0 -1.0 : -9.319710609459
0 3 : 1.0 -0.6 : -9.362366395252
0 3 : 1.0 -0.2 : -9.383067469512
0 3 : 1.0 0.2 : -9.383067984499
0 3 : 1.0 0.6 : -9.362367703368
0 3 : 1.0 1.0 : -9.319712203892
0 4 : -1.0 -1.0 : -9.305750604651
0 4 : -1.0 -0.6 : -9.363106869401
0 4 : -1.0 -0.2 : -9.384289629457
0 4 : -1.0 0.2 : -9.383869133887
0 4 : -1.0 0.6 : -9.365483886003
0 4 : -1.0 1.0 : -9.312038797286
0 4 : -0.6 -1.0 : -9.338962767663
0 4 : -0.6 -0.6 : -9.39756864954
0 4 : -0.6 -0.2 : -9.41848357652
0 4 : -0.6 0.2 : -9.418406944558
0 4 : -0.6 0.6 : -9.399819847305
0 4 : -0.6 1.0 : -9.344411048746
0 4 : -0.2 -1.0 : -9.348489456459
0 4 : -0.2 -0.6 : -9.406676806225
0 4 : -0.2 -0.2 : -9.426723707361
0 4 : -0.2 0.2 : -9.426772414479
0 4 : -0.2 0.6 : -9.407701495064
0 4 : -0.2 1.0 : -9.350809281173
0 4 : 0.2 -1.0 : -9.350809281215
0 4 : 0.2 -0.6 : -9.407701495116
0 4 : 0.2 -0.2 : -9.426772414481
0 4 : 0.2 0.2 : -9.426723707359
0 4 : 0.2 0.6 : -9.406676806218
0 4 : 0.2 1.0 : -9.348489455916
0 4 : 0.6 -1.0 : -9.344411048822
0 4 : 0.6 -0.6 : -9.399819847315
0 4 : 0.6 -0.2 : -9.418406944562
0 4 : 0.6 0.2 : -9.418483576502
0 4 : 0.6 0.6 : -9.397568649475
0 4 : 0.6 1.0 : -9.33896276758
0 4 : 1.0 -1.0 : -9.312038797401
0 4 : 1.0 -0.6 : -9.365483886063
0 4 : 1.0 -0.2 : -9.383869133898
0 4 : 1.0 0.2 : -9.384289629425
0 4 : 1.0 0.6 : -9.363106869313
0 4 : 1.0 1.0 : -9.305750604512
0 5 : -1.0 -1.0 : -9.318959254073
0 5 : -1.0 -0.6 : -9.364413989098
0 5 : -1.0 -0.2 : -9.381712343846
0 5 : -1.0 0.2 : -9.384203731302
0 5 : -1.0 0.6 : -9.353199758333
0 5 : -1.0 1.0 : -9.286234884955
0 5 : -0.6 -1.0 : -9.353491566585
0 5 : -0.6 -0.6 : -9.402346845665
0 5 : -0.6 -0.2 : -9.417743113284
0 5 : -0.6 0.2 : -9.418207054482
0 5 : -0.6 0.6 : -9.390345702817
0 5 : -0.6 1.0 : -9.323798201785
0 5 : -0.2 -1.0 : -9.355652548861
0 5 : -0.2 -0.6 : -9.409723887203
0 5 : -0.2 -0.2 : -9.426824808574
0 5 : -0.2 0.2 : -9.426556845328
0 5 : -0.2 0.6 : -9.404071143832
0 5 : -0.2 1.0 : -9.342831214199
0 5 : 0.2 -1.0 : -9.342831214274
0 5 : 0.2 -0.6 : -9.404071143848
0 5 : 0.2 -0.2 : -9.426556845328
0 5 : 0.2 0.2 : -9.426824808573
0 5 : 0.2 0.6 : -9.40972388722
0 5 : 0.2 1.0 : -9.355652548861
0 5 : 0.6 -1.0 : -9.323798201779
0 5 : 0.6 -0.6 : -9.39034570281
0 5 : 0.6 -0.2 : -9.418207054478
0 5 : 0.6 0.2 : -9.417743113276
0 5 : 0.6 0.6 : -9.402346845662
0 5 : 0.6 1.0 : -9.353491566581
0 5 : 1.0 -1.0 : -9.286234884941
0 5 : 1.0 -0.6 : -9.353199758318
0 5 : 1.0 -0.2 : -9.38420373129
0 5 : 1.0 0.2 : -9.381712343838
0 5 : 1.0 0.6 : -9.364413989089
0 5 : 1.0 1.0 : -9.318959254064
0 6 : -1.0 -1.0 : -9.318514267309
0 6 : -1.0 -0.6 : -9.363619278188
0 6 : -1.0 -0.2 : -9.383364363051
0 6 : -1.0 0.2 : -9.383364424565
0 6 : -1.0 0.6 : -9.363619301808
0 6 : -1.0 1.0 : -9.318514077427
0 6 : -0.6 -1.0 : -9.352340299637
0 6 : -0.6 -0.6 : -9.399871224505
0 6 : -0.6 -0.2 : -9.418114435414
0 6 : -0.6 0.2 : -9.418114454135
0 6 : -0.6 0.6 : -9.399871255287
0 6 : -0.6 1.0 : -9.35234031522
0 6 : -0.2 -1.0 : -9.360577540419
0 6 : -0.2 -0.6 : -9.409320811801
0 6 : -0.2 -0.2 : -9.426635301114
0 6 : -0.2 0.2 : -9.426635306439
0 6 : -0.2 0.6 : -9.409320886517
0 6 : -0.2 1.0 : -9.360577737766
0 6 : 0.2 -1.0 : -9.360577543404
0 6 : 0.2 -0.6 : -9.409320813815
0 6 : 0.2 -0.2 : -9.426635301273
0 6 : 0.2 0.2 : -9.42663530628
0 6 : 0.2 0.6 : -9.409320884501
0 6 : 0.2 1.0 : -9.36057773478
0 6 : 0.6 -1.0 : -9.352340306913
0 6 : 0.6 -0.6 : -9.399871229431
0 6 : 0.6 -0.2 : -9.41811443561
0 6 : 0.6 0.2 : -9.418114453933
0 6 : 0.6 0.6 : -9.399871250353
0 6 : 0.6 1.0 : -9.352340307937
0 6 : 1.0 -1.0 : -9.318514276049
0 6 : 1.0 -0.6 : -9.363619284089
0 6 : 1.0 -0.2 : -9.383364362897
0 6 : 1.0 0.2 : -9.383364424699
0 6 : 1.0 0.6 : -9.363619295883
0 6 : 1.0 1.0 : -9.318514068666
0 7 : -1.0 -1.0 : -9.321169527292
0 7 : -1.0 -0.6 : -9.367209631858
0 7 : -1.0 -0.2 : -9.384117714004
0 7 : -1.0 0.2 : -9.384117572486
0 7 : -1.0 0.6 : -9.367209342179
0 7 : -1.0 1.0 : -9.321169224137
0 7 : -0.6 -1.0 : -9.353304662583
0 7 : -0.6 -0.6 : -9.401259969262
0 7 : -0.6 -0.2 : -9.418414914151
0 7 : -0.6 0.2 : -9.418414850004
0 7 : -0.6 0.6 : -9.401259898022
0 7 : -0.6 1.0 : -9.353304700794
0 7 : -0.2 -1.0 : -9.36068762516
0 7 : -0.2 -0.6 : -9.409481858239
0 7 : -0.2 -0.2 : -9.42667059057
0 7 : -0.2 0.2 : -9.426670588112
0 7 : -0.2 0.6 : -9.409481963782
0 7 : -0.2 1.0 : -9.360687944491
0 7 : 0.2 -1.0 : -9.360687624661
0 7 : 0.2 -0.6 : -9.409481857899
0 7 : 0.2 -0.2 : -9.426670590544
0 7 : 0.2 0.2 : -9.426670588137
0 7 : 0.2 0.6 : -9.40948196412
0 7 : 0.2 1.0 : -9.360687944988
0 7 : 0.6 -1.0 : -9.353304661362
0 7 : 0.6 -0.6 : -9.401259968411
0 7 : 0.6 -0.2 : -9.418414914114
0 7 : 0.6 0.2 : -9.418414850034
0 7 : 0.6 0.6 : -9.401259898863
0 7 : 0.6 1.0 : -9.353304702002
0 7 : 1.0 -1.0 : -9.321169525793
0 7 : 1.0 -0.6 : -9.367209630766
0 7 : 1.0 -0.2 : -9.384117714011
0 7 : 1.0 0.2 : -9.384117572458
0 7 : 1.0 0.6 : -9.367209343243
0 7 : 1.0 1.0 : -9.321169225606
0 8 : -1.0 -1.0 : -9.358527104498
0 8 : -1.0 -0.6 : -9.38598687954
0 8 : -1.0 -0.2 : -9.389858619402
0 8 : -1.0 0.2 : -9.378289466688
0 8 : -1.0 0.6 : -9.356705937764
0 8 : -1.0 1.0 : -9.328728163504
0 8 : -0.6 -1.0 : -9.37297180217
0 8 : -0.6 -0.6 : -9.409331893643
0 8 : -0.6 -0.2 : -9.420777778379
0 8 : -0.6 0.2 : -9.415594003583
0 8 : -0.6 0.6 : -9.399331945768
0 8 : -0.6 1.0 : -9.375726769046
0 8 : -0.2 -1.0 : -9.366718732482
0 8 : -0.2 -0.6 : -9.409546510491
0 8 : -0.2 -0.2 : -9.426536470004
0 8 : -0.2 0.2 : -9.426079663885
0 8 : -0.2 0.6 : -9.413821069028
0 8 : -0.2 1.0 : -9.393579675951
0 8 : 0.2 -1.0 : -9.366718732485
0 8 : 0.2 -0.6 : -9.409546510493
0 8 : 0.2 -0.2 : -9.426536470004
0 8 : 0.2 0.2 : -9.426079663884
0 8 : 0.2 0.6 : -9.413821069026
0 8 : 0.2 1.0 : -9.393579675948
0 8 : 0.6 -1.0 : -9.372971802178
0 8 : 0.6 -0.6 : -9.409331893651
0 8 : 0.6 -0.2 : -9.420777778378
0 8 : 0.6 0.2 : -9.415594003583
0 8 : 0.6 0.6 : -9.399331945765
0 8 : 0.6 1.0 : -9.37572676904
0 8 : 1.0 -1.0 : -9.358527104503
0 8 : 1.0 -0.6 : -9.385986879537
0 8 : 1.0 -0.2 : -9.389858619394
0 8 : 1.0 0.2 : -9.378289466677
0 8 : 1.0 0.6 : -9.356705937751
0 8 : 1.0 1.0 : -9.328728163491
0 9 : -1.0 -1.0 : -9.334720484311
0 9 : -1.0 -0.6 : -9.367778822802
0 9 : -1.0 -0.2 : -9.383658942138
0 9 : -1.0 0.2 : -9.383658797076
0 9 : -1.0 0.6 : -9.367778354433
0 9 : -1.0 1.0 : -9.33471958981
0 9 : -0.6 -1.0 : -9.337241045617
0 9 : -0.6 -0.6 : -9.391093309876
0 9 : -0.6 -0.2 : -9.416722423338
0 9 : -0.6 0.2 : -9.416722241548
0 9 : -0.6 0.6 : -9.391092725919
0 9 : -0.6 1.0 : -9.337239938484
0 9 : -0.2 -1.0 : -9.321127753178
0 9 : -0.2 -0.6 : -9.390984709682
0 9 : -0.2 -0.2 : -9.424038717488
0 9 : -0.2 0.2 : -9.424038632124
0 9 : -0.2 0.6 : -9.390984435326
0 9 : -0.2 1.0 : -9.321127232094
0 9 : 0.2 -1.0 : -9.321127231602
0 9 : 0.2 -0.6 : -9.390984435038
0 9 : 0.2 -0.2 : -9.424038632029
0 9 : 0.2 0.2 : -9.424038717583
0 9 : 0.2 0.6 : -9.390984709971
0 9 : 0.2 1.0 : -9.321127753675
0 9 : 0.6 -1.0 : -9.337239935041
0 9 : 0.6 -0.6 : -9.391092724106
0 9 : 0.6 -0.2 : -9.416722240982
0 9 : 0.6 0.2 : -9.416722423899
0 9 : 0.6 0.6 : -9.391093311687
0 9 : 0.6 1.0 : -9.337241049063
0 9 : 1.0 -1.0 : -9.334719585433
0 9 : 1.0 -0.6 : -9.367778352186
0 9 : 1.0 -0.2 : -9.383658796383
0 9 : 1.0 0.2 : -9.383658942812
0 9 : 1.0 0.6 : -9.367778825032
0 9 : 1.0 1.0 : -9.334720488677
0 10 : -1.0 -1.0 : -9.254905046508
0 10 : -1.0 -0.6 : -9.321015086295
0 10 : -1.0 -0.2 : -9.368411286723
0 10 : -1.0 0.2 : -9.398325028267
0 10 : -1.0 0.6 : -9.408785958525
0 10 : -1.0 1.0 : -9.395434354672
0 10 : -0.6 -1.0 : -9.305536727254
0 10 : -0.6 -0.6 : -9.369408868638
0 10 : -0.6 -0.2 : -9.409209475026
0 10 : -0.6 0.2 : -9.423720988932
0 10 : -0.6 0.6 : -9.40773975923
0 10 : -0.6 1.0 : -9.352475404644
0 10 : -0.2 -1.0 : -9.329617236117
0 10 : -0.2 -0.6 : -9.390325073693
0 10 : -0.2 -0.2 : -9.423016779587
0 10 : -0.2 0.2 : -9.424618525303
0 10 : -0.2 0.6 : -9.387337244303
0 10 : -0.2 1.0 : -9.298664269658
0 10 : 0.2 -1.0 : -9.329617236116
0 10 : 0.2 -0.6 : -9.390325073692
0 10 : 0.2 -0.2 : -9.423016779587
0 10 : 0.2 0.2 : -9.424618525304
0 10 : 0.2 0.6 : -9.387337244306
0 10 : 0.2 1.0 : -9.298664269664
0 10 : 0.6 -1.0 : -9.305536727251
0 10 : 0.6 -0.6 : -9.369408868634
0 10 : 0.6 -0.2 : -9.409209474961
0 10 : 0.6 0.2 : -9.423720988928
0 10 : 0.6 0.6 : -9.407739759233
0 10 : 0.6 1.0 : -9.352475404654
0 10 : 1.0 -1.0 : -9.254905046501
0 10 : 1.0 -0.6 : -9.321015086285
0 10 : 1.0 -0.2 : -9.368411286713
0 10 : 1.0 0.2 : -9.398325028258
0 10 : 1.0 0.6 : -9.408785958523
0 10 : 1.0 1.0 : -9.395434354673
0 11 : -1.0 -1.0 : -9.316685737395
0 11 : -1.0 -0.6 : -9.355193775448
0 11 : -1.0 -0.2 : -9.381769624244
0 11 : -1.0 0.2 : -9.378491462734
0 11 : -1.0 0.6 : -9.305918633689
0 11 : -1.0 1.0 : -9.078085459717
0 11 : -0.6 -1.0 : -9.340491131299
0 11 : -0.6 -0.6 : -9.384805897094
0 11 : -0.6 -0.2 : -9.415282958449
0 11 : -0.6 0.2 : -9.412119269298
0 11 : -0.6 0.6 : -9.330640487234
0 11 : -0.6 1.0 : -9.070484833452
0 11 : -0.2 -1.0 : -9.339948684872
0 11 : -0.2 -0.6 : -9.388769273251
0 11 : -0.2 -0.2 : -9.422559660586
0 11 : -0.2 0.2 : -9.420497514942
0 11 : -0.2 0.6 : -9.335002893642
0 11 : -0.2 1.0 : -9.057488090264
0 11 : 0.2 -1.0 : -9.339948684861
0 11 : 0.2 -0.6 : -9.388769273249
0 11 : 0.2 -0.2 : -9.422559660585
0 11 : 0.2 0.2 : -9.420497514942
0 11 : 0.2 0.6 : -9.335002893643
0 11 : 0.2 1.0 : -9.057488090275
0 11 : 0.6 -1.0 : -9.340491131291
0 11 : 0.6 -0.6 : -9.384805897076
0 11 : 0.6 -0.2 : -9.415282958442
0 11 : 0.6 0.2 : -9.412119269251
0 11 : 0.6 0.6 : -9.330640487228
0 11 : 0.6 1.0 : -9.070484833496
0 11 : 1.0 -1.0 : -9.316685737382
0 11 : 1.0 -0.6 : -9.355193776159
0 11 : 1.0 -0.2 : -9.381769624232
0 11 : 1.0 0.2 : -9.378491462728
0 11 : 1.0 0.6 : -9.3059186337
0 11 : 1.0 1.0 : -9.078085459768
0 12 : -1.0 -1.0 : -9.19755782779
0 12 : -1.0 -0.6 : -9.330546137091
0 12 : -1.0 -0.2 : -9.380126144442
0 12 : -1.0 0.2 : -9.380125661024
0 12 : -1.0 0.6 : -9.330544325284
0 12 : -1.0 1.0 : -9.197553369608
0 12 : -0.6 -1.0 : -9.205703574987
0 12 : -0.6 -0.6 : -9.357713103395
0 12 : -0.6 -0.2 : -9.413696016736
0 12 : -0.6 0.2 : -9.413695669232
0 12 : -0.6 0.6 : -9.357711791312
0 12 : -0.6 1.0 : -9.205700285772
0 12 : -0.2 -1.0 : -9.198950856892
0 12 : -0.2 -0.6 : -9.361872947726
0 12 : -0.2 -0.2 : -9.421522713458
0 12 : -0.2 0.2 : -9.421522584093
0 12 : -0.2 0.6 : -9.361872433245
0 12 : -0.2 1.0 : -9.198949465262
0 12 : 0.2 -1.0 : -9.198949745378
0 12 : 0.2 -0.6 : -9.361872482127
0 12 : 0.2 -0.2 : -9.421522585765
0 12 : 0.2 0.2 : -9.421522711786
0 12 : 0.2 0.6 : -9.36187289885
0 12 : 0.2 1.0 : -9.198950576795
0 12 : 0.6 -1.0 : -9.20570054556
0 12 : 0.6 -0.6 : -9.35771183719
0 12 : 0.6 -0.2 : -9.413695670867
0 12 : 0.6 0.2 : -9.413696015097
0 12 : 0.6 0.6 : -9.357713057526
0 12 : 0.6 1.0 : -9.205703315247
0 12 : 1.0 -1.0 : -9.197553592004
0 12 : 1.0 -0.6 : -9.330544364741
0 12 : 1.0 -0.2 : -9.38012566224
0 12 : 1.0 0.2 : -9.380126143208
0 12 : 1.0 0.6 : -9.330546097636
0 12 : 1.0 1.0 : -9.197557605452
1 2 : -1.0 -1.0 : -9.319710240775
1 2 : -1.0 -0.6 : -9.362366132724
1 2 : -1.0 -0.2 : -9.383067376002
1 2 : -1.0 0.2 : -9.383068078204
1 2 : -1.0 0.6 : -9.362367966078
1 2 : -1.0 1.0 : -9.319712572698
1 2 : -0.6 -1.0 : -9.366941449105
1 2 : -0.6 -0.6 : -9.402455229191
1 2 : -0.6 -0.2 : -9.418041094569
1 2 : -0.6 0.2 : -9.418041502502
1 2 : -0.6 0.6 : -9.402456294779
1 2 : -0.6 1.0 : -9.366942836759
1 2 : -0.2 -1.0 : -9.391188618118
1 2 : -0.2 -0.6 : -9.418026028014
1 2 : -0.2 -0.2 : -9.427182001547
1 2 : -0.2 0.2 : -9.427182061644
1 2 : -0.2 0.6 : -9.418026230101
1 2 : -0.2 1.0 : -9.391189035368
1 2 : 0.2 -1.0 : -9.391188618284
1 2 : 0.2 -0.6 : -9.418026028159
1 2 : 0.2 -0.2 : -9.427182001613
1 2 : 0.2 0.2 : -9.427182061576
1 2 : 0.2 0.6 : -9.41802622995
1 2 : 0.2 1.0 : -9.39118903519
1 2 : 0.6 -1.0 : -9.366941451002
1 2 : 0.6 -0.6 : -9.402455230306
1 2 : 0.6 -0.2 : -9.418041094924
1 2 : 0.6 0.2 : -9.41804150212
1 2 : 0.6 0.6 : -9.40245629363
1 2 : 0.6 1.0 : -9.366942834817
1 2 : 1.0 -1.0 : -9.319710245975
1 2 : 1.0 -0.6 : -9.362366135222
1 2 : 1.0 -0.2 : -9.383067376625
1 2 : 1.0 0.2 : -9.383068077487
1 2 : 1.0 0.6 : -9.362367963483
1 2 : 1.0 1.0 : -9.319712567397
1 3 : -1.0 -1.0 : -9.328214685165
1 3 : -1.0 -0.6 : -9.366339565507
1 3 : -1.0 -0.2 : -9.383567517955
1 3 : -1.0 0.2 : -9.383568161171
1 3 : -1.0 0.6 : -9.366341255596
1 3 : -1.0 1.0 : -9.328216896903
1 3 : -0.6 -1.0 : -9.372545043288
1 3 : -0.6 -0.6 : -9.405160050831
1 3 : -0.6 -0.2 : -9.418388110549
1 3 : -0.6 0.2 : -9.41838847089
1 3 : -0.6 0.6 : -9.405161027454
1 3 : -0.6 1.0 : -9.372546433518
1 3 : -0.2 -1.0 : -9.392014282911
1 3 : -0.2 -0.6 : -9.418433651702
1 3 : -0.2 -0.2 : -9.427234967239
1 3 : -0.2 0.2 : -9.427235020584
1 3 : -0.2 0.6 : -9.418433864651
1 3 : -0.2 1.0 : -9.392014807744
1 3 : 0.2 -1.0 : -9.392014283016
1 3 : 0.2 -0.6 : -9.418433651797
1 3 : 0.2 -0.2 : -9.427234967283
1 3 : 0.2 0.2 : -9.427235020538
1 3 : 0.2 0.6 : -9.418433864551
1 3 : 0.2 1.0 : -9.392014807627
1 3 : 0.6 -1.0 : -9.372545044501
1 3 : 0.6 -0.6 : -9.405160051545
1 3 : 0.6 -0.2 : -9.41838811078
1 3 : 0.6 0.2 : -9.418388470632
1 3 : 0.6 0.6 : -9.405161026705
1 3 : 0.6 1.0 : -9.372546432258
1 3 : 1.0 -1.0 : -9.328214688405
1 3 : 1.0 -0.6 : -9.366339567072
1 3 : 1.0 -0.2 : -9.38356751835
1 3 : 1.0 0.2 : -9.383568160682
1 3 : 1.0 0.6 : -9.366341253929
1 3 : 1.0 1.0 : -9.328216893551
1 4 : -1.0 -1.0 : -9.286234885294
1 4 : -1.0 -0.6 : -9.353199758604
1 4 : -1.0 -0.2 : -9.384203731438
1 4 : -1.0 0.2 : -9.381712343915
1 4 : -1.0 0.6 : -9.364413989129
1 4 : -1.0 1.0 : -9.318959253973
1 4 : -0.6 -1.0 : -9.323798201956
1 4 : -0.6 -0.6 : -9.390345703256
1 4 : -0.6 -0.2 : -9.418207054588
1 4 : -0.6 0.2 : -9.417743113448
1 4 : -0.6 0.6 : -9.402346845625
1 4 : -0.6 1.0 : -9.353491566445
1 4 : -0.2 -1.0 : -9.342831215659
1 4 : -0.2 -0.6 : -9.404071143723
1 4 : -0.2 -0.2 : -9.426556845326
1 4 : -0.2 0.2 : -9.426824808562
1 4 : -0.2 0.6 : -9.409723887168
1 4 : -0.2 1.0 : -9.355652548772
1 4 : 0.2 -1.0 : -9.355652548815
1 4 : 0.2 -0.6 : -9.409723887189
1 4 : 0.2 -0.2 : -9.426824808564
1 4 : 0.2 0.2 : -9.426556845323
1 4 : 0.2 0.6 : -9.404071143696
1 4 : 0.2 1.0 : -9.34283121562
1 4 : 0.6 -1.0 : -9.353491566505
1 4 : 0.6 -0.6 : -9.402346845646
1 4 : 0.6 -0.2 : -9.417743113437
1 4 : 0.6 0.2 : -9.41820705456
1 4 : 0.6 0.6 : -9.39034570319
1 4 : 0.6 1.0 : -9.323798201872
1 4 : 1.0 -1.0 : -9.318959254036
1 4 : 1.0 -0.6 : -9.364413989144
1 4 : 1.0 -0.2 : -9.381712343892
1 4 : 1.0 0.2 : -9.384203731362
1 4 : 1.0 0.6 : -9.353199758466
1 4 : 1.0 1.0 : -9.286234885123
1 5 : -1.0 -1.0 : -9.305750604671
1 5 : -1.0 -0.6 : -9.363106869461
1 5 : -1.0 -0.2 : -9.384289629538
1 5 : -1.0 0.2 : -9.383869133993
1 5 : -1.0 0.6 : -9.365483886191
1 5 : -1.0 1.0 : -9.31203879756
1 5 : -0.6 -1.0 : -9.338962767634
1 5 : -0.6 -0.6 : -9.397568650028
1 5 : -0.6 -0.2 : -9.418483576629
1 5 : -0.6 0.2 : -9.418406944705
1 5 : -0.6 0.6 : -9.399819847993
1 5 : -0.6 1.0 : -9.344411048884
1 5 : -0.2 -1.0 : -9.348489456999
1 5 : -0.2 -0.6 : -9.406676806183
1 5 : -0.2 -0.2 : -9.426723707352
1 5 : -0.2 0.2 : -9.426772414475
1 5 : -0.2 0.6 : -9.407701494926
1 5 : -0.2 1.0 : -9.350809281237
1 5 : 0.2 -1.0 : -9.350809281231
1 5 : 0.2 -0.6 : -9.407701494925
1 5 : 0.2 -0.2 : -9.426772414474
1 5 : 0.2 0.2 : -9.426723707351
1 5 : 0.2 0.6 : -9.40667680618
1 5 : 0.2 1.0 : -9.348489456996
1 5 : 0.6 -1.0 : -9.344411048857
1 5 : 0.6 -0.6 : -9.39981984797
1 5 : 0.6 -0.2 : -9.418406944686
1 5 : 0.6 0.2 : -9.418483576612
1 5 : 0.6 0.6 : -9.397568650007
1 5 : 0.6 1.0 : -9.338962767612
1 5 : 1.0 -1.0 : -9.312038797494
1 5 : 1.0 -0.6 : -9.365483886131
1 5 : 1.0 -0.2 : -9.383869133945
1 5 : 1.0 0.2 : -9.384289629489
1 5 : 1.0 0.6 : -9.363106869402
1 5 : 1.0 1.0 : -9.305750604613
1 6 : -1.0 -1.0 : -9.321169472551
1 6 : -1.0 -0.6 : -9.36720953112
1 6 : -1.0 -0.2 : -9.384117651589
1 6 : -1.0 0.2 : -9.384117635085
1 6 : -1.0 0.6 : -9.36720944313
1 6 : -1.0 1.0 : -9.321169279065
1 6 : -0.6 -1.0 : -9.353304672714
1 6 : -0.6 -0.6 : -9.401259938536
1 6 : -0.6 -0.2 : -9.418414887992
1 6 : -0.6 0.2 : -9.418414876191
1 6 : -0.6 0.6 : -9.401259928778
1 6 : -0.6 1.0 : -9.353304690641
1 6 : -0.2 -1.0 : -9.360687686931
1 6 : -0.2 -0.6 : -9.409481876617
1 6 : -0.2 -0.2 : -9.426670588505
1 6 : -0.2 0.2 : -9.426670590177
1 6 : -0.2 0.6 : -9.409481945384
1 6 : -0.2 1.0 : -9.360687882636
1 6 : 0.2 -1.0 : -9.360687686416
1 6 : 0.2 -0.6 : -9.409481876269
1 6 : 0.2 -0.2 : -9.426670588476
1 6 : 0.2 0.2 : -9.426670590203
1 6 : 0.2 0.6 : -9.409481945725
1 6 : 0.2 1.0 : -9.360687883141
1 6 : 0.6 -1.0 : -9.353304671442
1 6 : 0.6 -0.6 : -9.401259937654
1 6 : 0.6 -0.2 : -9.418414887942
1 6 : 0.6 0.2 : -9.418414876213
1 6 : 0.6 0.6 : -9.401259929617
1 6 : 0.6 1.0 : -9.353304691863
1 6 : 1.0 -1.0 : -9.321169470958
1 6 : 1.0 -0.6 : -9.367209529967
1 6 : 1.0 -0.2 : -9.384117651556
1 6 : 1.0 0.2 : -9.384117635021
1 6 : 1.0 0.6 : -9.367209444166
1 6 : 1.0 1.0 : -9.321169280529
1 7 : -1.0 -1.0 : -9.318514332145
1 7 : -1.0 -0.6 : -9.363619196077
1 7 : -1.0 -0.2 : -9.383364285746
1 7 : -1.0 0.2 : -9.383364502072
1 7 : -1.0 0.6 : -9.363619384244
1 7 : -1.0 1.0 : -9.318514012964
1 7 : -0.6 -1.0 : -9.352340306992
1 7 : -0.6 -0.6 : -9.399871192165
1 7 : -0.6 -0.2 : -9.418114407243
1 7 : -0.6 0.2 : -9.418114482345
1 7 : -0.6 0.6 : -9.399871287735
1 7 : -0.6 1.0 : -9.352340308035
1 7 : -0.2 -1.0 : -9.360577483595
1 7 : -0.2 -0.6 : -9.409320788034
1 7 : -0.2 -0.2 : -9.426635297068
1 7 : -0.2 0.2 : -9.426635310488
1 7 : -0.2 0.6 : -9.409320910317
1 7 : -0.2 1.0 : -9.360577794691
1 7 : 0.2 -1.0 : -9.360577480651
1 7 : 0.2 -0.6 : -9.409320786034
1 7 : 0.2 -0.2 : -9.426635296913
1 7 : 0.2 0.2 : -9.426635310639
1 7 : 0.2 0.6 : -9.409320912305
1 7 : 0.2 1.0 : -9.360577797621
1 7 : 0.6 -1.0 : -9.35234029981
1 7 : 0.6 -0.6 : -9.399871187266
1 7 : 0.6 -0.2 : -9.418114407047
1 7 : 0.6 0.2 : -9.41811448251
1 7 : 0.6 0.6 : -9.399871292581
1 7 : 0.6 1.0 : -9.352340315155
1 7 : 1.0 -1.0 : -9.318514323496
1 7 : 1.0 -0.6 : -9.363619190182
1 7 : 1.0 -0.2 : -9.383364285872
1 7 : 1.0 0.2 : -9.383364501847
1 7 : 1.0 0.6 : -9.363619390009
1 7 : 1.0 1.0 : -9.318514021474
1 8 : -1.0 -1.0 : -9.35852710452
1 8 : -1.0 -0.6 : -9.385986879594
1 8 : -1.0 -0.2 : -9.38985861948
1 8 : -1.0 0.2 : -9.378289466785
1 8 : -1.0 0.6 : -9.356705937875
1 8 : -1.0 1.0 : -9.328728163626
1 8 : -0.6 -1.0 : -9.372971802154
1 8 : -0.6 -0.6 : -9.409331892227
1 8 : -0.6 -0.2 : -9.420777778386
1 8 : -0.6 0.2 : -9.415594003819
1 8 : -0.6 0.6 : -9.399331946335
1 8 : -0.6 1.0 : -9.375726769081
1 8 : -0.2 -1.0 : -9.366718731631
1 8 : -0.2 -0.6 : -9.4095465101
1 8 : -0.2 -0.2 : -9.426536469998
1 8 : -0.2 0.2 : -9.426079663783
1 8 : -0.2 0.6 : -9.413821068943
1 8 : -0.2 1.0 : -9.393579675873
1 8 : 0.2 -1.0 : -9.366718731649
1 8 : 0.2 -0.6 : -9.409546510109
1 8 : 0.2 -0.2 : -9.42653647
1 8 : 0.2 0.2 : -9.42607966378
1 8 : 0.2 0.6 : -9.413821068936
1 8 : 0.2 1.0 : -9.393579675864
1 8 : 0.6 -1.0 : -9.372971802192
1 8 : 0.6 -0.6 : -9.40933189224
1 8 : 0.6 -0.2 : -9.420777778379
1 8 : 0.6 0.2 : -9.4155940038
1 8 : 0.6 0.6 : -9.399331946308
1 8 : 0.6 1.0 : -9.37572676905
1 8 : 1.0 -1.0 : -9.358527104544
1 8 : 1.0 -0.6 : -9.38598687958
1 8 : 1.0 -0.2 : -9.389858619442
1 8 : 1.0 0.2 : -9.378289466732
1 8 : 1.0 0.6 : -9.356705937814
1 8 : 1.0 1.0 : -9.328728163563
1 9 : -1.0 -1.0 : -9.334718921723
1 9 : -1.0 -0.6 : -9.367778004757
1 9 : -1.0 -0.2 : -9.383658688858
1 9 : -1.0 0.2 : -9.383659050528
1 9 : -1.0 0.6 : -9.36777917261
1 9 : -1.0 1.0 : -9.334721152448
1 9 : -0.6 -1.0 : -9.337239114917
1 9 : -0.6 -0.6 : -9.39109229155
1 9 : -0.6 -0.2 : -9.416722106338
1 9 : -0.6 0.2 : -9.416722558571
1 9 : -0.6 0.6 : -9.391093744242
1 9 : -0.6 1.0 : -9.337241869126
1 9 : -0.2 -1.0 : -9.321126846424
1 9 : -0.2 -0.6 : -9.390984232218
1 9 : -0.2 -0.2 : -9.42403856892
1 9 : -0.2 0.2 : -9.424038780691
1 9 : -0.2 0.6 : -9.390984912783
1 9 : -0.2 1.0 : -9.32112813883
1 9 : 0.2 -1.0 : -9.321128138357
1 9 : 0.2 -0.6 : -9.390984912504
1 9 : 0.2 -0.2 : -9.424038780598
1 9 : 0.2 0.2 : -9.424038569013
1 9 : 0.2 0.6 : -9.390984232503
1 9 : 0.2 1.0 : -9.321126846916
1 9 : 0.6 -1.0 : -9.337241865776
1 9 : 0.6 -0.6 : -9.391093742469
1 9 : 0.6 -0.2 : -9.416722558009
1 9 : 0.6 0.2 : -9.416722106875
1 9 : 0.6 0.6 : -9.391092293313
1 9 : 0.6 1.0 : -9.337239118287
1 9 : 1.0 -1.0 : -9.334721148179
1 9 : 1.0 -0.6 : -9.367779170401
1 9 : 1.0 -0.2 : -9.383659049819
1 9 : 1.0 0.2 : -9.383658689475
1 9 : 1.0 0.6 : -9.367778006892
1 9 : 1.0 1.0 : -9.33471892595
1 10 : -1.0 -1.0 : -9.254905046605
1 10 : -1.0 -0.6 : -9.321015086419
1 10 : -1.0 -0.2 : -9.368411286828
1 10 : -1.0 0.2 : -9.398325028333
1 10 : -1.0 0.6 : -9.408785958641
1 10 : -1.0 1.0 : -9.395434354247
1 10 : -0.6 -1.0 : -9.305536727298
1 10 : -0.6 -0.6 : -9.369408868677
1 10 : -0.6 -0.2 : -9.409209474653
1 10 : -0.6 0.2 : -9.423720988275
1 10 : -0.6 0.6 : -9.407739759134
1 10 : -0.6 1.0 : -9.352475404536
1 10 : -0.2 -1.0 : -9.329617236123
1 10 : -0.2 -0.6 : -9.390325073698
1 10 : -0.2 -0.2 : -9.423016779585
1 10 : -0.2 0.2 : -9.42461852529
1 10 : -0.2 0.6 : -9.38733724429
1 10 : -0.2 1.0 : -9.298664269633
1 10 : 0.2 -1.0 : -9.329617236118
1 10 : 0.2 -0.6 : -9.390325073692
1 10 : 0.2 -0.2 : -9.423016779581
1 10 : 0.2 0.2 : -9.424618525293
1 10 : 0.2 0.6 : -9.387337244303
1 10 : 0.2 1.0 : -9.298664269662
1 10 : 0.6 -1.0 : -9.305536727283
1 10 : 0.6 -0.6 : -9.369408868656
1 10 : 0.6 -0.2 : -9.409209474643
1 10 : 0.6 0.2 : -9.423720988274
1 10 : 0.6 0.6 : -9.407739759152
1 10 : 0.6 1.0 : -9.352475404588
1 10 : 1.0 -1.0 : -9.254905046574
1 10 : 1.0 -0.6 : -9.321015086372
1 10 : 1.0 -0.2 : -9.368411286778
1 10 : 1.0 0.2 : -9.398325028293
1 10 : 1.0 0.6 : -9.408785958622
1 10 : 1.0 1.0 : -9.395434354264
1 11 : -1.0 -1.0 : -9.316685737522
1 11 : -1.0 -0.6 : -9.355193778093
1 11 : -1.0 -0.2 : -9.38176962436
1 11 : -1.0 0.2 : -9.37849146277
1 11 : -1.0 0.6 : -9.305918633487
1 11 : -1.0 1.0 : -9.07808545886
1 11 : -0.6 -1.0 : -9.3404911314
1 11 : -0.6 -0.6 : -9.384805897082
1 11 : -0.6 -0.2 : -9.415282958476
1 11 : -0.6 0.2 : -9.412119268011
1 11 : -0.6 0.6 : -9.330640487153
1 11 : -0.6 1.0 : -9.07048483319
1 11 : -0.2 -1.0 : -9.339948684797
1 11 : -0.2 -0.6 : -9.388769273249
1 11 : -0.2 -0.2 : -9.422559660577
1 11 : -0.2 0.2 : -9.420497514885
1 11 : -0.2 0.6 : -9.335002893546
1 11 : -0.2 1.0 : -9.057488090152
1 11 : 0.2 -1.0 : -9.339948684805
1 11 : 0.2 -0.6 : -9.388769273247
1 11 : 0.2 -0.2 : -9.422559660574
1 11 : 0.2 0.2 : -9.420497514892
1 11 : 0.2 0.6 : -9.335002893577
1 11 : 0.2 1.0 : -9.057488090234
1 11 : 0.6 -1.0 : -9.34049113137
1 11 : 0.6 -0.6 : -9.384805897085
1 11 : 0.6 -0.2 : -9.415282958455
1 11 : 0.6 0.2 : -9.412119268024
1 11 : 0.6 0.6 : -9.330640487206
1 11 : 0.6 1.0 : -9.070484833396
1 11 : 1.0 -1.0 : -9.316685737456
1 11 : 1.0 -0.6 : -9.355193778026
1 11 : 1.0 -0.2 : -9.381769624302
1 11 : 1.0 0.2 : -9.378491462744
1 11 : 1.0 0.6 : -9.305918633548
1 11 : 1.0 1.0 : -9.078085459142
1 12 : -1.0 -1.0 : -9.197550463624
1 12 : -1.0 -0.6 : -9.330543055901
1 12 : -1.0 -0.2 : -9.380125306247
1 12 : -1.0 0.2 : -9.380126499372
1 12 : -1.0 0.6 : -9.330547406412
1 12 : -1.0 1.0 : -9.197560733071
1 12 : -0.6 -1.0 : -9.205698308269
1 12 : -0.6 -0.6 : -9.357710902121
1 12 : -0.6 -0.2 : -9.413695415474
1 12 : -0.6 0.2 : -9.41369627051
1 12 : -0.6 0.6 : -9.357713992505
1 12 : -0.6 1.0 : -9.205705552119
1 12 : -0.2 -1.0 : -9.198948924558
1 12 : -0.2 -0.6 : -9.3618721383
1 12 : -0.2 -0.2 : -9.421522491471
1 12 : -0.2 0.2 : -9.421522806077
1 12 : -0.2 0.6 : -9.361873242653
1 12 : -0.2 1.0 : -9.198951397531
1 12 : 0.2 -1.0 : -9.198951677653
1 12 : 0.2 -0.6 : -9.361873291536
1 12 : 0.2 -0.2 : -9.421522807748
1 12 : 0.2 0.2 : -9.421522489801
1 12 : 0.2 0.6 : -9.361872089436
1 12 : 0.2 1.0 : -9.198948644505
1 12 : 0.6 -1.0 : -9.205705811798
1 12 : 0.6 -0.6 : -9.357714038342
1 12 : 0.6 -0.2 : -9.413696272126
1 12 : 0.6 0.2 : -9.413695413837
1 12 : 0.6 0.6 : -9.357710856314
1 12 : 0.6 1.0 : -9.205698048759
1 12 : 1.0 -1.0 : -9.197560955107
1 12 : 1.0 -0.6 : -9.330547445727
1 12 : 1.0 -0.2 : -9.380126500524
1 12 : 1.0 0.2 : -9.380125305009
1 12 : 1.0 0.6 : -9.330543016573
1 12 : 1.0 1.0 : -9.197550241775
2 3 : -1.0 -1.0 : -9.337768675985
2 3 : -1.0 -0.6 : -9.375831042216
2 3 : -1.0 -0.2 : -9.392361134239
2 3 : -1.0 0.2 : -9.392361214306
2 3 : -1.0 0.6 : -9.375831343578
2 3 : -1.0 1.0 : -9.33776935148
2 3 : -0.6 -1.0 : -9.375831010476
2 3 : -0.6 -0.6 : -9.406721853307
2 3 : -0.6 -0.2 : -9.418445823369
2 3 : -0.6 0.2 : -9.418445856467
2 3 : -0.6 0.6 : -9.406722026066
2 3 : -0.6 1.0 : -9.375831512719
2 3 : -0.2 -1.0 : -9.39236108363
2 3 : -0.2 -0.6 : -9.418445812909
2 3 : -0.2 -0.2 : -9.426971913511
2 3 : -0.2 0.2 : -9.426971920334
2 3 : -0.2 0.6 : -9.418445912193
2 3 : -0.2 1.0 : -9.392361483919
2 3 : 0.2 -1.0 : -9.392361138366
2 3 : 0.2 -0.6 : -9.418445835537
2 3 : 0.2 -0.2 : -9.426971918177
2 3 : 0.2 0.2 : -9.426971924996
2 3 : 0.2 0.6 : -9.41844593481
2 3 : 0.2 1.0 : -9.392361538633
2 3 : 0.6 -1.0 : -9.37583121649
2 3 : 0.6 -0.6 : -9.406721971409
2 3 : 0.6 -0.2 : -9.418445891243
2 3 : 0.6 0.2 : -9.41844592433
2 3 : 0.6 0.6 : -9.406722144131
2 3 : 0.6 1.0 : -9.375831718662
2 3 : 1.0 -1.0 : -9.337769137756
2 3 : 1.0 -0.6 : -9.375831385551
2 3 : 1.0 -0.2 : -9.392361407874
2 3 : 1.0 0.2 : -9.392361487918
2 3 : 1.0 0.6 : -9.375831686839
2 3 : 1.0 1.0 : -9.337769813112
2 4 : -1.0 -1.0 : -9.306955443393
2 4 : -1.0 -0.6 : -9.36137024506
2 4 : -1.0 -0.2 : -9.390387968194
2 4 : -1.0 0.2 : -9.390387973767
2 4 : -1.0 0.6 : -9.361370265631
2 4 : -1.0 1.0 : -9.306955469105
2 4 : -0.6 -1.0 : -9.337022245227
2 4 : -0.6 -0.6 : -9.393448584678
2 4 : -0.6 -0.2 : -9.417196451419
2 4 : -0.6 0.2 : -9.417196453724
2 4 : -0.6 0.6 : -9.393448598259
2 4 : -0.6 1.0 : -9.337022263055
2 4 : -0.2 -1.0 : -9.348798602558
2 4 : -0.2 -0.6 : -9.406264543477
2 4 : -0.2 -0.2 : -9.426308654175
2 4 : -0.2 0.2 : -9.426308654697
2 4 : -0.2 0.6 : -9.406264548254
2 4 : -0.2 1.0 : -9.348798609129
2 4 : 0.2 -1.0 : -9.348798547436
2 4 : 0.2 -0.6 : -9.406264520138
2 4 : 0.2 -0.2 : -9.426308653875
2 4 : 0.2 0.2 : -9.426308653348
2 4 : 0.2 0.6 : -9.406264515322
2 4 : 0.2 1.0 : -9.348798540786
2 4 : 0.6 -1.0 : -9.33702215896
2 4 : 0.6 -0.6 : -9.393448594528
2 4 : 0.6 -0.2 : -9.417196510331
2 4 : 0.6 0.2 : -9.417196508008
2 4 : 0.6 0.6 : -9.39344858088
2 4 : 0.6 1.0 : -9.33702214101
2 4 : 1.0 -1.0 : -9.306955539164
2 4 : 1.0 -0.6 : -9.361370489441
2 4 : 1.0 -0.2 : -9.390388241115
2 4 : 1.0 0.2 : -9.390388235505
2 4 : 1.0 0.6 : -9.361370468761
2 4 : 1.0 1.0 : -9.30695551327
2 5 : -1.0 -1.0 : -9.308690032213
2 5 : -1.0 -0.6 : -9.366502875956
2 5 : -1.0 -0.2 : -9.391633203078
2 5 : -1.0 0.2 : -9.391633200529
2 5 : -1.0 0.6 : -9.366502865898
2 5 : -1.0 1.0 : -9.308690021046
2 5 : -0.6 -1.0 : -9.337904458911
2 5 : -0.6 -0.6 : -9.395808495715
2 5 : -0.6 -0.2 : -9.41779664839
2 5 : -0.6 0.2 : -9.417796647345
2 5 : -0.6 0.6 : -9.395808489477
2 5 : -0.6 1.0 : -9.337904450947
2 5 : -0.2 -1.0 : -9.348921085428
2 5 : -0.2 -0.6 : -9.406559234444
2 5 : -0.2 -0.2 : -9.426385681565
2 5 : -0.2 0.2 : -9.426385681334
2 5 : -0.2 0.6 : -9.406559232343
2 5 : -0.2 1.0 : -9.348921082525
2 5 : 0.2 -1.0 : -9.348921008175
2 5 : 0.2 -0.6 : -9.406559182535
2 5 : 0.2 -0.2 : -9.426385674909
2 5 : 0.2 0.2 : -9.42638567514
2 5 : 0.2 0.6 : -9.406559184637
2 5 : 0.2 1.0 : -9.34892101108
2 5 : 0.6 -1.0 : -9.337904305372
2 5 : 0.6 -0.6 : -9.395808413605
2 5 : 0.6 -0.2 : -9.417796686087
2 5 : 0.6 0.2 : -9.417796687133
2 5 : 0.6 0.6 : -9.395808419847
2 5 : 0.6 1.0 : -9.337904313339
2 5 : 1.0 -1.0 : -9.308690005963
2 5 : 1.0 -0.6 : -9.366502953505
2 5 : 1.0 -0.2 : -9.391633437025
2 5 : 1.0 0.2 : -9.391633439578
2 5 : 1.0 0.6 : -9.36650296357
2 5 : 1.0 1.0 : -9.308690017135
2 6 : -1.0 -1.0 : -9.337658523347
2 6 : -1.0 -0.6 : -9.378518627262
2 6 : -1.0 -0.2 : -9.393516987245
2 6 : -1.0 0.2 : -9.39013632877
2 6 : -1.0 0.6 : -9.360912812769
2 6 : -1.0 1.0 : -9.301863708482
2 6 : -0.6 -1.0 : -9.359937267916
2 6 : -0.6 -0.6 : -9.403246236412
2 6 : -0.6 -0.2 : -9.418374173031
2 6 : -0.6 0.2 : -9.417277963541
2 6 : -0.6 0.6 : -9.393609677661
2 6 : -0.6 1.0 : -9.337759486074
2 6 : -0.2 -1.0 : -9.363656846875
2 6 : -0.2 -0.6 : -9.410382363168
2 6 : -0.2 -0.2 : -9.426407500129
2 6 : -0.2 0.2 : -9.426222268154
2 6 : -0.2 0.6 : -9.407322158664
2 6 : -0.2 1.0 : -9.356069458321
2 6 : 0.2 -1.0 : -9.356069162649
2 6 : 0.2 -0.6 : -9.407322031009
2 6 : 0.2 -0.2 : -9.426222257732
2 6 : 0.2 0.2 : -9.426407499509
2 6 : 0.2 0.6 : -9.410382394168
2 6 : 0.2 1.0 : -9.363656979141
2 6 : 0.6 -1.0 : -9.337759183454
2 6 : 0.6 -0.6 : -9.393609545941
2 6 : 0.6 -0.2 : -9.417277994977
2 6 : 0.6 0.2 : -9.418374224688
2 6 : 0.6 0.6 : -9.403246233674
2 6 : 0.6 1.0 : -9.359937265673
2 6 : 1.0 -1.0 : -9.301863663061
2 6 : 1.0 -0.6 : -9.360912882345
2 6 : 1.0 -0.2 : -9.390136553758
2 6 : 1.0 0.2 : -9.393517244747
2 6 : 1.0 0.6 : -9.378518780087
2 6 : 1.0 1.0 : -9.337658587464
2 7 : -1.0 -1.0 : -9.280345325941
2 7 : -1.0 -0.6 : -9.34738366097
2 7 : -1.0 -0.2 : -9.38721988301
2 7 : -1.0 0.2 : -9.394571788207
2 7 : -1.0 0.6 : -9.383444721764
2 7 : -1.0 1.0 : -9.355609155934
2 7 : -0.6 -1.0 : -9.323564882661
2 7 : -0.6 -0.6 : -9.386042951332
2 7 : -0.6 -0.2 : -9.41617375823
2 7 : -0.6 0.2 : -9.418566959578
2 7 : -0.6 0.6 : -9.406745857066
2 7 : -0.6 1.0 : -9.372116747178
2 7 : -0.2 -1.0 : -9.351231978496
2 7 : -0.2 -0.6 : -9.405177740925
2 7 : -0.2 -0.2 : -9.426049410515
2 7 : -0.2 0.2 : -9.426462456311
2 7 : -0.2 0.6 : -9.412011231543
2 7 : -0.2 1.0 : -9.368222314404
2 7 : 0.2 -1.0 : -9.368221932356
2 7 : 0.2 -0.6 : -9.412011106727
2 7 : 0.2 -0.2 : -9.426462458641
2 7 : 0.2 0.2 : -9.426049411965
2 7 : 0.2 0.6 : -9.405177842635
2 7 : 0.2 1.0 : -9.351232270768
2 7 : 0.6 -1.0 : -9.37211656772
2 7 : 0.6 -0.6 : -9.406745932769
2 7 : 0.6 -0.2 : -9.418567075365
2 7 : 0.6 0.2 : -9.416173770355
2 7 : 0.6 0.6 : -9.386042972301
2 7 : 0.6 1.0 : -9.323565000548
2 7 : 1.0 -1.0 : -9.355609568526
2 7 : 1.0 -0.6 : -9.383445286246
2 7 : 1.0 -0.2 : -9.394572192877
2 7 : 1.0 0.2 : -9.387220032797
2 7 : 1.0 0.6 : -9.347383715939
2 7 : 1.0 1.0 : -9.280345384632
2 8 : -1.0 -1.0 : -9.385491355389
2 8 : -1.0 -0.6 : -9.399612996363
2 8 : -1.0 -0.2 : -9.39884302093
2 8 : -1.0 0.2 : -9.387526448233
2 8 : -1.0 0.6 : -9.368789246941
2 8 : -1.0 1.0 : -9.344888642198
2 8 : -0.6 -1.0 : -9.380820903681
2 8 : -0.6 -0.6 : -9.411240881612
2 8 : -0.6 -0.2 : -9.420702277418
2 8 : -0.6 0.2 : -9.415727372272
2 8 : -0.6 0.6 : -9.400819579908
2 8 : -0.6 1.0 : -9.379102372622
2 8 : -0.2 -1.0 : -9.367393048074
2 8 : -0.2 -0.6 : -9.409485114354
2 8 : -0.2 -0.2 : -9.426238450095
2 8 : -0.2 0.2 : -9.425818858698
2 8 : -0.2 0.6 : -9.413738853921
2 8 : -0.2 1.0 : -9.393740843244
2 8 : 0.2 -1.0 : -9.367393152269
2 8 : 0.2 -0.6 : -9.40948514595
2 8 : 0.2 -0.2 : -9.426238454354
2 8 : 0.2 0.2 : -9.42581886483
2 8 : 0.2 0.6 : -9.413738879846
2 8 : 0.2 1.0 : -9.393740899208
2 8 : 0.6 -1.0 : -9.380821147476
2 8 : 0.6 -0.6 : -9.411240980639
2 8 : 0.6 -0.2 : -9.420702333428
2 8 : 0.6 0.2 : -9.415727452005
2 8 : 0.6 0.6 : -9.400819724712
2 8 : 0.6 1.0 : -9.379102606176
2 8 : 1.0 -1.0 : -9.385491667961
2 8 : 1.0 -0.6 : -9.399613220516
2 8 : 1.0 -0.2 : -9.39884325434
2 8 : 1.0 0.2 : -9.3875267567
2 8 : 1.0 0.6 : -9.368789671845
2 8 : 1.0 1.0 : -9.344889207229
2 9 : -1.0 -1.0 : -9.320692453596
2 9 : -1.0 -0.6 : -9.368632899833
2 9 : -1.0 -0.2 : -9.391479852745
2 9 : -1.0 0.2 : -9.39147985132
2 9 : -1.0 0.6 : -9.368632895242
2 9 : -1.0 1.0 : -9.32069244485
2 9 : -0.6 -1.0 : -9.324525248901
2 9 : -0.6 -0.6 : -9.386634852626
2 9 : -0.6 -0.2 : -9.41609083449
2 9 : -0.6 0.2 : -9.416090833754
2 9 : -0.6 0.6 : -9.386634850251
2 9 : -0.6 1.0 : -9.324525244361
2 9 : -0.2 -1.0 : -9.319074030738
2 9 : -0.2 -0.6 : -9.390085027951
2 9 : -0.2 -0.2 : -9.423670590683
2 9 : -0.2 0.2 : -9.423670590591
2 9 : -0.2 0.6 : -9.390085027638
2 9 : -0.2 1.0 : -9.319074030085
2 9 : 0.2 -1.0 : -9.319073685785
2 9 : 0.2 -0.6 : -9.390084911652
2 9 : 0.2 -0.2 : -9.42367058019
2 9 : 0.2 0.2 : -9.423670580096
2 9 : 0.2 0.6 : -9.390084911332
2 9 : 0.2 1.0 : -9.319073685119
2 9 : 0.6 -1.0 : -9.324524414663
2 9 : 0.6 -0.6 : -9.386634607096
2 9 : 0.6 -0.2 : -9.416090862556
2 9 : 0.6 0.2 : -9.416090861815
2 9 : 0.6 0.6 : -9.386634604703
2 9 : 0.6 1.0 : -9.32452441009
2 9 : 1.0 -1.0 : -9.320691605409
2 9 : 1.0 -0.6 : -9.368632781034
2 9 : 1.0 -0.2 : -9.39148007552
2 9 : 1.0 0.2 : -9.391480074088
2 9 : 1.0 0.6 : -9.368632776423
2 9 : 1.0 1.0 : -9.320691596625
2 10 : -1.0 -1.0 : -9.313224367644
2 10 : -1.0 -0.6 : -9.357748346341
2 10 : -1.0 -0.2 : -9.386681498997
2 10 : -1.0 0.2 : -9.396461789743
2 10 : -1.0 0.6 : -9.381096616357
2 10 : -1.0 1.0 : -9.332066638725
2 10 : -0.6 -1.0 : -9.331175008576
2 10 : -0.6 -0.6 : -9.384091119118
2 10 : -0.6 -0.2 : -9.414187438439
2 10 : -0.6 0.2 : -9.417857985196
2 10 : -0.6 0.6 : -9.387755011299
2 10 : -0.6 1.0 : -9.312695970334
2 10 : -0.2 -1.0 : -9.332770560736
2 10 : -0.2 -0.6 : -9.392025785689
2 10 : -0.2 -0.2 : -9.423411855433
2 10 : -0.2 0.2 : -9.423537021762
2 10 : -0.2 0.6 : -9.384312715171
2 10 : -0.2 1.0 : -9.292887699332
2 10 : 0.2 -1.0 : -9.332771092547
2 10 : 0.2 -0.6 : -9.392026101976
2 10 : 0.2 -0.2 : -9.423411971108
2 10 : 0.2 0.2 : -9.423536892985
2 10 : 0.2 0.6 : -9.384312241881
2 10 : 0.2 1.0 : -9.292886714993
2 10 : 0.6 -1.0 : -9.331176327365
2 10 : 0.6 -0.6 : -9.384091943588
2 10 : 0.6 -0.2 : -9.414187780506
2 10 : 0.6 0.2 : -9.417857717345
2 10 : 0.6 0.6 : -9.387753868955
2 10 : 0.6 1.0 : -9.312693525463
2 10 : 1.0 -1.0 : -9.313225939113
2 10 : 1.0 -0.6 : -9.357749443259
2 10 : 1.0 -0.2 : -9.386682081976
2 10 : 1.0 0.2 : -9.396461670076
2 10 : 1.0 0.6 : -9.381095451699
2 10 : 1.0 1.0 : -9.33206390098
2 11 : -1.0 -1.0 : -9.311373833692
2 11 : -1.0 -0.6 : -9.354158933456
2 11 : -1.0 -0.2 : -9.386286926006
2 11 : -1.0 0.2 : -9.393239948899
2 11 : -1.0 0.6 : -9.344937479133
2 11 : -1.0 1.0 : -9.18012396225
2 11 : -0.6 -1.0 : -9.332641761474
2 11 : -0.6 -0.6 : -9.379504638116
2 11 : -0.6 -0.2 : -9.413014574899
2 11 : -0.6 0.2 : -9.414899855832
2 11 : -0.6 0.6 : -9.344809273302
2 11 : -0.6 1.0 : -9.114427444195
2 11 : -0.2 -1.0 : -9.338590424593
2 11 : -0.2 -0.6 : -9.387772466706
2 11 : -0.2 -0.2 : -9.42197802819
2 11 : -0.2 0.2 : -9.420575623262
2 11 : -0.2 0.6 : -9.336531880863
2 11 : -0.2 1.0 : -9.062828267667
2 11 : 0.2 -1.0 : -9.338590187727
2 11 : 0.2 -0.6 : -9.387772312721
2 11 : 0.2 -0.2 : -9.421977970516
2 11 : 0.2 0.2 : -9.420575699986
2 11 : 0.2 0.6 : -9.336532182526
2 11 : 0.2 1.0 : -9.062828987418
2 11 : 0.6 -1.0 : -9.332641209458
2 11 : 0.6 -0.6 : -9.379504296405
2 11 : 0.6 -0.2 : -9.413014480996
2 11 : 0.6 0.2 : -9.414900109412
2 11 : 0.6 0.6 : -9.344810102623
2 11 : 0.6 1.0 : -9.114429312376
2 11 : 1.0 -1.0 : -9.311373351321
2 11 : 1.0 -0.6 : -9.35415870081
2 11 : 1.0 -0.2 : -9.386286997484
2 11 : 1.0 0.2 : -9.393240452426
2 11 : 1.0 0.6 : -9.34493868719
2 11 : 1.0 1.0 : -9.180126378388
2 12 : -1.0 -1.0 : -9.245813619144
2 12 : -1.0 -0.6 : -9.349522283342
2 12 : -1.0 -0.2 : -9.389758100507
2 12 : -1.0 0.2 : -9.389758105008
2 12 : -1.0 0.6 : -9.349522273908
2 12 : -1.0 1.0 : -9.245813507833
2 12 : -0.6 -1.0 : -9.223686014693
2 12 : -0.6 -0.6 : -9.362135438569
2 12 : -0.6 -0.2 : -9.413951221633
2 12 : -0.6 0.2 : -9.413951222793
2 12 : -0.6 0.6 : -9.362135407285
2 12 : -0.6 1.0 : -9.223685809975
2 12 : -0.2 -1.0 : -9.200932182381
2 12 : -0.2 -0.6 : -9.362137107276
2 12 : -0.2 -0.2 : -9.421270761054
2 12 : -0.2 0.2 : -9.421270759743
2 12 : -0.2 0.6 : -9.362137060279
2 12 : -0.2 1.0 : -9.200931909482
2 12 : 0.2 -1.0 : -9.200932398988
2 12 : 0.2 -0.6 : -9.362137175365
2 12 : 0.2 -0.2 : -9.421270770071
2 12 : 0.2 0.2 : -9.421270768763
2 12 : 0.2 0.6 : -9.362137128383
2 12 : 0.2 1.0 : -9.200932126136
2 12 : 0.6 -1.0 : -9.223686610319
2 12 : 0.6 -0.6 : -9.362135667658
2 12 : 0.6 -0.2 : -9.413951300164
2 12 : 0.6 0.2 : -9.413951301332
2 12 : 0.6 0.6 : -9.362135636411
2 12 : 0.6 1.0 : -9.223686405716
2 12 : 1.0 -1.0 : -9.245814511987
2 12 : 1.0 -0.6 : -9.349522753087
2 12 : 1.0 -0.2 : -9.389758386395
2 12 : 1.0 0.2 : -9.389758390907
2 12 : 1.0 0.6 : -9.349522743698
2 12 : 1.0 1.0 : -9.245814400813
3 4 : -1.0 -1.0 : -9.308690020787
3 4 : -1.0 -0.6 : -9.366502825679
3 4 : -1.0 -0.2 : -9.391633140395
3 4 : -1.0 0.2 : -9.391633142936
3 4 : -1.0 0.6 : -9.366502835663
3 4 : -1.0 1.0 : -9.308690031741
3 4 : -0.6 -1.0 : -9.337904476616
3 4 : -0.6 -0.6 : -9.395808489796
3 4 : -0.6 -0.2 : -9.417796633855
3 4 : -0.6 0.2 : -9.417796634893
3 4 : -0.6 0.6 : -9.39580849598
3 4 : -0.6 1.0 : -9.337904484437
3 4 : -0.2 -1.0 : -9.348921095821
3 4 : -0.2 -0.6 : -9.406559237051
3 4 : -0.2 -0.2 : -9.426385681049
3 4 : -0.2 0.2 : -9.426385681276
3 4 : -0.2 0.6 : -9.406559239124
3 4 : -0.2 1.0 : -9.348921098655
3 4 : 0.2 -1.0 : -9.34892099778
3 4 : 0.2 -0.6 : -9.406559179937
3 4 : 0.2 -0.2 : -9.426385675428
3 4 : 0.2 0.2 : -9.426385675197
3 4 : 0.2 0.6 : -9.406559177826
3 4 : 0.2 1.0 : -9.348920994866
3 4 : 0.6 -1.0 : -9.337904287734
3 4 : 0.6 -0.6 : -9.395808419581
3 4 : 0.6 -0.2 : -9.417796700651
3 4 : 0.6 0.2 : -9.417796699598
3 4 : 0.6 0.6 : -9.395808413327
3 4 : 0.6 1.0 : -9.337904279787
3 4 : 1.0 -1.0 : -9.308690017605
3 4 : 1.0 -0.6 : -9.366503003959
3 4 : 1.0 -0.2 : -9.391633499834
3 4 : 1.0 0.2 : -9.39163349726
3 4 : 1.0 0.6 : -9.366502993862
3 4 : 1.0 1.0 : -9.308690006458
3 5 : -1.0 -1.0 : -9.306955440086
3 5 : -1.0 -0.6 : -9.361370217874
3 5 : -1.0 -0.2 : -9.390387911928
3 5 : -1.0 0.2 : -9.390387917591
3 5 : -1.0 0.6 : -9.361370238644
3 5 : -1.0 1.0 : -9.306955466173
3 5 : -0.6 -1.0 : -9.337022279146
3 5 : -0.6 -0.6 : -9.393448604051
3 5 : -0.6 -0.2 : -9.417196442897
3 5 : -0.6 0.2 : -9.41719644524
3 5 : -0.6 0.6 : -9.393448617751
3 5 : -0.6 1.0 : -9.337022297252
3 5 : -0.2 -1.0 : -9.348798620799
3 5 : -0.2 -0.6 : -9.406264556859
3 5 : -0.2 -0.2 : -9.426308656142
3 5 : -0.2 0.2 : -9.426308656672
3 5 : -0.2 0.6 : -9.406264561684
3 5 : -0.2 1.0 : -9.348798627491
3 5 : 0.2 -1.0 : -9.348798529204
3 5 : 0.2 -0.6 : -9.406264506756
3 5 : 0.2 -0.2 : -9.426308651909
3 5 : 0.2 0.2 : -9.426308651378
3 5 : 0.2 0.6 : -9.406264501931
3 5 : 0.2 1.0 : -9.348798522514
3 5 : 0.6 -1.0 : -9.337022125053
3 5 : 0.6 -0.6 : -9.393448575192
3 5 : 0.6 -0.2 : -9.417196518875
3 5 : 0.6 0.2 : -9.417196516532
3 5 : 0.6 0.6 : -9.393448561491
3 5 : 0.6 1.0 : -9.337022106949
3 5 : 1.0 -1.0 : -9.306955542532
3 5 : 1.0 -0.6 : -9.361370516759
3 5 : 1.0 -0.2 : -9.390388297487
3 5 : 1.0 0.2 : -9.390388291823
3 5 : 1.0 0.6 : -9.361370495988
3 5 : 1.0 1.0 : -9.306955516446
3 6 : -1.0 -1.0 : -9.280345340531
3 6 : -1.0 -0.6 : -9.347383658375
3 6 : -1.0 -0.2 : -9.387219839945
3 6 : -1.0 0.2 : -9.394571719179
3 6 : -1.0 0.6 : -9.383444671557
3 6 : -1.0 1.0 : -9.355609131889
3 6 : -0.6 -1.0 : -9.323564969195
3 6 : -0.6 -0.6 : -9.386042996451
3 6 : -0.6 -0.2 : -9.416173756355
3 6 : -0.6 0.2 : -9.418566944535
3 6 : -0.6 0.6 : -9.406745855172
3 6 : -0.6 1.0 : -9.372116742055
3 6 : -0.2 -1.0 : -9.351232067219
3 6 : -0.2 -0.6 : -9.405177780607
3 6 : -0.2 -0.2 : -9.426049414436
3 6 : -0.2 0.2 : -9.426462456346
3 6 : -0.2 0.6 : -9.41201122116
3 6 : -0.2 1.0 : -9.368222270279
3 6 : 0.2 -1.0 : -9.368221976347
3 6 : 0.2 -0.6 : -9.412011117071
3 6 : 0.2 -0.2 : -9.426462458603
3 6 : 0.2 0.2 : -9.426049408049
3 6 : 0.2 0.6 : -9.405177802957
3 6 : 0.2 1.0 : -9.35123218201
3 6 : 0.6 -1.0 : -9.372116572679
3 6 : 0.6 -0.6 : -9.406745934634
3 6 : 0.6 -0.2 : -9.418567090417
3 6 : 0.6 0.2 : -9.416173772273
3 6 : 0.6 0.6 : -9.386042927276
3 6 : 0.6 1.0 : -9.323564914126
3 6 : 1.0 -1.0 : -9.355609592481
3 6 : 1.0 -0.6 : -9.383445336497
3 6 : 1.0 -0.2 : -9.39457226198
3 6 : 1.0 0.2 : -9.387220076019
3 6 : 1.0 0.6 : -9.34738371878
3 6 : 1.0 1.0 : -9.280345370291
3 7 : -1.0 -1.0 : -9.301863666328
3 7 : -1.0 -0.6 : -9.360912798556
3 7 : -1.0 -0.2 : -9.3901363036
3 7 : -1.0 0.2 : -9.393516884994
3 7 : -1.0 0.6 : -9.378518510031
3 7 : -1.0 1.0 : -9.337658486296
3 7 : -0.6 -1.0 : -9.337759319278
3 7 : -0.6 -0.6 : -9.393609621971
3 7 : -0.6 -0.2 : -9.417277961043
3 7 : -0.6 0.2 : -9.418374143744
3 7 : -0.6 0.6 : -9.403246260565
3 7 : -0.6 1.0 : -9.359937443905
3 7 : -0.2 -1.0 : -9.356069187569
3 7 : -0.2 -0.6 : -9.407322059218
3 7 : -0.2 -0.2 : -9.426222263879
3 7 : -0.2 0.2 : -9.426407502138
3 7 : -0.2 0.6 : -9.41038246117
3 7 : -0.2 1.0 : -9.363657131881
3 7 : 0.2 -1.0 : -9.363656694252
3 7 : 0.2 -0.6 : -9.410382296201
3 7 : 0.2 -0.2 : -9.426407497503
3 7 : 0.2 0.2 : -9.426222262008
3 7 : 0.2 0.6 : -9.407322130472
3 7 : 0.2 1.0 : -9.356069433475
3 7 : 0.6 -1.0 : -9.359937089875
3 7 : 0.6 -0.6 : -9.403246209599
3 7 : 0.6 -0.2 : -9.418374254001
3 7 : 0.6 0.2 : -9.417277997495
3 7 : 0.6 0.6 : -9.393609601663
3 7 : 0.6 1.0 : -9.337759350317
3 7 : 1.0 -1.0 : -9.337658624831
3 7 : 1.0 -0.6 : -9.378518897497
3 7 : 1.0 -0.2 : -9.39351734711
3 7 : 1.0 0.2 : -9.390136579038
3 7 : 1.0 0.6 : -9.360912896678
3 7 : 1.0 1.0 : -9.301863705355
3 8 : -1.0 -1.0 : -9.385491283081
3 8 : -1.0 -0.6 : -9.399612944535
3 8 : -1.0 -0.2 : -9.398842966965
3 8 : -1.0 0.2 : -9.387526376891
3 8 : -1.0 0.6 : -9.36878914864
3 8 : -1.0 1.0 : -9.344888511449
3 8 : -0.6 -1.0 : -9.38082084724
3 8 : -0.6 -0.6 : -9.411240858693
3 8 : -0.6 -0.2 : -9.420702264465
3 8 : -0.6 0.2 : -9.415727353832
3 8 : -0.6 0.6 : -9.400819546408
3 8 : -0.6 1.0 : -9.379102318577
3 8 : -0.2 -1.0 : -9.367393023949
3 8 : -0.2 -0.6 : -9.409485107037
3 8 : -0.2 -0.2 : -9.42623844911
3 8 : -0.2 0.2 : -9.425818857282
3 8 : -0.2 0.6 : -9.413738847923
3 8 : -0.2 1.0 : -9.393740830294
3 8 : 0.2 -1.0 : -9.367393176389
3 8 : 0.2 -0.6 : -9.409485153266
3 8 : 0.2 -0.2 : -9.426238455339
3 8 : 0.2 0.2 : -9.425818866248
3 8 : 0.2 0.6 : -9.413738885846
3 8 : 0.2 1.0 : -9.393740912161
3 8 : 0.6 -1.0 : -9.380821203899
3 8 : 0.6 -0.6 : -9.411241003561
3 8 : 0.6 -0.2 : -9.420702346397
3 8 : 0.6 0.2 : -9.415727470469
3 8 : 0.6 0.6 : -9.400819758243
3 8 : 0.6 1.0 : -9.379102660255
3 8 : 1.0 -1.0 : -9.385491740299
3 8 : 1.0 -0.6 : -9.399613272415
3 8 : 1.0 -0.2 : -9.398843308402
3 8 : 1.0 0.2 : -9.387526828155
3 8 : 1.0 0.6 : -9.36878977027
3 8 : 1.0 1.0 : -9.344889338108
3 9 : -1.0 -1.0 : -9.320692650061
3 9 : -1.0 -0.6 : -9.368632927433
3 9 : -1.0 -0.2 : -9.391479801253
3 9 : -1.0 0.2 : -9.391479799804
3 9 : -1.0 0.6 : -9.368632922765
3 9 : -1.0 1.0 : -9.320692641169
3 9 : -0.6 -1.0 : -9.324525442064
3 9 : -0.6 -0.6 : -9.386634909497
3 9 : -0.6 -0.2 : -9.416090828014
3 9 : -0.6 0.2 : -9.416090827266
3 9 : -0.6 0.6 : -9.386634907084
3 9 : -0.6 1.0 : -9.324525437451
3 9 : -0.2 -1.0 : -9.319074110599
3 9 : -0.2 -0.6 : -9.390085054878
3 9 : -0.2 -0.2 : -9.423670593114
3 9 : -0.2 0.2 : -9.423670593021
3 9 : -0.2 0.6 : -9.39008505456
3 9 : -0.2 1.0 : -9.319074109937
3 9 : 0.2 -1.0 : -9.319073605931
3 9 : 0.2 -0.6 : -9.39008488473
3 9 : 0.2 -0.2 : -9.423670577761
3 9 : 0.2 0.2 : -9.423670577665
3 9 : 0.2 0.6 : -9.390084884404
3 9 : 0.2 1.0 : -9.319073605253
3 9 : 0.6 -1.0 : -9.324524221565
3 9 : 0.6 -0.6 : -9.386634550275
3 9 : 0.6 -0.2 : -9.416090869064
3 9 : 0.6 0.2 : -9.416090868309
3 9 : 0.6 0.6 : -9.38663454784
3 9 : 0.6 1.0 : -9.324524216912
3 9 : 1.0 -1.0 : -9.320691409134
3 9 : 1.0 -0.6 : -9.368632753598
3 9 : 1.0 -0.2 : -9.39148012714
3 9 : 1.0 0.2 : -9.391480125684
3 9 : 1.0 0.6 : -9.368632748907
3 9 : 1.0 1.0 : -9.320691400198
3 10 : -1.0 -1.0 : -9.313224003911
3 10 : -1.0 -0.6 : -9.357748092479
3 10 : -1.0 -0.2 : -9.386681364106
3 10 : -1.0 0.2 : -9.396461817508
3 10 : -1.0 0.6 : -9.381096886007
3 10 : -1.0 1.0 : -9.332067272496
3 10 : -0.6 -1.0 : -9.331174703281
3 10 : -0.6 -0.6 : -9.384090928289
3 10 : -0.6 -0.2 : -9.414187359268
3 10 : -0.6 0.2 : -9.417858047217
3 10 : -0.6 0.6 : -9.387755275749
3 10 : -0.6 1.0 : -9.312696536292
3 10 : -0.2 -1.0 : -9.332770437618
3 10 : -0.2 -0.6 : -9.392025712464
3 10 : -0.2 -0.2 : -9.423411828656
3 10 : -0.2 0.2 : -9.423537051574
3 10 : -0.2 0.6 : -9.384312824736
3 10 : -0.2 1.0 : -9.2928879272
3 10 : 0.2 -1.0 : -9.332771215665
3 10 : 0.2 -0.6 : -9.392026175191
3 10 : 0.2 -0.2 : -9.423411997887
3 10 : 0.2 0.2 : -9.423536863172
3 10 : 0.2 0.6 : -9.384312132313
3 10 : 0.2 1.0 : -9.292886487117
3 10 : 0.6 -1.0 : -9.331176632677
3 10 : 0.6 -0.6 : -9.384092134486
3 10 : 0.6 -0.2 : -9.414187859701
3 10 : 0.6 0.2 : -9.417857655338
3 10 : 0.6 0.6 : -9.387753604495
3 10 : 0.6 1.0 : -9.312692959454
3 10 : 1.0 -1.0 : -9.313226302952
3 10 : 1.0 -0.6 : -9.357749697241
3 10 : 1.0 -0.2 : -9.38668221697
3 10 : 1.0 0.2 : -9.396461642404
3 10 : 1.0 0.6 : -9.381095182093
3 10 : 1.0 1.0 : -9.332063267172
3 11 : -1.0 -1.0 : -9.311373945439
3 11 : -1.0 -0.6 : -9.354158987399
3 11 : -1.0 -0.2 : -9.386286909541
3 11 : -1.0 0.2 : -9.393239832379
3 11 : -1.0 0.6 : -9.344937199397
3 11 : -1.0 1.0 : -9.180123402517
3 11 : -0.6 -1.0 : -9.332641889287
3 11 : -0.6 -0.6 : -9.379504717247
3 11 : -0.6 -0.2 : -9.41301459666
3 11 : -0.6 0.2 : -9.414899797132
3 11 : -0.6 0.6 : -9.344809081259
3 11 : -0.6 1.0 : -9.114427011486
3 11 : -0.2 -1.0 : -9.33859047943
3 11 : -0.2 -0.6 : -9.387772502357
3 11 : -0.2 -0.2 : -9.421978041544
3 11 : -0.2 0.2 : -9.4205756055
3 11 : -0.2 0.6 : -9.336531811019
3 11 : -0.2 1.0 : -9.06282810101
3 11 : 0.2 -1.0 : -9.338590132892
3 11 : 0.2 -0.6 : -9.387772277074
3 11 : 0.2 -0.2 : -9.421977957165
3 11 : 0.2 0.2 : -9.420575717746
3 11 : 0.2 0.6 : -9.336532252354
3 11 : 0.2 1.0 : -9.062829154017
3 11 : 0.6 -1.0 : -9.332641081676
3 11 : 0.6 -0.6 : -9.37950421731
3 11 : 0.6 -0.2 : -9.413014459267
3 11 : 0.6 0.2 : -9.41490016811
3 11 : 0.6 0.6 : -9.344810294555
3 11 : 0.6 1.0 : -9.114429744657
3 11 : 1.0 -1.0 : -9.311373239698
3 11 : 1.0 -0.6 : -9.354158647005
3 11 : 1.0 -0.2 : -9.386287014079
3 11 : 1.0 0.2 : -9.393240569009
3 11 : 1.0 0.6 : -9.344938966767
3 11 : 1.0 1.0 : -9.180126937334
3 12 : -1.0 -1.0 : -9.245813411886
3 12 : -1.0 -0.6 : -9.349522174463
3 12 : -1.0 -0.2 : -9.389758034354
3 12 : -1.0 0.2 : -9.38975803892
3 12 : -1.0 0.6 : -9.349522165314
3 12 : -1.0 1.0 : -9.245813301427
3 12 : -0.6 -1.0 : -9.22368587649
3 12 : -0.6 -0.6 : -9.362135385447
3 12 : -0.6 -0.2 : -9.41395120345
3 12 : -0.6 0.2 : -9.413951204643
3 12 : -0.6 0.6 : -9.362135354311
3 12 : -0.6 1.0 : -9.223685672227
3 12 : -0.2 -1.0 : -9.200932132189
3 12 : -0.2 -0.6 : -9.362137091499
3 12 : -0.2 -0.2 : -9.421270758965
3 12 : -0.2 0.2 : -9.421270757659
3 12 : -0.2 0.6 : -9.362137044525
3 12 : -0.2 1.0 : -9.200931859363
3 12 : 0.2 -1.0 : -9.200932449098
3 12 : 0.2 -0.6 : -9.362137191118
3 12 : 0.2 -0.2 : -9.421270772156
3 12 : 0.2 0.2 : -9.421270770851
3 12 : 0.2 0.6 : -9.362137144147
3 12 : 0.2 1.0 : -9.200932176282
3 12 : 0.6 -1.0 : -9.223686747915
3 12 : 0.6 -0.6 : -9.36213572061
3 12 : 0.6 -0.2 : -9.413951318332
3 12 : 0.6 0.2 : -9.413951319527
3 12 : 0.6 0.6 : -9.362135689481
3 12 : 0.6 1.0 : -9.223686543676
3 12 : 1.0 -1.0 : -9.245814718128
3 12 : 1.0 -0.6 : -9.349522861689
3 12 : 1.0 -0.2 : -9.389758452583
3 12 : 1.0 0.2 : -9.389758457151
3 12 : 1.0 0.6 : -9.349522852549
3 12 : 1.0 1.0 : -9.245814607695
4 5 : -1.0 -1.0 : -9.262649140932
4 5 : -1.0 -0.6 : -9.316850207127
4 5 : -1.0 -0.2 : -9.346334133049
4 5 : -1.0 0.2 : -9.346334133559
4 5 : -1.0 0.6 : -9.316850207125
4 5 : -1.0 1.0 : -9.262649140929
4 5 : -0.6 -1.0 : -9.316850207134
4 5 : -0.6 -0.6 : -9.376342736379
4 5 : -0.6 -0.2 : -9.404499358997
4 5 : -0.6 0.2 : -9.404499359029
4 5 : -0.6 0.6 : -9.376342736393
4 5 : -0.6 1.0 : -9.316850206744
4 5 : -0.2 -1.0 : -9.346334133662
4 5 : -0.2 -0.6 : -9.404499359017
4 5 : -0.2 -0.2 : -9.42555861721
4 5 : -0.2 0.2 : -9.425558617211
4 5 : -0.2 0.6 : -9.404499359064
4 5 : -0.2 1.0 : -9.346334134903
4 5 : 0.2 -1.0 : -9.346334134499
4 5 : 0.2 -0.6 : -9.40449935905
4 5 : 0.2 -0.2 : -9.425558617209
4 5 : 0.2 0.2 : -9.425558617209
4 5 : 0.2 0.6 : -9.404499359034
4 5 : 0.2 1.0 : -9.3463341342
4 5 : 0.6 -1.0 : -9.316850206325
4 5 : 0.6 -0.6 : -9.376342736372
4 5 : 0.6 -0.2 : -9.40449935903
4 5 : 0.6 0.2 : -9.404499359005
4 5 : 0.6 0.6 : -9.376342736363
4 5 : 0.6 1.0 : -9.316850207115
4 5 : 1.0 -1.0 : -9.2626491409
4 5 : 1.0 -0.6 : -9.31685020709
4 5 : 1.0 -0.2 : -9.34633413407
4 5 : 1.0 0.2 : -9.346334133522
4 5 : 1.0 0.6 : -9.316850207093
4 5 : 1.0 1.0 : -9.262649140904
4 6 : -1.0 -1.0 : -9.272976492692
4 6 : -1.0 -0.6 : -9.321065468601
4 6 : -1.0 -0.2 : -9.346817613331
4 6 : -1.0 0.2 : -9.346817658257
4 6 : -1.0 0.6 : -9.321065607081
4 6 : -1.0 1.0 : -9.272976723087
4 6 : -0.6 -1.0 : -9.328109820884
4 6 : -0.6 -0.6 : -9.38017256419
4 6 : -0.6 -0.2 : -9.404815521555
4 6 : -0.6 0.2 : -9.40481555354
4 6 : -0.6 0.6 : -9.3801726877
4 6 : -0.6 1.0 : -9.328110058297
4 6 : -0.2 -1.0 : -9.357388306223
4 6 : -0.2 -0.6 : -9.407020495641
4 6 : -0.2 -0.2 : -9.425541333828
4 6 : -0.2 0.2 : -9.425541342539
4 6 : -0.2 0.6 : -9.407020584058
4 6 : -0.2 1.0 : -9.357388532041
4 6 : 0.2 -1.0 : -9.357388306234
4 6 : 0.2 -0.6 : -9.407020495671
4 6 : 0.2 -0.2 : -9.425541333825
4 6 : 0.2 0.2 : -9.425541342539
4 6 : 0.2 0.6 : -9.407020584017
4 6 : 0.2 1.0 : -9.357388532016
4 6 : 0.6 -1.0 : -9.328109820837
4 6 : 0.6 -0.6 : -9.380172564181
4 6 : 0.6 -0.2 : -9.404815521511
4 6 : 0.6 0.2 : -9.404815553549
4 6 : 0.6 0.6 : -9.380172687667
4 6 : 0.6 1.0 : -9.328110058303
4 6 : 1.0 -1.0 : -9.272976492705
4 6 : 1.0 -0.6 : -9.321065468669
4 6 : 1.0 -0.2 : -9.346817613318
4 6 : 1.0 0.2 : -9.346817658197
4 6 : 1.0 0.6 : -9.321065606945
4 6 : 1.0 1.0 : -9.272976723016
4 7 : -1.0 -1.0 : -9.288281583789
4 7 : -1.0 -0.6 : -9.324668095097
4 7 : -1.0 -0.2 : -9.347153423753
4 7 : -1.0 0.2 : -9.347153487161
4 7 : -1.0 0.6 : -9.324668262838
4 7 : -1.0 1.0 : -9.288281767958
4 7 : -0.6 -1.0 : -9.328167734897
4 7 : -0.6 -0.6 : -9.373133330914
4 7 : -0.6 -0.2 : -9.403278692943
4 7 : -0.6 0.2 : -9.403278772875
4 7 : -0.6 0.6 : -9.37313350581
4 7 : -0.6 1.0 : -9.328167979406
4 7 : -0.2 -1.0 : -9.356925690163
4 7 : -0.2 -0.6 : -9.405104298402
4 7 : -0.2 -0.2 : -9.425079802528
4 7 : -0.2 0.2 : -9.425079824377
4 7 : -0.2 0.6 : -9.405104433205
4 7 : -0.2 1.0 : -9.356926031415
4 7 : 0.2 -1.0 : -9.356925687664
4 7 : 0.2 -0.6 : -9.40510429472
4 7 : 0.2 -0.2 : -9.42507980267
4 7 : 0.2 0.2 : -9.42507982423
4 7 : 0.2 0.6 : -9.405104436866
4 7 : 0.2 1.0 : -9.356926033898
4 7 : 0.6 -1.0 : -9.328167729554
4 7 : 0.6 -0.6 : -9.373133331139
4 7 : 0.6 -0.2 : -9.403278695754
4 7 : 0.6 0.2 : -9.403278770029
4 7 : 0.6 0.6 : -9.373133505546
4 7 : 0.6 1.0 : -9.328167984715
4 7 : 1.0 -1.0 : -9.288281585501
4 7 : 1.0 -0.6 : -9.32466809531
4 7 : 1.0 -0.2 : -9.347153421855
4 7 : 1.0 0.2 : -9.34715348899
4 7 : 1.0 0.6 : -9.324668262578
4 7 : 1.0 1.0 : -9.288281766218
4 8 : -1.0 -1.0 : -9.289042438801
4 8 : -1.0 -0.6 : -9.331545203257
4 8 : -1.0 -0.2 : -9.348476529507
4 8 : -1.0 0.2 : -9.348213421828
4 8 : -1.0 0.6 : -9.336388767806
4 8 : -1.0 1.0 : -9.316811195242
4 8 : -0.6 -1.0 : -9.345901684914
4 8 : -0.6 -0.6 : -9.38886764341
4 8 : -0.6 -0.2 : -9.406030770563
4 8 : -0.6 0.2 : -9.405785153834
4 8 : -0.6 0.6 : -9.393778425189
4 8 : -0.6 1.0 : -9.373832289886
4 8 : -0.2 -1.0 : -9.364030939791
4 8 : -0.2 -0.6 : -9.407663268702
4 8 : -0.2 -0.2 : -9.425346308859
4 8 : -0.2 0.2 : -9.425485359545
4 8 : -0.2 0.6 : -9.413737782944
4 8 : -0.2 1.0 : -9.39393360936
4 8 : 0.2 -1.0 : -9.364030939808
4 8 : 0.2 -0.6 : -9.407663268714
4 8 : 0.2 -0.2 : -9.425346308861
4 8 : 0.2 0.2 : -9.425485359542
4 8 : 0.2 0.6 : -9.413737782939
4 8 : 0.2 1.0 : -9.393933609359
4 8 : 0.6 -1.0 : -9.345901684944
4 8 : 0.6 -0.6 : -9.388867643377
4 8 : 0.6 -0.2 : -9.406030770572
4 8 : 0.6 0.2 : -9.405785153837
4 8 : 0.6 0.6 : -9.393778425193
4 8 : 0.6 1.0 : -9.373832289929
4 8 : 1.0 -1.0 : -9.289042438325
4 8 : 1.0 -0.6 : -9.331545203616
4 8 : 1.0 -0.2 : -9.348476529894
4 8 : 1.0 0.2 : -9.348213422128
4 8 : 1.0 0.6 : -9.336388767972
4 8 : 1.0 1.0 : -9.316811195352
4 9 : -1.0 -1.0 : -9.246696481428
4 9 : -1.0 -0.6 : -9.314256174882
4 9 : -1.0 -0.2 : -9.346184530546
4 9 : -1.0 0.2 : -9.346184439051
4 9 : -1.0 0.6 : -9.314255874063
4 9 : -1.0 1.0 : -9.246695887144
4 9 : -0.6 -1.0 : -9.300568045176
4 9 : -0.6 -0.6 : -9.370558338168
4 9 : -0.6 -0.2 : -9.403633147647
4 9 : -0.6 0.2 : -9.403633084429
4 9 : -0.6 0.6 : -9.370558131966
4 9 : -0.6 1.0 : -9.300567643127
4 9 : -0.2 -1.0 : -9.31714664792
4 9 : -0.2 -0.6 : -9.389051388172
4 9 : -0.2 -0.2 : -9.423044289025
4 9 : -0.2 0.2 : -9.423044263771
4 9 : -0.2 0.6 : -9.38905130661
4 9 : -0.2 1.0 : -9.317146491537
4 9 : 0.2 -1.0 : -9.317146492137
4 9 : 0.2 -0.6 : -9.389051306927
4 9 : 0.2 -0.2 : -9.423044263869
4 9 : 0.2 0.2 : -9.423044288927
4 9 : 0.2 0.6 : -9.389051387869
4 9 : 0.2 1.0 : -9.317146647366
4 9 : 0.6 -1.0 : -9.300567643069
4 9 : 0.6 -0.6 : -9.370558131943
4 9 : 0.6 -0.2 : -9.40363308441
4 9 : 0.6 0.2 : -9.403633147637
4 9 : 0.6 0.6 : -9.370558338201
4 9 : 0.6 1.0 : -9.30056804533
4 9 : 1.0 -1.0 : -9.246695880675
4 9 : 1.0 -0.6 : -9.314255870376
4 9 : 1.0 -0.2 : -9.346184437827
4 9 : 1.0 0.2 : -9.346184531705
4 9 : 1.0 0.6 : -9.314256178566
4 9 : 1.0 1.0 : -9.246696488026
4 10 : -1.0 -1.0 : -9.258465334258
4 10 : -1.0 -0.6 : -9.315360624135
4 10 : -1.0 -0.2 : -9.345651390348
4 10 : -1.0 0.2 : -9.346394325348
4 10 : -1.0 0.6 : -9.309901492647
4 10 : -1.0 1.0 : -9.223817213121
4 10 : -0.6 -1.0 : -9.310966213159
4 10 : -0.6 -0.6 : -9.370694310547
4 10 : -0.6 -0.2 : -9.402795277012
4 10 : -0.6 0.2 : -9.404077210783
4 10 : -0.6 0.6 : -9.366553909711
4 10 : -0.6 1.0 : -9.277434627984
4 10 : -0.2 -1.0 : -9.330807081417
4 10 : -0.2 -0.6 : -9.391044380367
4 10 : -0.2 -0.2 : -9.422828970194
4 10 : -0.2 0.2 : -9.422832498728
4 10 : -0.2 0.6 : -9.382897207591
4 10 : -0.2 1.0 : -9.289981192109
4 10 : 0.2 -1.0 : -9.330807081419
4 10 : 0.2 -0.6 : -9.391044381015
4 10 : 0.2 -0.2 : -9.422828970192
4 10 : 0.2 0.2 : -9.422832498733
4 10 : 0.2 0.6 : -9.382897207616
4 10 : 0.2 1.0 : -9.289981192165
4 10 : 0.6 -1.0 : -9.310966213162
4 10 : 0.6 -0.6 : -9.370694310523
4 10 : 0.6 -0.2 : -9.402795277239
4 10 : 0.6 0.2 : -9.404077210781
4 10 : 0.6 0.6 : -9.366553909759
4 10 : 0.6 1.0 : -9.277434628115
4 10 : 1.0 -1.0 : -9.258465334267
4 10 : 1.0 -0.6 : -9.315360624095
4 10 : 1.0 -0.2 : -9.3456513903
4 10 : 1.0 0.2 : -9.346394325336
4 10 : 1.0 0.6 : -9.309901492707
4 10 : 1.0 1.0 : -9.223817213308
4 11 : -1.0 -1.0 : -9.252235203295
4 11 : -1.0 -0.6 : -9.294993522091
4 11 : -1.0 -0.2 : -9.333264283608
4 11 : -1.0 0.2 : -9.364671897871
4 11 : -1.0 0.6 : -9.384433697552
4 11 : -1.0 1.0 : -9.386353949706
4 11 : -0.6 -1.0 : -9.305842204022
4 11 : -0.6 -0.6 : -9.35370490678
4 11 : -0.6 -0.2 : -9.393506016885
4 11 : -0.6 0.2 : -9.415795293417
4 11 : -0.6 0.6 : -9.403038395393
4 11 : -0.6 1.0 : -9.323482643078
4 11 : -0.2 -1.0 : -9.335266202795
4 11 : -0.2 -0.6 : -9.384708708767
4 11 : -0.2 -0.2 : -9.420062910978
4 11 : -0.2 0.2 : -9.422326156527
4 11 : -0.2 0.6 : -9.349015335887
4 11 : -0.2 1.0 : -9.105857499392
4 11 : 0.2 -1.0 : -9.33526620279
4 11 : 0.2 -0.6 : -9.384708708761
4 11 : 0.2 -0.2 : -9.420062910974
4 11 : 0.2 0.2 : -9.422326156532
4 11 : 0.2 0.6 : -9.349015335926
4 11 : 0.2 1.0 : -9.10585749953
4 11 : 0.6 -1.0 : -9.305842204005
4 11 : 0.6 -0.6 : -9.353704906744
4 11 : 0.6 -0.2 : -9.39350601687
4 11 : 0.6 0.2 : -9.415795293441
4 11 : 0.6 0.6 : -9.403038395407
4 11 : 0.6 1.0 : -9.323482643293
4 11 : 1.0 -1.0 : -9.252235203305
4 11 : 1.0 -0.6 : -9.29499352208
4 11 : 1.0 -0.2 : -9.333264283888
4 11 : 1.0 0.2 : -9.36467189778
4 11 : 1.0 0.6 : -9.384433695056
4 11 : 1.0 1.0 : -9.38635394969
4 12 : -1.0 -1.0 : -9.318693040357
4 12 : -1.0 -0.6 : -9.339488022719
4 12 : -1.0 -0.2 : -9.348942711244
4 12 : -1.0 0.2 : -9.348942700991
4 12 : -1.0 0.6 : -9.339488008175
4 12 : -1.0 1.0 : -9.3186930712
4 12 : -0.6 -1.0 : -9.314266367284
4 12 : -0.6 -0.6 : -9.378205313788
4 12 : -0.6 -0.2 : -9.404630869821
4 12 : -0.6 0.2 : -9.404630906215
4 12 : -0.6 0.6 : -9.378205466679
4 12 : -0.6 1.0 : -9.314266802144
4 12 : -0.2 -1.0 : -9.220678994623
4 12 : -0.2 -0.6 : -9.366821901658
4 12 : -0.2 -0.2 : -9.421186201308
4 12 : -0.2 0.2 : -9.421186232073
4 12 : -0.2 0.6 : -9.366822007328
4 12 : -0.2 1.0 : -9.220679236248
4 12 : 0.2 -1.0 : -9.220679460242
4 12 : 0.2 -0.6 : -9.366822042118
4 12 : 0.2 -0.2 : -9.421186231186
4 12 : 0.2 0.2 : -9.421186202196
4 12 : 0.2 0.6 : -9.366821866903
4 12 : 0.2 1.0 : -9.220678770762
4 12 : 0.6 -1.0 : -9.314266809045
4 12 : 0.6 -0.6 : -9.378205446335
4 12 : 0.6 -0.2 : -9.404630895855
4 12 : 0.6 0.2 : -9.404630880152
4 12 : 0.6 0.6 : -9.378205334143
4 12 : 0.6 1.0 : -9.314266360503
4 12 : 1.0 -1.0 : -9.318693029732
4 12 : 1.0 -0.6 : -9.339487980736
4 12 : 1.0 -0.2 : -9.3489426914
4 12 : 1.0 0.2 : -9.348942720765
4 12 : 1.0 0.6 : -9.339488050107
4 12 : 1.0 1.0 : -9.318693081818
5 6 : -1.0 -1.0 : -9.288281618501
5 6 : -1.0 -0.6 : -9.324668127142
5 6 : -1.0 -0.2 : -9.347153436314
5 6 : -1.0 0.2 : -9.347153474606
5 6 : -1.0 0.6 : -9.324668230777
5 6 : -1.0 1.0 : -9.288281733211
5 6 : -0.6 -1.0 : -9.328167782595
5 6 : -0.6 -0.6 : -9.373133363991
5 6 : -0.6 -0.2 : -9.403278707535
5 6 : -0.6 0.2 : -9.403278758274
5 6 : -0.6 0.6 : -9.373133472694
5 6 : -0.6 1.0 : -9.32816793164
5 6 : -0.2 -1.0 : -9.356925756062
5 6 : -0.2 -0.6 : -9.405104324861
5 6 : -0.2 -0.2 : -9.425079806629
5 6 : -0.2 0.2 : -9.425079820273
5 6 : -0.2 0.6 : -9.405104406711
5 6 : -0.2 1.0 : -9.356925965422
5 6 : 0.2 -1.0 : -9.356925753567
5 6 : 0.2 -0.6 : -9.4051043212
5 6 : 0.2 -0.2 : -9.425079806771
5 6 : 0.2 0.2 : -9.425079820131
5 6 : 0.2 0.6 : -9.405104410374
5 6 : 0.2 1.0 : -9.356925967919
5 6 : 0.6 -1.0 : -9.328167777263
5 6 : 0.6 -0.6 : -9.373133364199
5 6 : 0.6 -0.2 : -9.403278710331
5 6 : 0.6 0.2 : -9.403278755479
5 6 : 0.6 0.6 : -9.373133472491
5 6 : 0.6 1.0 : -9.32816793698
5 6 : 1.0 -1.0 : -9.288281620186
5 6 : 1.0 -0.6 : -9.324668127333
5 6 : 1.0 -0.2 : -9.347153434443
5 6 : 1.0 0.2 : -9.347153476479
5 6 : 1.0 0.6 : -9.32466823059
5 6 : 1.0 1.0 : -9.288281731534
5 7 : -1.0 -1.0 : -9.272976422062
5 7 : -1.0 -0.6 : -9.32106542626
5 7 : -1.0 -0.2 : -9.346817599456
5 7 : -1.0 0.2 : -9.346817672146
5 7 : -1.0 0.6 : -9.321065649466
5 7 : -1.0 1.0 : -9.27297679381
5 7 : -0.6 -1.0 : -9.32810974724
5 7 : -0.6 -0.6 : -9.380172525429
5 7 : -0.6 -0.2 : -9.404815511243
5 7 : -0.6 0.2 : -9.404815563851
5 7 : -0.6 0.6 : -9.380172726488
5 7 : -0.6 1.0 : -9.328110132028
5 7 : -0.2 -1.0 : -9.357388235961
5 7 : -0.2 -0.6 : -9.407020468037
5 7 : -0.2 -0.2 : -9.425541331016
5 7 : -0.2 0.2 : -9.425541345351
5 7 : -0.2 0.6 : -9.407020611684
5 7 : -0.2 1.0 : -9.35738860239
5 7 : 0.2 -1.0 : -9.357388235942
5 7 : 0.2 -0.6 : -9.407020468
5 7 : 0.2 -0.2 : -9.425541331017
5 7 : 0.2 0.2 : -9.42554134535
5 7 : 0.2 0.6 : -9.40702061172
5 7 : 0.2 1.0 : -9.357388602409
5 7 : 0.6 -1.0 : -9.328109747265
5 7 : 0.6 -0.6 : -9.380172525416
5 7 : 0.6 -0.2 : -9.404815511269
5 7 : 0.6 0.2 : -9.404815563826
5 7 : 0.6 0.6 : -9.380172726502
5 7 : 0.6 1.0 : -9.328110132005
5 7 : 1.0 -1.0 : -9.272976422019
5 7 : 1.0 -0.6 : -9.321065426158
5 7 : 1.0 -0.2 : -9.346817599432
5 7 : 1.0 0.2 : -9.346817672172
5 7 : 1.0 0.6 : -9.32106564957
5 7 : 1.0 1.0 : -9.272976793854
5 8 : -1.0 -1.0 : -9.28904243938
5 8 : -1.0 -0.6 : -9.331545203377
5 8 : -1.0 -0.2 : -9.348476529956
5 8 : -1.0 0.2 : -9.348213422514
5 8 : -1.0 0.6 : -9.336388768321
5 8 : -1.0 1.0 : -9.316811195559
5 8 : -0.6 -1.0 : -9.345901684896
5 8 : -0.6 -0.6 : -9.388867643447
5 8 : -0.6 -0.2 : -9.406030770578
5 8 : -0.6 0.2 : -9.405785153852
5 8 : -0.6 0.6 : -9.393778425201
5 8 : -0.6 1.0 : -9.373832290007
5 8 : -0.2 -1.0 : -9.364030939919
5 8 : -0.2 -0.6 : -9.407663268715
5 8 : -0.2 -0.2 : -9.42534630886
5 8 : -0.2 0.2 : -9.425485359544
5 8 : -0.2 0.6 : -9.413737782952
5 8 : -0.2 1.0 : -9.393933609434
5 8 : 0.2 -1.0 : -9.364030939905
5 8 : 0.2 -0.6 : -9.407663268713
5 8 : 0.2 -0.2 : -9.42534630886
5 8 : 0.2 0.2 : -9.425485359544
5 8 : 0.2 0.6 : -9.413737782952
5 8 : 0.2 1.0 : -9.393933609437
5 8 : 0.6 -1.0 : -9.345901684917
5 8 : 0.6 -0.6 : -9.388867643404
5 8 : 0.6 -0.2 : -9.406030770596
5 8 : 0.6 0.2 : -9.405785153862
5 8 : 0.6 0.6 : -9.3937784252
5 8 : 0.6 1.0 : -9.373832290021
5 8 : 1.0 -1.0 : -9.289042438414
5 8 : 1.0 -0.6 : -9.331545203651
5 8 : 1.0 -0.2 : -9.348476530339
5 8 : 1.0 0.2 : -9.348213422776
5 8 : 1.0 0.6 : -9.336388768418
5 8 : 1.0 1.0 : -9.316811195577
5 9 : -1.0 -1.0 : -9.246696370483
5 9 : -1.0 -0.6 : -9.314256118647
5 9 : -1.0 -0.2 : -9.346184513429
5 9 : -1.0 0.2 : -9.346184456183
5 9 : -1.0 0.6 : -9.314255930353
5 9 : -1.0 1.0 : -9.246695998229
5 9 : -0.6 -1.0 : -9.300567970904
5 9 : -0.6 -0.6 : -9.370558300074
5 9 : -0.6 -0.2 : -9.403633135965
5 9 : -0.6 0.2 : -9.403633096109
5 9 : -0.6 0.6 : -9.370558170082
5 9 : -0.6 1.0 : -9.300567717469
5 9 : -0.2 -1.0 : -9.317146619148
5 9 : -0.2 -0.6 : -9.389051373166
5 9 : -0.2 -0.2 : -9.423044284378
5 9 : -0.2 0.2 : -9.423044268419
5 9 : -0.2 0.6 : -9.389051321624
5 9 : -0.2 1.0 : -9.317146520332
5 9 : 0.2 -1.0 : -9.317146520902
5 9 : 0.2 -0.6 : -9.38905132193
5 9 : 0.2 -0.2 : -9.423044268515
5 9 : 0.2 0.2 : -9.423044284282
5 9 : 0.2 0.6 : -9.38905137286
5 9 : 0.2 1.0 : -9.317146618579
5 9 : 0.6 -1.0 : -9.300567717327
5 9 : 0.6 -0.6 : -9.370558170035
5 9 : 0.6 -0.2 : -9.4036330961
5 9 : 0.6 0.2 : -9.403633135975
5 9 : 0.6 0.6 : -9.370558300121
5 9 : 0.6 1.0 : -9.300567971046
5 9 : 1.0 -1.0 : -9.246695991647
5 9 : 1.0 -0.6 : -9.314255926646
5 9 : 1.0 -0.2 : -9.346184454987
5 9 : 1.0 0.2 : -9.346184514627
5 9 : 1.0 0.6 : -9.314256122354
5 9 : 1.0 1.0 : -9.246696377061
5 10 : -1.0 -1.0 : -9.258465334279
5 10 : -1.0 -0.6 : -9.315360624133
5 10 : -1.0 -0.2 : -9.345651390345
5 10 : -1.0 0.2 : -9.34639432537
5 10 : -1.0 0.6 : -9.309901492716
5 10 : -1.0 1.0 : -9.223817213271
5 10 : -0.6 -1.0 : -9.310966213169
5 10 : -0.6 -0.6 : -9.370694309818
5 10 : -0.6 -0.2 : -9.402795277124
5 10 : -0.6 0.2 : -9.404077210791
5 10 : -0.6 0.6 : -9.366553909746
5 10 : -0.6 1.0 : -9.277434628068
5 10 : -0.2 -1.0 : -9.330807081418
5 10 : -0.2 -0.6 : -9.391044380294
5 10 : -0.2 -0.2 : -9.422828970194
5 10 : -0.2 0.2 : -9.422832498731
5 10 : -0.2 0.6 : -9.382897207604
5 10 : -0.2 1.0 : -9.289981192138
5 10 : 0.2 -1.0 : -9.330807081418
5 10 : 0.2 -0.6 : -9.391044380925
5 10 : 0.2 -0.2 : -9.422828970196
5 10 : 0.2 0.2 : -9.422832498731
5 10 : 0.2 0.6 : -9.382897207603
5 10 : 0.2 1.0 : -9.289981192137
5 10 : 0.6 -1.0 : -9.310966213167
5 10 : 0.6 -0.6 : -9.37069431054
5 10 : 0.6 -0.2 : -9.402795277392
5 10 : 0.6 0.2 : -9.404077210792
5 10 : 0.6 0.6 : -9.366553909745
5 10 : 0.6 1.0 : -9.277434628065
5 10 : 1.0 -1.0 : -9.258465334279
5 10 : 1.0 -0.6 : -9.315360624134
5 10 : 1.0 -0.2 : -9.345651390346
5 10 : 1.0 0.2 : -9.346394325373
5 10 : 1.0 0.6 : -9.309901492715
5 10 : 1.0 1.0 : -9.223817213267
5 11 : -1.0 -1.0 : -9.252235203327
5 11 : -1.0 -0.6 : -9.294993522299
5 11 : -1.0 -0.2 : -9.333264284576
5 11 : -1.0 0.2 : -9.364671897894
5 11 : -1.0 0.6 : -9.384433695149
5 11 : -1.0 1.0 : -9.386353949693
5 11 : -0.6 -1.0 : -9.305842204098
5 11 : -0.6 -0.6 : -9.353704906822
5 11 : -0.6 -0.2 : -9.393506016886
5 11 : -0.6 0.2 : -9.415795293452
5 11 : -0.6 0.6 : -9.403038395385
5 11 : -0.6 1.0 : -9.32348264324
5 11 : -0.2 -1.0 : -9.335266202799
5 11 : -0.2 -0.6 : -9.384708708766
5 11 : -0.2 -0.2 : -9.420062910977
5 11 : -0.2 0.2 : -9.422326156529
5 11 : -0.2 0.6 : -9.349015335902
5 11 : -0.2 1.0 : -9.105857499448
5 11 : 0.2 -1.0 : -9.335266202796
5 11 : 0.2 -0.6 : -9.384708708765
5 11 : 0.2 -0.2 : -9.420062910977
5 11 : 0.2 0.2 : -9.422326156529
5 11 : 0.2 0.6 : -9.349015335901
5 11 : 0.2 1.0 : -9.105857499445
5 11 : 0.6 -1.0 : -9.30584220408
5 11 : 0.6 -0.6 : -9.353704906805
5 11 : 0.6 -0.2 : -9.393506016888
5 11 : 0.6 0.2 : -9.415795293488
5 11 : 0.6 0.6 : -9.403038395422
5 11 : 0.6 1.0 : -9.323482643302
5 11 : 1.0 -1.0 : -9.252235203327
5 11 : 1.0 -0.6 : -9.29499352234
5 11 : 1.0 -0.2 : -9.333264284956
5 11 : 1.0 0.2 : -9.364671897858
5 11 : 1.0 0.6 : -9.384433695398
5 11 : 1.0 1.0 : -9.386353949694
5 12 : -1.0 -1.0 : -9.318693038446
5 12 : -1.0 -0.6 : -9.339488014981
5 12 : -1.0 -0.2 : -9.348942707589
5 12 : -1.0 0.2 : -9.348942704657
5 12 : -1.0 0.6 : -9.339488015927
5 12 : -1.0 1.0 : -9.318693073132
5 12 : -0.6 -1.0 : -9.314266449058
5 12 : -0.6 -0.6 : -9.378205338332
5 12 : -0.6 -0.2 : -9.404630874644
5 12 : -0.6 0.2 : -9.404630901389
5 12 : -0.6 0.6 : -9.378205442142
5 12 : -0.6 1.0 : -9.314266720404
5 12 : -0.2 -1.0 : -9.220679080687
5 12 : -0.2 -0.6 : -9.36682192762
5 12 : -0.2 -0.2 : -9.42118620683
5 12 : -0.2 0.2 : -9.421186226552
5 12 : -0.2 0.6 : -9.366821981381
5 12 : -0.2 1.0 : -9.220679150243
5 12 : 0.2 -1.0 : -9.22067937429
5 12 : 0.2 -0.6 : -9.366822016194
5 12 : 0.2 -0.2 : -9.421186225674
5 12 : 0.2 0.2 : -9.421186207708
5 12 : 0.2 0.6 : -9.366821892804
5 12 : 0.2 1.0 : -9.220678856627
5 12 : 0.6 -1.0 : -9.314266727626
5 12 : 0.6 -0.6 : -9.378205421929
5 12 : 0.6 -0.2 : -9.404630891076
5 12 : 0.6 0.2 : -9.404630884958
5 12 : 0.6 0.6 : -9.378205358543
5 12 : 0.6 1.0 : -9.314266441823
5 12 : 1.0 -1.0 : -9.318693031765
5 12 : 1.0 -0.6 : -9.339487988532
5 12 : 1.0 -0.2 : -9.348942695101
5 12 : 1.0 0.2 : -9.348942717147
5 12 : 1.0 0.6 : -9.339488042377
5 12 : 1.0 1.0 : -9.318693079811
6 7 : -1.0 -1.0 : -9.282064864566
6 7 : -1.0 -0.6 : -9.331715493303
6 7 : -1.0 -0.2 : -9.357774411615
6 7 : -1.0 0.2 : -9.357774484718
6 7 : -1.0 0.6 : -9.331715723594
6 7 : -1.0 1.0 : -9.282065248081
6 7 : -0.6 -1.0 : -9.331715463871
6 7 : -0.6 -0.6 : -9.383535262721
6 7 : -0.6 -0.2 : -9.407252122957
6 7 : -0.6 0.2 : -9.407252170127
6 7 : -0.6 0.6 : -9.383535456377
6 7 : -0.6 1.0 : -9.331715847693
6 7 : -0.2 -1.0 : -9.357774355549
6 7 : -0.2 -0.6 : -9.407252104866
6 7 : -0.2 -0.2 : -9.42550722026
6 7 : -0.2 0.2 : -9.425507233144
6 7 : -0.2 0.6 : -9.407252246377
6 7 : -0.2 1.0 : -9.357774721068
6 7 : 0.2 -1.0 : -9.357774400597
6 7 : 0.2 -0.6 : -9.407252133934
6 7 : 0.2 -0.2 : -9.425507228201
6 7 : 0.2 0.2 : -9.425507241085
6 7 : 0.2 0.6 : -9.407252275446
6 7 : 0.2 1.0 : -9.357774766119
6 7 : 0.6 -1.0 : -9.331715605781
6 7 : 0.6 -0.6 : -9.383535382057
6 7 : 0.6 -0.2 : -9.407252210162
6 7 : 0.6 0.2 : -9.407252257333
6 7 : 0.6 0.6 : -9.383535575718
6 7 : 0.6 1.0 : -9.331715989613
6 7 : 1.0 -1.0 : -9.282065100893
6 7 : 1.0 -0.6 : -9.331715729823
6 7 : 1.0 -0.2 : -9.357774636859
6 7 : 1.0 0.2 : -9.357774709964
6 7 : 1.0 0.6 : -9.331715960124
6 7 : 1.0 1.0 : -9.282065484423
6 8 : -1.0 -1.0 : -9.302042439989
6 8 : -1.0 -0.6 : -9.343128923384
6 8 : -1.0 -0.2 : -9.35951234184
6 8 : -1.0 0.2 : -9.359142515956
6 8 : -1.0 0.6 : -9.347402791999
6 8 : -1.0 1.0 : -9.327958662536
6 8 : -0.6 -1.0 : -9.348684551803
6 8 : -0.6 -0.6 : -9.391228293998
6 8 : -0.6 -0.2 : -9.408275975411
6 8 : -0.6 0.2 : -9.408066278883
6 8 : -0.6 0.6 : -9.396156430522
6 8 : -0.6 1.0 : -9.376316327272
6 8 : -0.2 -1.0 : -9.363969762352
6 8 : -0.2 -0.6 : -9.407570224795
6 8 : -0.2 -0.2 : -9.425254619658
6 8 : -0.2 0.2 : -9.425410928598
6 8 : -0.2 0.6 : -9.41368646462
6 8 : -0.2 1.0 : -9.393905503821
6 8 : 0.2 -1.0 : -9.363969803688
6 8 : 0.2 -0.6 : -9.407570247332
6 8 : 0.2 -0.2 : -9.425254628846
6 8 : 0.2 0.2 : -9.425410928618
6 8 : 0.2 0.6 : -9.413686458871
6 8 : 0.2 1.0 : -9.393905495144
6 8 : 0.6 -1.0 : -9.348684665622
6 8 : 0.6 -0.6 : -9.391228384925
6 8 : 0.6 -0.2 : -9.408276057333
6 8 : 0.6 0.2 : -9.408066362054
6 8 : 0.6 0.6 : -9.396156522983
6 8 : 0.6 1.0 : -9.376316435527
6 8 : 1.0 -1.0 : -9.30204264724
6 8 : 1.0 -0.6 : -9.343129122107
6 8 : 1.0 -0.2 : -9.359512552796
6 8 : 1.0 0.2 : -9.35914275413
6 8 : 1.0 0.6 : -9.34740306888
6 8 : 1.0 1.0 : -9.327958987203
6 9 : -1.0 -1.0 : -9.253736310545
6 9 : -1.0 -0.6 : -9.323867467774
6 9 : -1.0 -0.2 : -9.356986095457
6 9 : -1.0 0.2 : -9.356986094842
6 9 : -1.0 0.6 : -9.323867465914
6 9 : -1.0 1.0 : -9.25373630739
6 9 : -0.6 -1.0 : -9.301223534789
6 9 : -0.6 -0.6 : -9.372261575993
6 9 : -0.6 -0.2 : -9.405824735444
6 9 : -0.6 0.2 : -9.405824735758
6 9 : -0.6 0.6 : -9.372261576934
6 9 : -0.6 1.0 : -9.301223536351
6 9 : -0.2 -1.0 : -9.316848987193
6 9 : -0.2 -0.6 : -9.388893384013
6 9 : -0.2 -0.2 : -9.422951966436
6 9 : -0.2 0.2 : -9.422951966565
6 9 : -0.2 0.6 : -9.388893384387
6 9 : -0.2 1.0 : -9.316848987771
6 9 : 0.2 -1.0 : -9.316849091408
6 9 : 0.2 -0.6 : -9.388893422901
6 9 : 0.2 -0.2 : -9.422951974366
6 9 : 0.2 0.2 : -9.42295197449
6 9 : 0.2 0.6 : -9.388893423259
6 9 : 0.2 1.0 : -9.316849091957
6 9 : 0.6 -1.0 : -9.301223925548
6 9 : 0.6 -0.6 : -9.372261764903
6 9 : 0.6 -0.2 : -9.405824828605
6 9 : 0.6 0.2 : -9.405824828905
6 9 : 0.6 0.6 : -9.3722617658
6 9 : 0.6 1.0 : -9.301223927031
6 9 : 1.0 -1.0 : -9.253737057614
6 9 : 1.0 -0.6 : -9.323867872926
6 9 : 1.0 -0.2 : -9.356986338302
6 9 : 1.0 0.2 : -9.356986337665
6 9 : 1.0 0.6 : -9.323867870998
6 9 : 1.0 1.0 : -9.253737054333
6 10 : -1.0 -1.0 : -9.269747125906
6 10 : -1.0 -0.6 : -9.326602676532
6 10 : -1.0 -0.2 : -9.356826383406
6 10 : -1.0 0.2 : -9.356894412109
6 10 : -1.0 0.6 : -9.318591622143
6 10 : -1.0 1.0 : -9.228948037693
6 10 : -0.6 -1.0 : -9.31355786157
6 10 : -0.6 -0.6 : -9.373252511863
6 10 : -0.6 -0.2 : -9.40521646892
6 10 : -0.6 0.2 : -9.406060614313
6 10 : -0.6 0.6 : -9.367615789412
6 10 : -0.6 1.0 : -9.276871312623
6 10 : -0.2 -1.0 : -9.330842825128
6 10 : -0.2 -0.6 : -9.39105258935
6 10 : -0.2 -0.2 : -9.422785961359
6 10 : -0.2 0.2 : -9.42269317726
6 10 : -0.2 0.6 : -9.382595909682
6 10 : -0.2 1.0 : -9.289426884858
6 10 : 0.2 -1.0 : -9.330842742265
6 10 : 0.2 -0.6 : -9.391052531027
6 10 : 0.2 -0.2 : -9.42278593937
6 10 : 0.2 0.2 : -9.422693214619
6 10 : 0.2 0.6 : -9.382596040619
6 10 : 0.2 1.0 : -9.28942715715
6 10 : 0.6 -1.0 : -9.313557665207
6 10 : 0.6 -0.6 : -9.373252395092
6 10 : 0.6 -0.2 : -9.405216468129
6 10 : 0.6 0.2 : -9.406060799464
6 10 : 0.6 0.6 : -9.367616264037
6 10 : 0.6 1.0 : -9.276872220747
6 10 : 1.0 -1.0 : -9.269746868575
6 10 : 1.0 -0.6 : -9.326602557688
6 10 : 1.0 -0.2 : -9.356826465214
6 10 : 1.0 0.2 : -9.35689481227
6 10 : 1.0 0.6 : -9.318592513849
6 10 : 1.0 1.0 : -9.228949660927
6 11 : -1.0 -1.0 : -9.260583984879
6 11 : -1.0 -0.6 : -9.304922447649
6 11 : -1.0 -0.2 : -9.344255458352
6 11 : -1.0 0.2 : -9.374923056061
6 11 : -1.0 0.6 : -9.390235402935
6 11 : -1.0 1.0 : -9.380709801159
6 11 : -0.6 -1.0 : -9.309377635159
6 11 : -0.6 -0.6 : -9.357633422716
6 11 : -0.6 -0.2 : -9.396831063822
6 11 : -0.6 0.2 : -9.416047957095
6 11 : -0.6 0.6 : -9.394171087747
6 11 : -0.6 1.0 : -9.291330570234
6 11 : -0.2 -1.0 : -9.335683579545
6 11 : -0.2 -0.6 : -9.38512585689
6 11 : -0.2 -0.2 : -9.420264827898
6 11 : -0.2 0.2 : -9.421726921329
6 11 : -0.2 0.6 : -9.345993191754
6 11 : -0.2 1.0 : -9.095914715042
6 11 : 0.2 -1.0 : -9.335683675549
6 11 : 0.2 -0.6 : -9.385125927559
6 11 : 0.2 -0.2 : -9.420264861305
6 11 : 0.2 0.2 : -9.421726882451
6 11 : 0.2 0.6 : -9.345992984387
6 11 : 0.2 1.0 : -9.095914081331
6 11 : 0.6 -1.0 : -9.309377922033
6 11 : 0.6 -0.6 : -9.357633643791
6 11 : 0.6 -0.2 : -9.396831202069
6 11 : 0.6 0.2 : -9.416047962331
6 11 : 0.6 0.6 : -9.394170832317
6 11 : 0.6 1.0 : -9.291329758531
6 11 : 1.0 -1.0 : -9.260584454423
6 11 : 1.0 -0.6 : -9.304922818196
6 11 : 1.0 -0.2 : -9.344255734487
6 11 : 1.0 0.2 : -9.374923218423
6 11 : 1.0 0.6 : -9.390235404513
6 11 : 1.0 1.0 : -9.38070954696
6 12 : -1.0 -1.0 : -9.319971961102
6 12 : -1.0 -0.6 : -9.347329651651
6 12 : -1.0 -0.2 : -9.359561439494
6 12 : -1.0 0.2 : -9.35956144604
6 12 : -1.0 0.6 : -9.347329661696
6 12 : -1.0 1.0 : -9.319971943865
6 12 : -0.6 -1.0 : -9.300034263365
6 12 : -0.6 -0.6 : -9.375758306018
6 12 : -0.6 -0.2 : -9.406421985167
6 12 : -0.6 0.2 : -9.406421985095
6 12 : -0.6 0.6 : -9.37575828057
6 12 : -0.6 1.0 : -9.300034120304
6 12 : -0.2 -1.0 : -9.215941832507
6 12 : -0.2 -0.6 : -9.365525827413
6 12 : -0.2 -0.2 : -9.420988153199
6 12 : -0.2 0.2 : -9.420988151377
6 12 : -0.2 0.6 : -9.365525780309
6 12 : -0.2 1.0 : -9.21594156852
6 12 : 0.2 -1.0 : -9.215941528336
6 12 : 0.2 -0.6 : -9.365525751976
6 12 : 0.2 -0.2 : -9.420988149909
6 12 : 0.2 0.2 : -9.420988148085
6 12 : 0.2 0.6 : -9.365525704861
6 12 : 0.2 1.0 : -9.21594126432
6 12 : 0.6 -1.0 : -9.300033954831
6 12 : 0.6 -0.6 : -9.375758278799
6 12 : 0.6 -0.2 : -9.406422056095
6 12 : 0.6 0.2 : -9.406422056017
6 12 : 0.6 0.6 : -9.37575825333
6 12 : 0.6 1.0 : -9.300033811722
6 12 : 1.0 -1.0 : -9.319972052465
6 12 : 1.0 -0.6 : -9.347329834203
6 12 : 1.0 -0.2 : -9.359561658463
6 12 : 1.0 0.2 : -9.359561665003
6 12 : 1.0 0.6 : -9.347329844227
6 12 : 1.0 1.0 : -9.319972035187
7 8 : -1.0 -1.0 : -9.302042375584
7 8 : -1.0 -0.6 : -9.343128861554
7 8 : -1.0 -0.2 : -9.359512276187
7 8 : -1.0 0.2 : -9.359142441857
7 8 : -1.0 0.6 : -9.347402705904
7 8 : -1.0 1.0 : -9.327958561634
7 8 : -0.6 -1.0 : -9.348684516463
7 8 : -0.6 -0.6 : -9.391228265722
7 8 : -0.6 -0.2 : -9.408275949916
7 8 : -0.6 0.2 : -9.408066253003
7 8 : -0.6 0.6 : -9.396156401771
7 8 : -0.6 1.0 : -9.376316293635
7 8 : -0.2 -1.0 : -9.363969749532
7 8 : -0.2 -0.6 : -9.407570217799
7 8 : -0.2 -0.2 : -9.425254616803
7 8 : -0.2 0.2 : -9.425410928591
7 8 : -0.2 0.6 : -9.41368646641
7 8 : -0.2 1.0 : -9.393905506527
7 8 : 0.2 -1.0 : -9.363969816509
7 8 : 0.2 -0.6 : -9.407570254329
7 8 : 0.2 -0.2 : -9.425254631702
7 8 : 0.2 0.2 : -9.425410928626
7 8 : 0.2 0.6 : -9.413686457082
7 8 : 0.2 1.0 : -9.393905492439
7 8 : 0.6 -1.0 : -9.348684700997
7 8 : 0.6 -0.6 : -9.391228413229
7 8 : 0.6 -0.2 : -9.408276082852
7 8 : 0.6 0.2 : -9.408066387957
7 8 : 0.6 0.6 : -9.396156551756
7 8 : 0.6 1.0 : -9.376316469185
7 8 : 1.0 -1.0 : -9.30204271177
7 8 : 1.0 -0.6 : -9.343129184044
7 8 : 1.0 -0.2 : -9.359512618544
7 8 : 1.0 0.2 : -9.359142828318
7 8 : 1.0 0.6 : -9.34740315506
7 8 : 1.0 1.0 : -9.327959088187
7 9 : -1.0 -1.0 : -9.253736078007
7 9 : -1.0 -0.6 : -9.323867341676
7 9 : -1.0 -0.2 : -9.356986019886
7 9 : -1.0 0.2 : -9.356986019278
7 9 : -1.0 0.6 : -9.323867339838
7 9 : -1.0 1.0 : -9.253736074892
7 9 : -0.6 -1.0 : -9.301223413138
7 9 : -0.6 -0.6 : -9.372261517185
7 9 : -0.6 -0.2 : -9.405824706448
7 9 : -0.6 0.2 : -9.40582470677
7 9 : -0.6 0.6 : -9.372261518151
7 9 : -0.6 1.0 : -9.301223414747
7 9 : -0.2 -1.0 : -9.316848954746
7 9 : -0.2 -0.6 : -9.388893371905
7 9 : -0.2 -0.2 : -9.422951963967
7 9 : -0.2 0.2 : -9.422951964099
7 9 : -0.2 0.6 : -9.38889337229
7 9 : -0.2 1.0 : -9.316848955342
7 9 : 0.2 -1.0 : -9.316849123852
7 9 : 0.2 -0.6 : -9.388893435007
7 9 : 0.2 -0.2 : -9.422951976835
7 9 : 0.2 0.2 : -9.422951976957
7 9 : 0.2 0.6 : -9.38889343536
7 9 : 0.2 1.0 : -9.316849124391
7 9 : 0.6 -1.0 : -9.301224047209
7 9 : 0.6 -0.6 : -9.372261823727
7 9 : 0.6 -0.2 : -9.405824857623
7 9 : 0.6 0.2 : -9.405824857919
7 9 : 0.6 0.6 : -9.372261824613
7 9 : 0.6 1.0 : -9.301224048671
7 9 : 1.0 -1.0 : -9.253737290249
7 9 : 1.0 -0.6 : -9.323867999118
7 9 : 1.0 -0.2 : -9.356986413965
7 9 : 1.0 0.2 : -9.35698641332
7 9 : 1.0 0.6 : -9.323867997164
7 9 : 1.0 1.0 : -9.253737286921
7 10 : -1.0 -1.0 : -9.269747206253
7 10 : -1.0 -0.6 : -9.32660271365
7 10 : -1.0 -0.2 : -9.356826357991
7 10 : -1.0 0.2 : -9.356894287547
7 10 : -1.0 0.6 : -9.318591344535
7 10 : -1.0 1.0 : -9.228947532339
7 10 : -0.6 -1.0 : -9.31355792284
7 10 : -0.6 -0.6 : -9.373252548281
7 10 : -0.6 -0.2 : -9.405216469188
7 10 : -0.6 0.2 : -9.406060556669
7 10 : -0.6 0.6 : -9.367615641635
7 10 : -0.6 1.0 : -9.276871029882
7 10 : -0.2 -1.0 : -9.33084285097
7 10 : -0.2 -0.6 : -9.391052607527
7 10 : -0.2 -0.2 : -9.42278596821
7 10 : -0.2 0.2 : -9.422693165627
7 10 : -0.2 0.6 : -9.382595868911
7 10 : -0.2 1.0 : -9.289426800077
7 10 : 0.2 -1.0 : -9.330842716425
7 10 : 0.2 -0.6 : -9.39105251285
7 10 : 0.2 -0.2 : -9.42278593252
7 10 : 0.2 0.2 : -9.422693226253
7 10 : 0.2 0.6 : -9.382596081391
7 10 : 0.2 1.0 : -9.289427241931
7 10 : 0.6 -1.0 : -9.313557603969
7 10 : 0.6 -0.6 : -9.373252358701
7 10 : 0.6 -0.2 : -9.405216467885
7 10 : 0.6 0.2 : -9.406060857131
7 10 : 0.6 0.6 : -9.367616411836
7 10 : 0.6 1.0 : -9.276872503509
7 10 : 1.0 -1.0 : -9.269746788329
7 10 : 1.0 -0.6 : -9.326602520664
7 10 : 1.0 -0.2 : -9.356826490721
7 10 : 1.0 0.2 : -9.356894936924
7 10 : 1.0 0.6 : -9.318592791552
7 10 : 1.0 1.0 : -9.228950166381
7 11 : -1.0 -1.0 : -9.260583838724
7 11 : -1.0 -0.6 : -9.304922332317
7 11 : -1.0 -0.2 : -9.344255372416
7 11 : -1.0 0.2 : -9.374923005545
7 11 : -1.0 0.6 : -9.390235402462
7 11 : -1.0 1.0 : -9.380709880281
7 11 : -0.6 -1.0 : -9.309377545855
7 11 : -0.6 -0.6 : -9.357633353898
7 11 : -0.6 -0.2 : -9.396831020791
7 11 : -0.6 0.2 : -9.416047955472
7 11 : -0.6 0.6 : -9.394171167264
7 11 : -0.6 1.0 : -9.291330822897
7 11 : -0.2 -1.0 : -9.335683549655
7 11 : -0.2 -0.6 : -9.385125834888
7 11 : -0.2 -0.2 : -9.420264817498
7 11 : -0.2 0.2 : -9.421726933436
7 11 : -0.2 0.6 : -9.345993256321
7 11 : -0.2 1.0 : -9.095914912353
7 11 : 0.2 -1.0 : -9.335683705443
7 11 : 0.2 -0.6 : -9.385125949565
7 11 : 0.2 -0.2 : -9.420264871707
7 11 : 0.2 0.2 : -9.421726870341
7 11 : 0.2 0.6 : -9.345992919802
7 11 : 0.2 1.0 : -9.09591388396
7 11 : 0.6 -1.0 : -9.30937801137
7 11 : 0.6 -0.6 : -9.357633712644
7 11 : 0.6 -0.2 : -9.396831245131
7 11 : 0.6 0.2 : -9.416047963964
7 11 : 0.6 0.6 : -9.394170752748
7 11 : 0.6 1.0 : -9.291329505657
7 11 : 1.0 -1.0 : -9.260584600659
7 11 : 1.0 -0.6 : -9.304922933617
7 11 : 1.0 -0.2 : -9.344255820516
7 11 : 1.0 0.2 : -9.374923269023
7 11 : 1.0 0.6 : -9.390235405026
7 11 : 1.0 1.0 : -9.380709467772
7 12 : -1.0 -1.0 : -9.319971932762
7 12 : -1.0 -0.6 : -9.347329594876
7 12 : -1.0 -0.2 : -9.359561371363
7 12 : -1.0 0.2 : -9.359561377896
7 12 : -1.0 0.6 : -9.347329604859
7 12 : -1.0 1.0 : -9.319971915333
7 12 : -0.6 -1.0 : -9.300034359587
7 12 : -0.6 -0.6 : -9.375758314564
7 12 : -0.6 -0.2 : -9.406421963111
7 12 : -0.6 0.2 : -9.406421963005
7 12 : -0.6 0.6 : -9.375758288971
7 12 : -0.6 1.0 : -9.300034216119
7 12 : -0.2 -1.0 : -9.215941927275
7 12 : -0.2 -0.6 : -9.365525850925
7 12 : -0.2 -0.2 : -9.42098815423
7 12 : -0.2 0.2 : -9.420988152397
7 12 : -0.2 0.6 : -9.365525803769
7 12 : -0.2 1.0 : -9.215941663132
7 12 : 0.2 -1.0 : -9.215941433621
7 12 : 0.2 -0.6 : -9.365525728483
7 12 : 0.2 -0.2 : -9.420988148884
7 12 : 0.2 0.2 : -9.420988147059
7 12 : 0.2 0.6 : -9.365525681367
7 12 : 0.2 1.0 : -9.215941169598
7 12 : 0.6 -1.0 : -9.300033858834
7 12 : 0.6 -0.6 : -9.375758270357
7 12 : 0.6 -0.2 : -9.406422078198
7 12 : 0.6 0.2 : -9.406422078102
7 12 : 0.6 0.6 : -9.37575824481
7 12 : 0.6 1.0 : -9.300033715506
7 12 : 1.0 -1.0 : -9.319972080987
7 12 : 1.0 -0.6 : -9.3473298911
7 12 : 1.0 -0.2 : -9.359561726695
7 12 : 1.0 0.2 : -9.359561733224
7 12 : 1.0 0.6 : -9.347329901077
7 12 : 1.0 1.0 : -9.319972063569
8 9 : -1.0 -1.0 : -9.220179986899
8 9 : -1.0 -0.6 : -9.314743887299
8 9 : -1.0 -0.2 : -9.359572777278
8 9 : -1.0 0.2 : -9.359572777293
8 9 : -1.0 0.6 : -9.314743887322
8 9 : -1.0 1.0 : -9.22017998686
8 9 : -0.6 -1.0 : -9.278716838376
8 9 : -0.6 -0.6 : -9.363669098449
8 9 : -0.6 -0.2 : -9.403901981749
8 9 : -0.6 0.2 : -9.403901981757
8 9 : -0.6 0.6 : -9.363669098454
8 9 : -0.6 1.0 : -9.278716838313
8 9 : -0.2 -1.0 : -9.30987056714
8 9 : -0.2 -0.6 : -9.386130420472
8 9 : -0.2 -0.2 : -9.422206902619
8 9 : -0.2 0.2 : -9.422206902625
8 9 : -0.2 0.6 : -9.386130420471
8 9 : -0.2 1.0 : -9.309870567073
8 9 : 0.2 -1.0 : -9.32220400044
8 9 : 0.2 -0.6 : -9.390588525652
8 9 : 0.2 -0.2 : -9.422900272291
8 9 : 0.2 0.2 : -9.422900272297
8 9 : 0.2 0.6 : -9.390588525653
8 9 : 0.2 1.0 : -9.322204000382
8 9 : 0.6 -1.0 : -9.321505824427
8 9 : 0.6 -0.6 : -9.382747462734
8 9 : 0.6 -0.2 : -9.411645775939
8 9 : 0.6 0.2 : -9.411645775947
8 9 : 0.6 0.6 : -9.382747462741
8 9 : 0.6 1.0 : -9.321505824383
8 9 : 1.0 -1.0 : -9.311720445226
8 9 : 1.0 -0.6 : -9.366478120145
8 9 : 1.0 -0.2 : -9.392278950761
8 9 : 1.0 0.2 : -9.392278950771
8 9 : 1.0 0.6 : -9.36647812016
8 9 : 1.0 1.0 : -9.311720445199
8 10 : -1.0 -1.0 : -9.120908091548
8 10 : -1.0 -0.6 : -9.269004932509
8 10 : -1.0 -0.2 : -9.348526162244
8 10 : -1.0 0.2 : -9.366161435955
8 10 : -1.0 0.6 : -9.318806449081
8 10 : -1.0 1.0 : -9.194706125952
8 10 : -0.6 -1.0 : -9.249181413185
8 10 : -0.6 -0.6 : -9.348641443057
8 10 : -0.6 -0.2 : -9.400270249646
8 10 : -0.6 0.2 : -9.405291588381
8 10 : -0.6 0.6 : -9.35760546081
8 10 : -0.6 1.0 : -9.244328254784
8 10 : -0.2 -1.0 : -9.315582323383
8 10 : -0.2 -0.6 : -9.385529045673
8 10 : -0.2 -0.2 : -9.421682374929
8 10 : -0.2 0.2 : -9.421846390146
8 10 : -0.2 0.6 : -9.378290483667
8 10 : -0.2 1.0 : -9.277856480442
8 10 : 0.2 -1.0 : -9.341353383815
8 10 : 0.2 -0.6 : -9.394245991665
8 10 : 0.2 -0.2 : -9.422827915728
8 10 : 0.2 0.2 : -9.422886542791
8 10 : 0.2 0.6 : -9.385967977311
8 10 : 0.2 1.0 : -9.299176798691
8 10 : 0.6 -1.0 : -9.34071926132
8 10 : 0.6 -0.6 : -9.384533502008
8 10 : 0.6 -0.2 : -9.410452139057
8 10 : 0.6 0.2 : -9.413197810484
8 10 : 0.6 0.6 : -9.384180181434
8 10 : 0.6 1.0 : -9.311086991887
8 10 : 1.0 -1.0 : -9.323159410973
8 10 : 1.0 -0.6 : -9.362882949627
8 10 : 1.0 -0.2 : -9.389085579572
8 10 : 1.0 0.2 : -9.396056737252
8 10 : 1.0 0.6 : -9.375433477447
8 10 : 1.0 1.0 : -9.315660872158
8 11 : -1.0 -1.0 : -9.268394502708
8 11 : -1.0 -0.6 : -9.322567468292
8 11 : -1.0 -0.2 : -9.359350456905
8 11 : -1.0 0.2 : -9.356366301037
8 11 : -1.0 0.6 : -9.262328474143
8 11 : -1.0 1.0 : -8.960031181491
8 11 : -0.6 -1.0 : -9.314392965432
8 11 : -0.6 -0.6 : -9.366913584597
8 11 : -0.6 -0.2 : -9.402971497892
8 11 : -0.6 0.2 : -9.400769696754
8 11 : -0.6 0.6 : -9.310380915579
8 11 : -0.6 1.0 : -9.017674657982
8 11 : -0.2 -1.0 : -9.335383015838
8 11 : -0.2 -0.6 : -9.385918777459
8 11 : -0.2 -0.2 : -9.420851405091
8 11 : -0.2 0.2 : -9.41894998918
8 11 : -0.2 0.6 : -9.331609416317
8 11 : -0.2 1.0 : -9.047693128153
8 11 : 0.2 -1.0 : -9.339226142192
8 11 : 0.2 -0.6 : -9.387652593486
8 11 : 0.2 -0.2 : -9.42128142246
8 11 : 0.2 0.2 : -9.419433026774
8 11 : 0.2 0.6 : -9.334788545126
8 11 : 0.2 1.0 : -9.059126365184
8 11 : 0.6 -1.0 : -9.331245388995
8 11 : 0.6 -0.6 : -9.377564463844
8 11 : 0.6 -0.2 : -9.409848121205
8 11 : 0.6 0.2 : -9.407952203496
8 11 : 0.6 0.6 : -9.325809243715
8 11 : 0.6 1.0 : -9.058035834246
8 11 : 1.0 -1.0 : -9.315074302572
8 11 : 1.0 -0.6 : -9.35936150586
8 11 : 1.0 -0.2 : -9.390339551732
8 11 : 1.0 0.2 : -9.388383728714
8 11 : 1.0 0.6 : -9.308644089355
8 11 : 1.0 1.0 : -9.048500844754
8 12 : -1.0 -1.0 : -9.114564686364
8 12 : -1.0 -0.6 : -9.292468725104
8 12 : -1.0 -0.2 : -9.357855791286
8 12 : -1.0 0.2 : -9.357855789214
8 12 : -1.0 0.6 : -9.29246867158
8 12 : -1.0 1.0 : -9.114564382788
8 12 : -0.6 -1.0 : -9.166294873563
8 12 : -0.6 -0.6 : -9.338638468121
8 12 : -0.6 -0.2 : -9.401864885269
8 12 : -0.6 0.2 : -9.401864883456
8 12 : -0.6 0.6 : -9.338638416625
8 12 : -0.6 1.0 : -9.166294578954
8 12 : -0.2 -1.0 : -9.191771080876
8 12 : -0.2 -0.6 : -9.358748338699
8 12 : -0.2 -0.2 : -9.419894366357
8 12 : -0.2 0.2 : -9.419894364663
8 12 : -0.2 0.6 : -9.358748288777
8 12 : -0.2 1.0 : -9.191770794338
8 12 : 0.2 -1.0 : -9.199416189403
8 12 : 0.2 -0.6 : -9.361210486271
8 12 : 0.2 -0.2 : -9.420351680697
8 12 : 0.2 0.2 : -9.42035167905
8 12 : 0.2 0.6 : -9.361210437674
8 12 : 0.2 1.0 : -9.199415910385
8 12 : 0.6 -1.0 : -9.194904702421
8 12 : 0.6 -0.6 : -9.35168867145
8 12 : 0.6 -0.2 : -9.408896096721
8 12 : 0.6 0.2 : -9.40889609509
8 12 : 0.6 0.6 : -9.351688624056
8 12 : 0.6 1.0 : -9.194904430583
8 12 : 1.0 -1.0 : -9.1820821867
8 12 : 1.0 -0.6 : -9.334018803732
8 12 : 1.0 -0.2 : -9.389359306711
8 12 : 1.0 0.2 : -9.389359305093
8 12 : 1.0 0.6 : -9.334018757499
8 12 : 1.0 1.0 : -9.182081921833
9 10 : -1.0 -1.0 : -9.285647702898
9 10 : -1.0 -0.6 : -9.326516925253
9 10 : -1.0 -0.2 : -9.331005010622
9 10 : -1.0 0.2 : -9.293186733343
9 10 : -1.0 0.6 : -9.201462795259
9 10 : -1.0 1.0 : -9.03814672465
9 10 : -0.6 -1.0 : -9.316324030113
9 10 : -0.6 -0.6 : -9.369808236842
9 10 : -0.6 -0.2 : -9.391981613306
9 10 : -0.6 0.2 : -9.378595857269
9 10 : -0.6 0.6 : -9.320277033324
9 10 : -0.6 1.0 : -9.202342761871
9 10 : -0.2 -1.0 : -9.330760654549
9 10 : -0.2 -0.6 : -9.390214322884
9 10 : -0.2 -0.2 : -9.420781639541
9 10 : -0.2 0.2 : -9.419016209254
9 10 : -0.2 0.6 : -9.37660484131
9 10 : -0.2 1.0 : -9.280293825276
9 10 : 0.2 -1.0 : -9.330760654578
9 10 : 0.2 -0.6 : -9.390214322899
9 10 : 0.2 -0.2 : -9.420781639549
9 10 : 0.2 0.2 : -9.419016209261
9 10 : 0.2 0.6 : -9.376604841326
9 10 : 0.2 1.0 : -9.280293825321
9 10 : 0.6 -1.0 : -9.31632403019
9 10 : 0.6 -0.6 : -9.369808236874
9 10 : 0.6 -0.2 : -9.391981613311
9 10 : 0.6 0.2 : -9.378595857269
9 10 : 0.6 0.6 : -9.32027703335
9 10 : 0.6 1.0 : -9.202342761977
9 10 : 1.0 -1.0 : -9.285647702989
9 10 : 1.0 -0.6 : -9.326516925262
9 10 : 1.0 -0.2 : -9.331005010574
9 10 : 1.0 0.2 : -9.293186733273
9 10 : 1.0 0.6 : -9.201462795222
9 10 : 1.0 1.0 : -9.038146724734
9 11 : -1.0 -1.0 : -9.205821635609
9 11 : -1.0 -0.6 : -9.265854697621
9 11 : -1.0 -0.2 : -9.308898084884
9 11 : -1.0 0.2 : -9.312903808988
9 11 : -1.0 0.6 : -9.227483711164
9 11 : -1.0 1.0 : -8.937456668397
9 11 : -0.6 -1.0 : -9.292884115472
9 11 : -0.6 -0.6 : -9.346031388138
9 11 : -0.6 -0.2 : -9.383353803151
9 11 : -0.6 0.2 : -9.383501308033
9 11 : -0.6 0.6 : -9.29764554306
9 11 : -0.6 1.0 : -9.014144176911
9 11 : -0.2 -1.0 : -9.334033137113
9 11 : -0.2 -0.6 : -9.383919611195
9 11 : -0.2 -0.2 : -9.418542523997
9 11 : -0.2 0.2 : -9.416904319382
9 11 : -0.2 0.6 : -9.330950918477
9 11 : -0.2 1.0 : -9.050794370757
9 11 : 0.2 -1.0 : -9.334033129779
9 11 : 0.2 -0.6 : -9.383919607931
9 11 : 0.2 -0.2 : -9.418542523514
9 11 : 0.2 0.2 : -9.416904318701
9 11 : 0.2 0.6 : -9.330950908945
9 11 : 0.2 1.0 : -9.0507943275
9 11 : 0.6 -1.0 : -9.292884092625
9 11 : 0.6 -0.6 : -9.346031377858
9 11 : 0.6 -0.2 : -9.383353801549
9 11 : 0.6 0.2 : -9.383501306079
9 11 : 0.6 0.6 : -9.297645514616
9 11 : 0.6 1.0 : -9.014144046909
9 11 : 1.0 -1.0 : -9.205821594613
9 11 : 1.0 -0.6 : -9.265854678808
9 11 : 1.0 -0.2 : -9.308898081684
9 11 : 1.0 0.2 : -9.312903806035
9 11 : 1.0 0.6 : -9.227483664291
9 11 : 1.0 1.0 : -8.937456450995
9 12 : -1.0 -1.0 : -9.11187363661
9 12 : -1.0 -0.6 : -9.251928260178
9 12 : -1.0 -0.2 : -9.310074758023
9 12 : -1.0 0.2 : -9.311710690219
9 12 : -1.0 0.6 : -9.241346888623
9 12 : -1.0 1.0 : -9.031800013623
9 12 : -0.6 -1.0 : -9.179636931683
9 12 : -0.6 -0.6 : -9.326234241664
9 12 : -0.6 -0.2 : -9.383358999437
9 12 : -0.6 0.2 : -9.383482581543
9 12 : -0.6 0.6 : -9.317403245635
9 12 : -0.6 1.0 : -9.127835714231
9 12 : -0.2 -1.0 : -9.201581303472
9 12 : -0.2 -0.6 : -9.359092299583
9 12 : -0.2 -0.2 : -9.417765837189
9 12 : -0.2 0.2 : -9.417668734074
9 12 : -0.2 0.6 : -9.355748924907
9 12 : -0.2 1.0 : -9.183710423503
9 12 : 0.2 -1.0 : -9.183710731641
9 12 : 0.2 -0.6 : -9.355748980427
9 12 : 0.2 -0.2 : -9.417668736268
9 12 : 0.2 0.2 : -9.417765836175
9 12 : 0.2 0.6 : -9.359092256816
9 12 : 0.2 1.0 : -9.201581045675
9 12 : 0.6 -1.0 : -9.127836075077
9 12 : 0.6 -0.6 : -9.317403313239
9 12 : 0.6 -0.2 : -9.383482584412
9 12 : 0.6 0.2 : -9.383359000104
9 12 : 0.6 0.6 : -9.326234212581
9 12 : 0.6 1.0 : -9.179636722853
9 12 : 1.0 -1.0 : -9.031800430179
9 12 : 1.0 -0.6 : -9.241346967673
9 12 : 1.0 -0.2 : -9.311710693165
9 12 : 1.0 0.2 : -9.310074760943
9 12 : 1.0 0.6 : -9.251928246214
9 12 : 1.0 1.0 : -9.11187347677
10 11 : -1.0 -1.0 : -9.263774005312
10 11 : -1.0 -0.6 : -9.299948095264
10 11 : -1.0 -0.2 : -9.326903726887
10 11 : -1.0 0.2 : -9.328733528609
10 11 : -1.0 0.6 : -9.26954138728
10 11 : -1.0 1.0 : -9.067172009717
10 11 : -0.6 -1.0 : -9.318167623289
10 11 : -0.6 -0.6 : -9.358437002866
10 11 : -0.6 -0.2 : -9.387379465794
10 11 : -0.6 0.2 : -9.387259915074
10 11 : -0.6 0.6 : -9.31777843411
10 11 : -0.6 1.0 : -9.086714677586
10 11 : -0.2 -1.0 : -9.340996430547
10 11 : -0.2 -0.6 : -9.386855658291
10 11 : -0.2 -0.2 : -9.418910836141
10 11 : -0.2 0.2 : -9.41735125687
10 11 : -0.2 0.6 : -9.336922490594
10 11 : -0.2 1.0 : -9.07410898946
10 11 : 0.2 -1.0 : -9.326803074226
10 11 : 0.2 -0.6 : -9.380631147201
10 11 : 0.2 -0.2 : -9.41776108351
10 11 : 0.2 0.2 : -9.416021961842
10 11 : 0.2 0.6 : -9.324591360556
10 11 : 0.2 1.0 : -9.027282472205
10 11 : 0.6 -1.0 : -9.265023018304
10 11 : 0.6 -0.6 : -9.330220012728
10 11 : 0.6 -0.2 : -9.3753208215
10 11 : 0.6 0.2 : -9.375480360997
10 11 : 0.6 0.6 : -9.273624619032
10 11 : 0.6 1.0 : -8.939354597031
10 11 : 1.0 -1.0 : -9.139578286588
10 11 : 1.0 -0.6 : -9.220837604223
10 11 : 1.0 -0.2 : -9.27797805021
10 11 : 1.0 0.2 : -9.283137114883
10 11 : 1.0 0.6 : -9.172225836116
10 11 : 1.0 1.0 : -8.798904454211
10 12 : -1.0 -1.0 : -9.165600985424
10 12 : -1.0 -0.6 : -9.284714337247
10 12 : -1.0 -0.2 : -9.327811662863
10 12 : -1.0 0.2 : -9.327811662552
10 12 : -1.0 0.6 : -9.284714303187
10 12 : -1.0 1.0 : -9.165600778028
10 12 : -0.6 -1.0 : -9.202572760068
10 12 : -0.6 -0.6 : -9.338070734868
10 12 : -0.6 -0.2 : -9.387311661878
10 12 : -0.6 0.2 : -9.387311660894
10 12 : -0.6 0.6 : -9.338070694727
10 12 : -0.6 1.0 : -9.202572524191
10 12 : -0.2 -1.0 : -9.207753492388
10 12 : -0.2 -0.6 : -9.361868133094
10 12 : -0.2 -0.2 : -9.418124424832
10 12 : -0.2 0.2 : -9.418124423314
10 12 : -0.2 0.6 : -9.361868086786
10 12 : -0.2 1.0 : -9.207753225719
10 12 : 0.2 -1.0 : -9.177298251162
10 12 : 0.2 -0.6 : -9.352600066316
10 12 : 0.2 -0.2 : -9.41688555828
10 12 : 0.2 0.2 : -9.416885556585
10 12 : 0.2 0.6 : -9.352600014353
10 12 : 0.2 1.0 : -9.177297952056
10 12 : 0.6 -1.0 : -9.102440381899
10 12 : 0.6 -0.6 : -9.301898762447
10 12 : 0.6 -0.2 : -9.375392779672
10 12 : 0.6 0.2 : -9.375392778395
10 12 : 0.6 0.6 : -9.301898705991
10 12 : 0.6 1.0 : -9.102440049461
10 12 : 1.0 -1.0 : -8.969407072433
10 12 : 1.0 -0.6 : -9.1964654503
10 12 : 1.0 -0.2 : -9.280544518086
10 12 : 1.0 0.2 : -9.280544518122
10 12 : 1.0 0.6 : -9.196465391339
10 12 : 1.0 1.0 : -8.9694067068
11 12 : -1.0 -1.0 : -9.312017921294
11 12 : -1.0 -0.6 : -9.331447892987
11 12 : -1.0 -0.2 : -9.338393118951
11 12 : -1.0 0.2 : -9.338393130097
11 12 : -1.0 0.6 : -9.331447916532
11 12 : -1.0 1.0 : -9.312017920611
11 12 : -0.6 -1.0 : -9.323601275208
11 12 : -0.6 -0.6 : -9.369988175284
11 12 : -0.6 -0.2 : -9.386705740565
11 12 : -0.6 0.2 : -9.386705746388
11 12 : -0.6 0.6 : -9.369988175043
11 12 : -0.6 1.0 : -9.323601196652
11 12 : -0.2 -1.0 : -9.270993691051
11 12 : -0.2 -0.6 : -9.379026805378
11 12 : -0.2 -0.2 : -9.418508704769
11 12 : -0.2 0.2 : -9.418508704725
11 12 : -0.2 0.6 : -9.379026772213
11 12 : -0.2 1.0 : -9.270993487393
11 12 : 0.2 -1.0 : -9.070232765379
11 12 : 0.2 -0.6 : -9.319526278082
11 12 : 0.2 -0.2 : -9.410929532282
11 12 : 0.2 0.2 : -9.410929532233
11 12 : 0.2 0.6 : -9.319526219716
11 12 : 0.2 1.0 : -9.070232400602
11 12 : 0.6 -1.0 : -8.530050109742
11 12 : 0.6 -0.6 : -9.10185209747
11 12 : 0.6 -0.2 : -9.311859891582
11 12 : 0.6 0.2 : -9.31185992251
11 12 : 0.6 0.6 : -9.101852096929
11 12 : 0.6 1.0 : -8.530049657036
11 12 : 1.0 -1.0 : -7.19138494214
11 12 : 1.0 -0.6 : -8.521476366027
11 12 : 1.0 -0.2 : -9.002319764305
11 12 : 1.0 0.2 : -9.002319936279
11 12 : 1.0 0.6 : -8.521476761817
11 12 : 1.0 1.0 : -7.191384937945
