0.0 0.0 0.0 0.0 0.0 0.0 0.0 0.0 0.0 -12.617253973677
0 : -1.0 : -12.58599452723
0 : -0.6 : -12.607486742608
0 : -0.2 : -12.616289392715
0 : 0.2 : -12.616378969371
0 : 0.6 : -12.609990939424
0 : 1.0 : -12.598424409599
1 : -1.0 : -12.560410592428
1 : -0.6 : -12.597875525826
1 : -0.2 : -12.615207285907
1 : 0.2 : -12.615207287357
1 : 0.6 : -12.5978755699
1 : 1.0 : -12.560410811028
2 : -1.0 : -12.55600965957
2 : -0.6 : -12.597640551613
2 : -0.2 : -12.615204127377
2 : 0.2 : -12.615204194623
2 : 0.6 : -12.597642467027
2 : 1.0 : -12.556019495746
3 : -1.0 : -12.545180435761
3 : -0.6 : -12.594563570458
3 : -0.2 : -12.61505272527
3 : 0.2 : -12.615330673706
3 : 0.6 : -12.602106571941
3 : 1.0 : -12.580333687471
4 : -1.0 : -12.553630922141
4 : -0.6 : -12.595349549779
4 : -0.2 : -12.614932314021
4 : 0.2 : -12.614932321022
4 : 0.6 : -12.595349710414
4 : 1.0 : -12.55363148046
5 : -1.0 : -12.547775663919
5 : -0.6 : -12.593396593441
5 : -0.2 : -12.614733041006
5 : 0.2 : -12.614733039968
5 : 0.6 : -12.593396538312
5 : 1.0 : -12.547775262661
6 : -1.0 : -12.558669509272
6 : -0.6 : -12.595392169411
6 : -0.2 : -12.614680200046
6 : 0.2 : -12.61441455406
6 : 0.6 : -12.588685411755
6 : 1.0 : -12.532107798655
7 : -1.0 : -12.544801420793
7 : -0.6 : -12.584149885398
7 : -0.2 : -12.612438369332
7 : 0.2 : -12.610699900889
7 : 0.6 : -12.533545717733
7 : 1.0 : -12.272424764103
8 : -1.0 : -12.402447355305
8 : -0.6 : -12.558229390175
8 : -0.2 : -12.611561969394
8 : 0.2 : -12.611546546437
8 : 0.6 : -12.557752717105
8 : 1.0 : -12.399587541461
0 1 : -1.0 -1.0 : -12.526510562185
0 1 : -1.0 -0.6 : -12.565798988031
0 1 : -1.0 -0.2 : -12.583864330933
0 1 : -1.0 0.2 : -12.583864344208
0 1 : -1.0 0.6 : -12.565799073414
0 1 : -1.0 1.0 : -12.526510905266
0 1 : -0.6 -1.0 : -12.548472649191
0 1 : -0.6 -0.6 : -12.587394942858
0 1 : -0.6 -0.2 : -12.605364620001
0 1 : -0.6 0.2 : -12.605364617192
0 1 : -0.6 0.6 : -12.58739497978
0 1 : -0.6 1.0 : -12.548472895599
0 1 : -0.2 -1.0 : -12.558536590257
0 1 : -0.2 -0.6 : -12.596600311823
0 1 : -0.2 -0.2 : -12.614209168112
0 1 : -0.2 0.2 : -12.614209166774
0 1 : -0.2 0.6 : -12.596600350021
0 1 : -0.2 1.0 : -12.558536813945
0 1 : 0.2 -1.0 : -12.560610760599
0 1 : 0.2 -0.6 : -12.597378298636
0 1 : 0.2 -0.2 : -12.614373673746
0 1 : 0.2 0.2 : -12.614373678268
0 1 : 0.2 0.6 : -12.597378348953
0 1 : 0.2 1.0 : -12.560610973652
0 1 : 0.6 -1.0 : -12.556788904938
0 1 : 0.6 -0.6 : -12.591920890359
0 1 : 0.6 -0.2 : -12.608089270089
0 1 : 0.6 0.2 : -12.608089280931
0 1 : 0.6 0.6 : -12.591920952728
0 1 : 0.6 1.0 : -12.556789104818
0 1 : 1.0 -1.0 : -12.548189804151
0 1 : 1.0 -0.6 : -12.581465040613
0 1 : 1.0 -0.2 : -12.59664839223
0 1 : 1.0 0.2 : -12.59664841061
0 1 : 1.0 0.6 : -12.581465118339
0 1 : 1.0 1.0 : -12.548189997645
0 2 : -1.0 -1.0 : -12.535256049189
0 2 : -1.0 -0.6 : -12.56877486788
0 2 : -1.0 -0.2 : -12.584138460351
0 2 : -1.0 0.2 : -12.584138265894
0 2 : -1.0 0.6 : -12.568775707423
0 2 : -1.0 1.0 : -12.535262618069
0 2 : -0.6 -1.0 : -12.5504653716
0 2 : -0.6 -0.6 : -12.588631368448
0 2 : -0.6 -0.2 : -12.605482417458
0 2 : -0.6 0.2 : -12.605482255012
0 2 : -0.6 0.6 : -12.588632462527
0 2 : -0.6 1.0 : -12.550473131033
0 2 : -0.2 -1.0 : -12.555551468576
0 2 : -0.2 -0.6 : -12.596644169423
0 2 : -0.2 -0.2 : -12.614225443488
0 2 : -0.2 0.2 : -12.614225424221
0 2 : -0.2 0.6 : -12.596645800571
0 2 : -0.2 1.0 : -12.555560678061
0 2 : 0.2 -1.0 : -12.555633198372
0 2 : 0.2 -0.6 : -12.59710542404
0 2 : 0.2 -0.2 : -12.614374517628
0 2 : 0.2 0.2 : -12.61437467009
0 2 : 0.2 0.6 : -12.59710759758
0 2 : 0.2 1.0 : -12.555643520042
0 2 : 0.6 -1.0 : -12.553214615678
0 2 : 0.6 -0.6 : -12.592285488874
0 2 : 0.6 -0.2 : -12.60816646622
0 2 : 0.6 0.2 : -12.608166760673
0 2 : 0.6 0.6 : -12.592288025643
0 2 : 0.6 1.0 : -12.553225351397
0 2 : 1.0 -1.0 : -12.548986436407
0 2 : 1.0 -0.6 : -12.583265604488
0 2 : 1.0 -0.2 : -12.596876900643
0 2 : 1.0 0.2 : -12.596877273206
0 2 : 1.0 0.6 : -12.583268233008
0 2 : 1.0 1.0 : -12.548996773088
0 3 : -1.0 -1.0 : -12.487844841831
0 3 : -1.0 -0.6 : -12.555649134652
0 3 : -1.0 -0.2 : -12.582694695091
0 3 : -1.0 0.2 : -12.584428524644
0 3 : -1.0 0.6 : -12.570916174983
0 3 : -1.0 1.0 : -12.548644505489
0 3 : -0.6 -1.0 : -12.519144319511
0 3 : -0.6 -0.6 : -12.580412382798
0 3 : -0.6 -0.2 : -12.604850571657
0 3 : -0.6 0.2 : -12.605444932767
0 3 : -0.6 0.6 : -12.591173981502
0 3 : -0.6 1.0 : -12.568101275052
0 3 : -0.2 -1.0 : -12.538532867751
0 3 : -0.2 -0.6 : -12.592080999519
0 3 : -0.2 -0.2 : -12.613960334832
0 3 : -0.2 0.2 : -12.614278961556
0 3 : -0.2 0.6 : -12.600542418807
0 3 : -0.2 1.0 : -12.578118121226
0 3 : 0.2 -1.0 : -12.550100043655
0 3 : 0.2 -0.6 : -12.595269815628
0 3 : 0.2 -0.2 : -12.614309435029
0 3 : 0.2 0.2 : -12.614559436861
0 3 : 0.2 0.6 : -12.601936292291
0 3 : 0.2 1.0 : -12.580957064963
0 3 : 0.6 -1.0 : -12.554967000326
0 3 : 0.6 -0.6 : -12.592061232778
0 3 : 0.6 -0.2 : -12.608192158897
0 3 : 0.6 0.2 : -12.608399686649
0 3 : 0.6 0.6 : -12.597127705393
0 3 : 0.6 1.0 : -12.578016113449
0 3 : 1.0 -1.0 : -12.553180334378
0 3 : 1.0 -0.6 : -12.583321950431
0 3 : 1.0 -0.2 : -12.596849518947
0 3 : 1.0 0.2 : -12.597095581254
0 3 : 1.0 0.6 : -12.587285646014
0 3 : 1.0 1.0 : -12.570256080312
0 4 : -1.0 -1.0 : -12.533817902364
0 4 : -1.0 -0.6 : -12.568406320806
0 4 : -1.0 -0.2 : -12.584162403863
0 4 : -1.0 0.2 : -12.58416239547
0 4 : -1.0 0.6 : -12.568406412475
0 4 : -1.0 1.0 : -12.533818296546
0 4 : -0.6 -1.0 : -12.550916947559
0 4 : -0.6 -0.6 : -12.588221864169
0 4 : -0.6 -0.2 : -12.605463209857
0 4 : -0.6 0.2 : -12.605463199492
0 4 : -0.6 0.6 : -12.58822195931
0 4 : -0.6 1.0 : -12.550917367739
0 4 : -0.2 -1.0 : -12.55502797923
0 4 : -0.2 -0.6 : -12.59526206286
0 4 : -0.2 -0.2 : -12.614066382265
0 4 : -0.2 0.2 : -12.614066381764
0 4 : -0.2 0.6 : -12.595262196707
0 4 : -0.2 1.0 : -12.555028483729
0 4 : 0.2 -1.0 : -12.55043869821
0 4 : 0.2 -0.6 : -12.593620550671
0 4 : 0.2 -0.2 : -12.613961671074
0 4 : 0.2 0.2 : -12.61396168676
0 4 : 0.2 0.6 : -12.593620741388
0 4 : 0.2 1.0 : -12.55043931506
0 4 : 0.6 -1.0 : -12.539714983469
0 4 : 0.6 -0.6 : -12.585653653937
0 4 : 0.6 -0.2 : -12.607398035123
0 4 : 0.6 0.2 : -12.607398071006
0 4 : 0.6 0.6 : -12.585653912361
0 4 : 0.6 1.0 : -12.539715726864
0 4 : 1.0 -1.0 : -12.524467455717
0 4 : 1.0 -0.6 : -12.572771126904
0 4 : 1.0 -0.2 : -12.595686752788
0 4 : 1.0 0.2 : -12.595686812057
0 4 : 1.0 0.6 : -12.572771461212
0 4 : 1.0 1.0 : -12.524468334338
0 5 : -1.0 -1.0 : -12.523976578914
0 5 : -1.0 -0.6 : -12.564966808327
0 5 : -1.0 -0.2 : -12.583795778845
0 5 : -1.0 0.2 : -12.583795871605
0 5 : -1.0 0.6 : -12.564967147243
0 5 : -1.0 1.0 : -12.523977114844
0 5 : -0.6 -1.0 : -12.542466885933
0 5 : -0.6 -0.6 : -12.585310633954
0 5 : -0.6 -0.2 : -12.605156614226
0 5 : -0.6 0.2 : -12.60515667461
0 5 : -0.6 0.6 : -12.585310830851
0 5 : -0.6 1.0 : -12.542467075991
0 5 : -0.2 -1.0 : -12.548250231725
0 5 : -0.2 -0.6 : -12.592972393888
0 5 : -0.2 -0.2 : -12.613829635694
0 5 : -0.2 0.2 : -12.613829653155
0 5 : -0.2 0.6 : -12.592972416156
0 5 : -0.2 1.0 : -12.548250015154
0 5 : 0.2 -1.0 : -12.545552391246
0 5 : 0.2 -0.6 : -12.59201697787
0 5 : 0.2 -0.2 : -12.613801021169
0 5 : 0.2 0.2 : -12.613801006398
0 5 : 0.2 0.6 : -12.592016861085
0 5 : 0.2 1.0 : -12.545551835368
0 5 : 0.6 -1.0 : -12.536861071453
0 5 : 0.6 -0.6 : -12.584770341974
0 5 : 0.6 -0.2 : -12.60731622221
0 5 : 0.6 0.2 : -12.607316200112
0 5 : 0.6 0.6 : -12.584770168569
0 5 : 0.6 1.0 : -12.536860335449
0 5 : 1.0 -1.0 : -12.523676575097
0 5 : 1.0 -0.6 : -12.572603799953
0 5 : 1.0 -0.2 : -12.595682318316
0 5 : 1.0 0.2 : -12.595682321276
0 5 : 1.0 0.6 : -12.572603677814
0 5 : 1.0 1.0 : -12.523675870827
0 6 : -1.0 -1.0 : -12.525160130571
0 6 : -1.0 -0.6 : -12.563559118625
0 6 : -1.0 -0.2 : -12.583432660132
0 6 : -1.0 0.2 : -12.583020014544
0 6 : -1.0 0.6 : -12.556622271202
0 6 : -1.0 1.0 : -12.497788543505
0 6 : -0.6 -1.0 : -12.54731040977
0 6 : -0.6 -0.6 : -12.58516793687
0 6 : -0.6 -0.2 : -12.604900875546
0 6 : -0.6 0.2 : -12.604558406065
0 6 : -0.6 0.6 : -12.578287867486
0 6 : -0.6 1.0 : -12.519937453043
0 6 : -0.2 -1.0 : -12.557081340896
0 6 : -0.2 -0.6 : -12.594226047315
0 6 : -0.2 -0.2 : -12.613699981846
0 6 : -0.2 0.2 : -12.613424244837
0 6 : -0.2 0.6 : -12.587485874677
0 6 : -0.2 1.0 : -12.530207270002
0 6 : 0.2 -1.0 : -12.558524177899
0 6 : 0.2 -0.6 : -12.594780511195
0 6 : 0.2 -0.2 : -12.613838259747
0 6 : 0.2 0.2 : -12.613553775747
0 6 : 0.2 0.6 : -12.588040646428
0 6 : 0.2 1.0 : -12.532236569282
0 6 : 0.6 -1.0 : -12.553954458276
0 6 : 0.6 -0.6 : -12.589141508071
0 6 : 0.6 -0.2 : -12.607585586822
0 6 : 0.6 0.2 : -12.607137187783
0 6 : 0.6 0.6 : -12.582008544266
0 6 : 0.6 1.0 : -12.5278480886
0 6 : 1.0 -1.0 : -12.544747308269
0 6 : 1.0 -0.6 : -12.578672339289
0 6 : 1.0 -0.2 : -12.596270053842
0 6 : 1.0 0.2 : -12.595434496257
0 6 : 1.0 0.6 : -12.570526090183
0 6 : 1.0 1.0 : -12.517946421586
0 7 : -1.0 -1.0 : -12.512637771569
0 7 : -1.0 -0.6 : -12.552171901238
0 7 : -1.0 -0.2 : -12.580897475863
0 7 : -1.0 0.2 : -12.579734657922
0 7 : -1.0 0.6 : -12.503126675143
0 7 : -1.0 1.0 : -12.24236965271
0 7 : -0.6 -1.0 : -12.534727777221
0 7 : -0.6 -0.6 : -12.574112324483
0 7 : -0.6 -0.2 : -12.602562195874
0 7 : -0.6 0.2 : -12.601040691325
0 7 : -0.6 0.6 : -12.52403936855
0 7 : -0.6 1.0 : -12.262870674026
0 7 : -0.2 -1.0 : -12.54381959102
0 7 : -0.2 -0.6 : -12.583154037089
0 7 : -0.2 -0.2 : -12.611459754254
0 7 : -0.2 0.2 : -12.609745738488
0 7 : -0.2 0.6 : -12.532577810755
0 7 : -0.2 1.0 : -12.271345708244
0 7 : 0.2 -1.0 : -12.543850705914
0 7 : 0.2 -0.6 : -12.583241765331
0 7 : 0.2 -0.2 : -12.611553033175
0 7 : 0.2 0.2 : -12.609842342286
0 7 : 0.2 0.6 : -12.532771485219
0 7 : 0.2 1.0 : -12.271861381898
0 7 : 0.6 -1.0 : -12.537008802606
0 7 : 0.6 -0.6 : -12.576580345988
0 7 : 0.6 -0.2 : -12.605066737695
0 7 : 0.6 0.2 : -12.603577057083
0 7 : 0.6 0.6 : -12.526889208157
0 7 : 0.6 1.0 : -12.266704181433
0 7 : 1.0 -1.0 : -12.524560004977
0 7 : 1.0 -0.6 : -12.564452143247
0 7 : 1.0 -0.2 : -12.593295812277
0 7 : 1.0 0.2 : -12.59225160043
0 7 : 1.0 0.6 : -12.516233522408
0 7 : 1.0 1.0 : -12.257167871216
0 8 : -1.0 -1.0 : -12.370729502384
0 8 : -1.0 -0.6 : -12.526950424742
0 8 : -1.0 -0.2 : -12.580305923653
0 8 : -1.0 0.2 : -12.580292127101
0 8 : -1.0 0.6 : -12.526476438746
0 8 : -1.0 1.0 : -12.367861760258
0 8 : -0.6 -1.0 : -12.392348428657
0 8 : -0.6 -0.6 : -12.548437869882
0 8 : -0.6 -0.2 : -12.601795940481
0 8 : -0.6 0.2 : -12.601781123835
0 8 : -0.6 0.6 : -12.547961604306
0 8 : -0.6 1.0 : -12.389481268638
0 8 : -0.2 -1.0 : -12.401342814521
0 8 : -0.2 -0.6 : -12.557248458842
0 8 : -0.2 -0.2 : -12.610597045459
0 8 : -0.2 0.2 : -12.610581686696
0 8 : -0.2 0.6 : -12.55677147442
0 8 : -0.2 1.0 : -12.398479606872
0 8 : 0.2 -1.0 : -12.401750908193
0 8 : 0.2 -0.6 : -12.557382527122
0 8 : 0.2 -0.2 : -12.61068846002
0 8 : 0.2 0.2 : -12.610673123662
0 8 : 0.2 0.6 : -12.556906657292
0 8 : 0.2 1.0 : -12.398895523551
0 8 : 0.6 -1.0 : -12.395856918517
0 8 : 0.6 -0.6 : -12.551094116074
0 8 : 0.6 -0.2 : -12.604307799302
0 8 : 0.6 0.2 : -12.604293115021
0 8 : 0.6 0.6 : -12.550621433289
0 8 : 0.6 1.0 : -12.393013728592
0 8 : 1.0 -1.0 : -12.384989841291
0 8 : 1.0 -0.6 : -12.539693288916
0 8 : 1.0 -0.2 : -12.592755450477
0 8 : 1.0 0.2 : -12.592742070185
0 8 : 1.0 0.6 : -12.5392259859
0 8 : 1.0 1.0 : -12.38216352547
1 2 : -1.0 -1.0 : -12.498436920297
1 2 : -1.0 -0.6 : -12.540279460431
1 2 : -1.0 -0.2 : -12.558290109114
1 2 : -1.0 0.2 : -12.558289520872
1 2 : -1.0 0.6 : -12.540281563554
1 2 : -1.0 1.0 : -12.498455057302
1 2 : -0.6 -1.0 : -12.536335161221
1 2 : -0.6 -0.6 : -12.578062032235
1 2 : -0.6 -0.2 : -12.595798654488
1 2 : -0.6 0.2 : -12.595798486106
1 2 : -0.6 0.6 : -12.578064633377
1 2 : -0.6 1.0 : -12.536351338024
1 2 : -0.2 -1.0 : -12.553927541517
1 2 : -0.2 -0.6 : -12.595570769702
1 2 : -0.2 -0.2 : -12.613154340265
1 2 : -0.2 0.2 : -12.613154422935
1 2 : -0.2 0.6 : -12.595573216024
1 2 : -0.2 1.0 : -12.553940080096
1 2 : 0.2 -1.0 : -12.55393093472
1 2 : 0.2 -0.6 : -12.59557150712
1 2 : 0.2 -0.2 : -12.61315437111
1 2 : 0.2 0.2 : -12.613154444458
1 2 : 0.2 0.6 : -12.595572951849
1 2 : 0.2 1.0 : -12.553938143767
1 2 : 0.6 -1.0 : -12.53634340342
1 2 : 0.6 -0.6 : -12.57806321808
1 2 : 0.6 -0.2 : -12.595798449719
1 2 : 0.6 0.2 : -12.595798925523
1 2 : 0.6 0.6 : -12.578064926339
1 2 : 0.6 1.0 : -12.536347469963
1 2 : 1.0 -1.0 : -12.498448349433
1 2 : 1.0 -0.6 : -12.540280477125
1 2 : 1.0 -0.2 : -12.558289599702
1 2 : 1.0 0.2 : -12.558290705483
1 2 : 1.0 0.6 : -12.54028323649
1 2 : 1.0 1.0 : -12.498450967812
1 3 : -1.0 -1.0 : -12.482830358415
1 3 : -1.0 -0.6 : -12.533145519513
1 3 : -1.0 -0.2 : -12.556436059706
1 3 : -1.0 0.2 : -12.560389473556
1 3 : -1.0 0.6 : -12.55112063787
1 3 : -1.0 1.0 : -12.533256785615
1 3 : -0.6 -1.0 : -12.523088559848
1 3 : -0.6 -0.6 : -12.573131767321
1 3 : -0.6 -0.2 : -12.59491006883
1 3 : -0.6 0.2 : -12.596754346889
1 3 : -0.6 0.6 : -12.585165633698
1 3 : -0.6 1.0 : -12.564981270522
1 3 : -0.2 -1.0 : -12.542787407095
1 3 : -0.2 -0.6 : -12.592263911293
1 3 : -0.2 -0.2 : -12.612913472038
1 3 : -0.2 0.2 : -12.613380230109
1 3 : -0.2 0.6 : -12.60035067058
1 3 : -0.2 1.0 : -12.578765239926
1 3 : 0.2 -1.0 : -12.54278779242
1 3 : 0.2 -0.6 : -12.592264028654
1 3 : 0.2 -0.2 : -12.612913485296
1 3 : 0.2 0.2 : -12.613380238043
1 3 : 0.2 0.6 : -12.600350727692
1 3 : 0.2 1.0 : -12.578765372155
1 3 : 0.6 -1.0 : -12.523089595052
1 3 : 0.6 -0.6 : -12.573132051148
1 3 : 0.6 -0.2 : -12.594910108313
1 3 : 0.6 0.2 : -12.596754454426
1 3 : 0.6 0.6 : -12.585165988393
1 3 : 0.6 1.0 : -12.564981964066
1 3 : 1.0 -1.0 : -12.482832062388
1 3 : 1.0 -0.6 : -12.53314601012
1 3 : 1.0 -0.2 : -12.556436217767
1 3 : 1.0 0.2 : -12.560389861683
1 3 : 1.0 0.6 : -12.551121597981
1 3 : 1.0 1.0 : -12.533258511454
1 4 : -1.0 -1.0 : -12.486650176217
1 4 : -1.0 -0.6 : -12.533074534346
1 4 : -1.0 -0.2 : -12.557348586973
1 4 : -1.0 0.2 : -12.55734678426
1 4 : -1.0 0.6 : -12.533069396116
1 4 : -1.0 1.0 : -12.48664246939
1 4 : -0.6 -1.0 : -12.52891837211
1 4 : -0.6 -0.6 : -12.57319896391
1 4 : -0.6 -0.2 : -12.595179870395
1 4 : -0.6 0.2 : -12.595179237184
1 4 : -0.6 0.6 : -12.573197237671
1 4 : -0.6 1.0 : -12.528915954404
1 4 : -0.2 -1.0 : -12.550865867069
1 4 : -0.2 -0.6 : -12.592933154925
1 4 : -0.2 -0.2 : -12.612835910712
1 4 : -0.2 0.2 : -12.612835851495
1 4 : -0.2 0.6 : -12.59293312157
1 4 : -0.2 1.0 : -12.550866120118
1 4 : 0.2 -1.0 : -12.550866038191
1 4 : 0.2 -0.6 : -12.592933229882
1 4 : 0.2 -0.2 : -12.6128359249
1 4 : 0.2 0.2 : -12.61283585151
1 4 : 0.2 0.6 : -12.592933148254
1 4 : 0.2 1.0 : -12.550866207143
1 4 : 0.6 -1.0 : -12.52891899222
1 4 : 0.6 -0.6 : -12.573199268494
1 4 : 0.6 -0.2 : -12.595179964154
1 4 : 0.6 0.2 : -12.595179269535
1 4 : 0.6 0.6 : -12.573197350474
1 4 : 0.6 1.0 : -12.528916264094
1 4 : 1.0 -1.0 : -12.486651509573
1 4 : 1.0 -0.6 : -12.533075280232
1 4 : 1.0 -0.2 : -12.55734891567
1 4 : 1.0 0.2 : -12.557346964293
1 4 : 1.0 0.6 : -12.53306970364
1 4 : 1.0 1.0 : -12.486643130263
1 5 : -1.0 -1.0 : -12.485467125829
1 5 : -1.0 -0.6 : -12.532790989447
1 5 : -1.0 -0.2 : -12.557326705605
1 5 : -1.0 0.2 : -12.557327078513
1 5 : -1.0 0.6 : -12.532791784238
1 5 : -1.0 1.0 : -12.485467404981
1 5 : -0.6 -1.0 : -12.524913646431
1 5 : -0.6 -0.6 : -12.571893848795
1 5 : -0.6 -0.2 : -12.595047647015
1 5 : -0.6 0.2 : -12.595047696964
1 5 : -0.6 0.6 : -12.571893776007
1 5 : -0.6 1.0 : -12.524912795389
1 5 : -0.2 -1.0 : -12.545226315677
1 5 : -0.2 -0.6 : -12.591054459224
1 5 : -0.2 -0.2 : -12.612644174977
1 5 : -0.2 0.2 : -12.612644174274
1 5 : -0.2 0.6 : -12.591054341329
1 5 : -0.2 1.0 : -12.545225663848
1 5 : 0.2 -1.0 : -12.545226266103
1 5 : 0.2 -0.6 : -12.591054485201
1 5 : 0.2 -0.2 : -12.612644192619
1 5 : 0.2 0.2 : -12.612644173289
1 5 : 0.2 0.6 : -12.591054437748
1 5 : 0.2 1.0 : -12.545226026114
1 5 : 0.6 -1.0 : -12.524914068072
1 5 : 0.6 -0.6 : -12.571894276583
1 5 : 0.6 -0.2 : -12.595047833256
1 5 : 0.6 0.2 : -12.595047641649
1 5 : 0.6 0.6 : -12.571893806572
1 5 : 0.6 1.0 : -12.524913415291
1 5 : 1.0 -1.0 : -12.485469558314
1 5 : 1.0 -0.6 : -12.532792830231
1 5 : 1.0 -0.2 : -12.557327481894
1 5 : 1.0 0.2 : -12.557326811999
1 5 : 1.0 0.6 : -12.532791006976
1 5 : 1.0 1.0 : -12.485467014033
1 6 : -1.0 -1.0 : -12.500918167452
1 6 : -1.0 -0.6 : -12.533111062805
1 6 : -1.0 -0.2 : -12.555803400271
1 6 : -1.0 0.2 : -12.559460644836
1 6 : -1.0 0.6 : -12.540682552041
1 6 : -1.0 1.0 : -12.503139002649
1 6 : -0.6 -1.0 : -12.535337351066
1 6 : -0.6 -0.6 : -12.570943794042
1 6 : -0.6 -0.2 : -12.593808995505
1 6 : -0.6 0.2 : -12.595827330907
1 6 : -0.6 0.6 : -12.571865050613
1 6 : -0.6 1.0 : -12.522677694938
1 6 : -0.2 -1.0 : -12.555921644548
1 6 : -0.2 -0.6 : -12.592524553725
1 6 : -0.2 -0.2 : -12.612402707345
1 6 : -0.2 0.2 : -12.612459720607
1 6 : -0.2 0.6 : -12.586847938846
1 6 : -0.2 1.0 : -12.531135249737
1 6 : 0.2 -1.0 : -12.555921579988
1 6 : 0.2 -0.6 : -12.59252447147
1 6 : 0.2 -0.2 : -12.612402682577
1 6 : 0.2 0.2 : -12.612459734906
1 6 : 0.2 0.6 : -12.586848003666
1 6 : 0.2 1.0 : -12.531135556243
1 6 : 0.6 -1.0 : -12.535337151185
1 6 : 0.6 -0.6 : -12.570943603966
1 6 : 0.6 -0.2 : -12.593808962593
1 6 : 0.6 0.2 : -12.59582743015
1 6 : 0.6 0.6 : -12.571865299484
1 6 : 0.6 1.0 : -12.52267846442
1 6 : 1.0 -1.0 : -12.500917851535
1 6 : 1.0 -0.6 : -12.533110959686
1 6 : 1.0 -0.2 : -12.555803527573
1 6 : 1.0 0.2 : -12.55946094337
1 6 : 1.0 0.6 : -12.540683053781
1 6 : 1.0 1.0 : -12.503139986071
1 7 : -1.0 -1.0 : -12.49141621083
1 7 : -1.0 -0.6 : -12.524708585787
1 7 : -1.0 -0.2 : -12.551654250675
1 7 : -1.0 0.2 : -12.564041459367
1 7 : -1.0 0.6 : -12.546346049317
1 7 : -1.0 1.0 : -12.470043866664
1 7 : -0.6 -1.0 : -12.524961489173
1 7 : -0.6 -0.6 : -12.562209345426
1 7 : -0.6 -0.2 : -12.59072559779
1 7 : -0.6 0.2 : -12.596742816671
1 7 : -0.6 0.6 : -12.550194888254
1 7 : -0.6 1.0 : -12.38617509375
1 7 : -0.2 -1.0 : -12.542562753534
1 7 : -0.2 -0.6 : -12.581687640786
1 7 : -0.2 -0.2 : -12.610058147164
1 7 : -0.2 0.2 : -12.609396265454
1 7 : -0.2 0.6 : -12.536396520046
1 7 : -0.2 1.0 : -12.288725888703
1 7 : 0.2 -1.0 : -12.542569548227
1 7 : 0.2 -0.6 : -12.581692351377
1 7 : 0.2 -0.2 : -12.610059225618
1 7 : 0.2 0.2 : -12.609397919816
1 7 : 0.2 0.6 : -12.536429916261
1 7 : 0.2 1.0 : -12.288929501983
1 7 : 0.6 -1.0 : -12.524985771333
1 7 : 0.6 -0.6 : -12.562227385061
1 7 : 0.6 -0.2 : -12.590731299942
1 7 : 0.6 0.2 : -12.596741725418
1 7 : 0.6 0.6 : -12.550241208378
1 7 : 0.6 1.0 : -12.38649324493
1 7 : 1.0 -1.0 : -12.491467898916
1 7 : 1.0 -0.6 : -12.524748693916
1 7 : 1.0 -0.2 : -12.551669542138
1 7 : 1.0 0.2 : -12.564027409856
1 7 : 1.0 0.6 : -12.546328624375
1 7 : 1.0 1.0 : -12.470138727294
1 8 : -1.0 -1.0 : -12.498074975183
1 8 : -1.0 -0.6 : -12.544762370935
1 8 : -1.0 -0.2 : -12.560629210729
1 8 : -1.0 0.2 : -12.555333169617
1 8 : -1.0 0.6 : -12.528418066512
1 8 : -1.0 1.0 : -12.467960291583
1 8 : -0.6 -1.0 : -12.458124311221
1 8 : -0.6 -0.6 : -12.558521933806
1 8 : -0.6 -0.2 : -12.594520563187
1 8 : -0.6 0.2 : -12.593061237629
1 8 : -0.6 0.6 : -12.55427706844
1 8 : -0.6 1.0 : -12.449576506792
1 8 : -0.2 -1.0 : -12.409835411405
1 8 : -0.2 -0.6 : -12.558449797048
1 8 : -0.2 -0.2 : -12.609751853752
1 8 : -0.2 0.2 : -12.609693885073
1 8 : -0.2 0.6 : -12.558242691659
1 8 : -0.2 1.0 : -12.408142337185
1 8 : 0.2 -1.0 : -12.410781215596
1 8 : 0.2 -0.6 : -12.558673822931
1 8 : 0.2 -0.2 : -12.609704449199
1 8 : 0.2 0.2 : -12.609738685821
1 8 : 0.2 0.6 : -12.557991015339
1 8 : 0.2 1.0 : -12.407106109499
1 8 : 0.6 -1.0 : -12.451146257729
1 8 : 0.6 -0.6 : -12.554502862735
1 8 : 0.6 -0.2 : -12.593048886464
1 8 : 0.6 0.2 : -12.59452872091
1 8 : 0.6 0.6 : -12.558252059532
1 8 : 0.6 1.0 : -12.456426666692
1 8 : 1.0 -1.0 : -12.468576394579
1 8 : 1.0 -0.6 : -12.528459453298
1 8 : 1.0 -0.2 : -12.555301277142
1 8 : 1.0 0.2 : -12.560660929886
1 8 : 1.0 0.6 : -12.544714285145
1 8 : 1.0 1.0 : -12.49745609907
2 3 : -1.0 -1.0 : -12.300970373189
2 3 : -1.0 -0.6 : -12.449935684556
2 3 : -1.0 -0.2 : -12.532578417115
2 3 : -1.0 0.2 : -12.570509155575
2 3 : -1.0 0.6 : -12.57961387069
2 3 : -1.0 1.0 : -12.570793170006
2 3 : -0.6 -1.0 : -12.467024334057
2 3 : -0.6 -0.6 : -12.548165603498
2 3 : -0.6 -0.2 : -12.588592960396
2 3 : -0.6 0.2 : -12.601033768509
2 3 : -0.6 0.6 : -12.595081921897
2 3 : -0.6 1.0 : -12.577556207774
2 3 : -0.2 -1.0 : -12.537010345041
2 3 : -0.2 -0.6 : -12.589707691979
2 3 : -0.2 -0.2 : -12.612284080548
2 3 : -0.2 0.2 : -12.613840231289
2 3 : -0.2 0.6 : -12.60138404697
2 3 : -0.2 1.0 : -12.580061602145
2 3 : 0.2 -1.0 : -12.53700501813
2 3 : 0.2 -0.6 : -12.589706402547
2 3 : 0.2 -0.2 : -12.612284055406
2 3 : 0.2 0.2 : -12.613840198899
2 3 : 0.2 0.6 : -12.601383538261
2 3 : 0.2 1.0 : -12.580060533614
2 3 : 0.6 -1.0 : -12.467010400575
2 3 : 0.6 -0.6 : -12.548164061999
2 3 : 0.6 -0.2 : -12.58859484884
2 3 : 0.6 0.2 : -12.601035135721
2 3 : 0.6 0.6 : -12.595081424214
2 3 : 0.6 1.0 : -12.577553705677
2 3 : 1.0 -1.0 : -12.300956541054
2 3 : 1.0 -0.6 : -12.449942710525
2 3 : 1.0 -0.2 : -12.532589301225
2 3 : 1.0 0.2 : -12.570517032747
2 3 : 1.0 0.6 : -12.579616874322
2 3 : 1.0 1.0 : -12.570791558059
2 4 : -1.0 -1.0 : -12.492929354837
2 4 : -1.0 -0.6 : -12.534225336685
2 4 : -1.0 -0.2 : -12.553695170359
2 4 : -1.0 0.2 : -12.553697347185
2 4 : -1.0 0.6 : -12.534231826875
2 4 : -1.0 1.0 : -12.492939797965
2 4 : -0.6 -1.0 : -12.534114212165
2 4 : -0.6 -0.6 : -12.575747233374
2 4 : -0.6 -0.2 : -12.595318182046
2 4 : -0.6 0.2 : -12.595318957265
2 4 : -0.6 0.6 : -12.575749637299
2 4 : -0.6 1.0 : -12.534118284823
2 4 : -0.2 -1.0 : -12.551586244181
2 4 : -0.2 -0.6 : -12.593299173296
2 4 : -0.2 -0.2 : -12.612882210632
2 4 : -0.2 0.2 : -12.612882301341
2 4 : -0.2 0.6 : -12.593299577523
2 4 : -0.2 1.0 : -12.551587183405
2 4 : 0.2 -1.0 : -12.551586813268
2 4 : 0.2 -0.6 : -12.59329943687
2 4 : 0.2 -0.2 : -12.612882299981
2 4 : 0.2 0.2 : -12.612882393084
2 4 : 0.2 0.6 : -12.593299851333
2 4 : 0.2 1.0 : -12.551587772523
2 4 : 0.6 -1.0 : -12.534117669299
2 4 : 0.6 -0.6 : -12.575749755139
2 4 : 0.6 -0.2 : -12.595320166853
2 4 : 0.6 0.2 : -12.595320946322
2 4 : 0.6 0.6 : -12.575752180962
2 4 : 0.6 1.0 : -12.534121787532
2 4 : 1.0 -1.0 : -12.492941839317
2 4 : 1.0 -0.6 : -12.534236227024
2 4 : 1.0 -0.2 : -12.55370513106
2 4 : 1.0 0.2 : -12.55370730436
2 4 : 1.0 0.6 : -12.534242721772
2 4 : 1.0 1.0 : -12.492952305534
2 5 : -1.0 -1.0 : -12.495997745101
2 5 : -1.0 -0.6 : -12.537219247303
2 5 : -1.0 -0.2 : -12.555145548872
2 5 : -1.0 0.2 : -12.551492845171
2 5 : -1.0 0.6 : -12.524220030346
2 5 : -1.0 1.0 : -12.469878250454
2 5 : -0.6 -1.0 : -12.531292442275
2 5 : -0.6 -0.6 : -12.575096655212
2 5 : -0.6 -0.2 : -12.595460858582
2 5 : -0.6 0.2 : -12.5946529302
2 5 : -0.6 0.6 : -12.571402146652
2 5 : -0.6 1.0 : -12.522320344011
2 5 : -0.2 -1.0 : -12.546534877365
2 5 : -0.2 -0.6 : -12.591577726218
2 5 : -0.2 -0.2 : -12.612701683119
2 5 : -0.2 0.2 : -12.612650808255
2 5 : -0.2 0.6 : -12.590996904351
2 5 : -0.2 1.0 : -12.544611981214
2 5 : 0.2 -1.0 : -12.544612936991
2 5 : 0.2 -0.6 : -12.590997233864
2 5 : 0.2 -0.2 : -12.612650918052
2 5 : 0.2 0.2 : -12.612701733674
2 5 : 0.2 0.6 : -12.591577767299
2 5 : 0.2 1.0 : -12.546534712611
2 5 : 0.6 -1.0 : -12.522325401577
2 5 : 0.6 -0.6 : -12.571405438534
2 5 : 0.6 -0.2 : -12.594655185952
2 5 : 0.6 0.2 : -12.595462524139
2 5 : 0.6 0.6 : -12.575098014819
2 5 : 0.6 1.0 : -12.531293479445
2 5 : 1.0 -1.0 : -12.469896368664
2 5 : 1.0 -0.6 : -12.524233960442
2 5 : 1.0 -0.2 : -12.551503811889
2 5 : 1.0 0.2 : -12.555154447205
2 5 : 1.0 0.6 : -12.537226723544
2 5 : 1.0 1.0 : -12.496004033407
2 6 : -1.0 -1.0 : -12.508878344167
2 6 : -1.0 -0.6 : -12.541612423686
2 6 : -1.0 -0.2 : -12.55620024874
2 6 : -1.0 0.2 : -12.549999864649
2 6 : -1.0 0.6 : -12.516118238738
2 6 : -1.0 1.0 : -12.447505912947
2 6 : -0.6 -1.0 : -12.5426084337
2 6 : -0.6 -0.6 : -12.578108989084
2 6 : -0.6 -0.2 : -12.595936174662
2 6 : -0.6 0.2 : -12.593793216833
2 6 : -0.6 0.6 : -12.565419595339
2 6 : -0.6 1.0 : -12.504838630822
2 6 : -0.2 -1.0 : -12.556984822479
2 6 : -0.2 -0.6 : -12.593582747294
2 6 : -0.2 -0.2 : -12.612720427495
2 6 : -0.2 0.2 : -12.612259658235
2 6 : -0.2 0.6 : -12.586251846161
2 6 : -0.2 1.0 : -12.52924663992
2 6 : 0.2 -1.0 : -12.556985266784
2 6 : 0.2 -0.6 : -12.59358302215
2 6 : 0.2 -0.2 : -12.612720548674
2 6 : 0.2 0.2 : -12.612259690761
2 6 : 0.2 0.6 : -12.5862518939
2 6 : 0.2 1.0 : -12.529246945121
2 6 : 0.6 -1.0 : -12.542611024647
2 6 : 0.6 -0.6 : -12.578111240612
2 6 : 0.6 -0.2 : -12.595938150151
2 6 : 0.6 0.2 : -12.593795138003
2 6 : 0.6 0.6 : -12.565421813649
2 6 : 0.6 1.0 : -12.504841934262
2 6 : 1.0 -1.0 : -12.508887512382
2 6 : 1.0 -0.6 : -12.541621690353
2 6 : 1.0 -0.2 : -12.556209785204
2 6 : 1.0 0.2 : -12.550010140359
2 6 : 1.0 0.6 : -12.516129984218
2 6 : 1.0 1.0 : -12.44752066058
2 7 : -1.0 -1.0 : -12.478865662896
2 7 : -1.0 -0.6 : -12.520447103329
2 7 : -1.0 -0.2 : -12.550532833079
2 7 : -1.0 0.2 : -12.54996999494
2 7 : -1.0 0.6 : -12.473705994861
2 7 : -1.0 1.0 : -12.214429380795
2 7 : -0.6 -1.0 : -12.523771019871
2 7 : -0.6 -0.6 : -12.563813113
2 7 : -0.6 -0.2 : -12.59264095262
2 7 : -0.6 0.2 : -12.591219206248
2 7 : -0.6 0.6 : -12.514292472618
2 7 : -0.6 1.0 : -12.253760535206
2 7 : -0.2 -1.0 : -12.542608314493
2 7 : -0.2 -0.6 : -12.582028162515
2 7 : -0.2 -0.2 : -12.610370923905
2 7 : -0.2 0.2 : -12.608662079267
2 7 : -0.2 0.6 : -12.531528506029
2 7 : -0.2 1.0 : -12.27046948064
2 7 : 0.2 -1.0 : -12.542608282607
2 7 : 0.2 -0.6 : -12.582028151411
2 7 : 0.2 -0.2 : -12.610370957891
2 7 : 0.2 0.2 : -12.608662186811
2 7 : 0.2 0.6 : -12.531528704887
2 7 : 0.2 1.0 : -12.270469748662
2 7 : 0.6 -1.0 : -12.523772789844
2 7 : 0.6 -0.6 : -12.563814874136
2 7 : 0.6 -0.2 : -12.592642791616
2 7 : 0.6 0.2 : -12.591221223398
2 7 : 0.6 0.6 : -12.514294737884
2 7 : 0.6 1.0 : -12.253762995727
2 7 : 1.0 -1.0 : -12.478875872614
2 7 : 1.0 -0.6 : -12.520457016879
2 7 : 1.0 -0.2 : -12.550542640947
2 7 : 1.0 0.2 : -12.549979916112
2 7 : 1.0 0.6 : -12.473716204533
2 7 : 1.0 1.0 : -12.214439837207
2 8 : -1.0 -1.0 : -12.341804595709
2 8 : -1.0 -0.6 : -12.496908906732
2 8 : -1.0 -0.2 : -12.550294239004
2 8 : -1.0 0.2 : -12.550282756785
2 8 : -1.0 0.6 : -12.496449328645
2 8 : -1.0 1.0 : -12.338998906363
2 8 : -0.6 -1.0 : -12.383064276788
2 8 : -0.6 -0.6 : -12.538594131268
2 8 : -0.6 -0.2 : -12.591941002381
2 8 : -0.6 0.2 : -12.591926634467
2 8 : -0.6 0.6 : -12.538122509219
2 8 : -0.6 1.0 : -12.38022208945
2 8 : -0.2 -1.0 : -12.40042435658
2 8 : -0.2 -0.6 : -12.556177664457
2 8 : -0.2 -0.2 : -12.609511364658
2 8 : -0.2 0.2 : -12.60949603861
2 8 : -0.2 0.6 : -12.555701455239
2 8 : -0.2 1.0 : -12.397566295545
2 8 : 0.2 -1.0 : -12.400424485589
2 8 : 0.2 -0.6 : -12.556177750566
2 8 : 0.2 -0.2 : -12.609511443365
2 8 : 0.2 0.2 : -12.609496108102
2 8 : 0.2 0.6 : -12.555701634373
2 8 : 0.2 1.0 : -12.397566727293
2 8 : 0.6 -1.0 : -12.38306673653
2 8 : 0.6 -0.6 : -12.538596316095
2 8 : 0.6 -0.2 : -12.591943021144
2 8 : 0.6 0.2 : -12.591928489696
2 8 : 0.6 0.6 : -12.538124563456
2 8 : 0.6 1.0 : -12.380224775837
2 8 : 1.0 -1.0 : -12.341816673318
2 8 : 1.0 -0.6 : -12.496919986453
2 8 : 1.0 -0.2 : -12.550304506212
2 8 : 1.0 0.2 : -12.550292240244
2 8 : 1.0 0.6 : -12.496458651355
2 8 : 1.0 1.0 : -12.339008804194
3 4 : -1.0 -1.0 : -12.450992418492
3 4 : -1.0 -0.6 : -12.511084378723
3 4 : -1.0 -0.2 : -12.541433199234
3 4 : -1.0 0.2 : -12.541433081089
3 4 : -1.0 0.6 : -12.511084154371
3 4 : -1.0 1.0 : -12.450992518102
3 4 : -0.6 -1.0 : -12.514949016536
3 4 : -0.6 -0.6 : -12.566252706049
3 4 : -0.6 -0.2 : -12.591490451545
3 4 : -0.6 0.2 : -12.59149039947
3 4 : -0.6 0.6 : -12.56625266341
3 4 : -0.6 1.0 : -12.514949283518
3 4 : -0.2 -1.0 : -12.54672529595
3 4 : -0.2 -0.6 : -12.591254572794
3 4 : -0.2 -0.2 : -12.61250816382
3 4 : -0.2 0.2 : -12.61250815421
3 4 : -0.2 0.6 : -12.591254668983
3 4 : -0.2 1.0 : -12.546725745312
3 4 : 0.2 -1.0 : -12.555914195811
3 4 : 0.2 -0.6 : -12.595128089969
3 4 : 0.2 -0.2 : -12.613210084015
3 4 : 0.2 0.2 : -12.613210105517
3 4 : 0.2 0.6 : -12.59512831404
3 4 : 0.2 1.0 : -12.555914876179
3 4 : 0.6 -1.0 : -12.549918226747
3 4 : 0.6 -0.6 : -12.584850872146
3 4 : 0.6 -0.2 : -12.600336234344
3 4 : 0.6 0.2 : -12.600336279305
3 4 : 0.6 0.6 : -12.584851221073
3 4 : 0.6 1.0 : -12.549919186329
3 4 : 1.0 -1.0 : -12.534197563858
3 4 : 1.0 -0.6 : -12.565570606392
3 4 : 1.0 -0.2 : -12.578861778445
3 4 : 1.0 0.2 : -12.578861838899
3 4 : 1.0 0.6 : -12.565571073848
3 4 : 1.0 1.0 : -12.534198836191
3 5 : -1.0 -1.0 : -12.44313518532
3 5 : -1.0 -0.6 : -12.508746731746
3 5 : -1.0 -0.2 : -12.541207217774
3 5 : -1.0 0.2 : -12.541208720058
3 5 : -1.0 0.6 : -12.508751294617
3 5 : -1.0 1.0 : -12.443142165648
3 5 : -0.6 -1.0 : -12.50896983822
3 5 : -0.6 -0.6 : -12.564423728566
3 5 : -0.6 -0.2 : -12.591312935415
3 5 : -0.6 0.2 : -12.591313424354
3 5 : -0.6 0.6 : -12.564425236253
3 5 : -0.6 1.0 : -12.508971921652
3 5 : -0.2 -1.0 : -12.541061972221
3 5 : -0.2 -0.6 : -12.589417642497
3 5 : -0.2 -0.2 : -12.612323964329
3 5 : -0.2 0.2 : -12.612324054778
3 5 : -0.2 0.6 : -12.589417903501
3 5 : -0.2 1.0 : -12.541062083884
3 5 : 0.2 -1.0 : -12.54972060161
3 5 : 0.2 -0.6 : -12.593014430413
3 5 : 0.2 -0.2 : -12.612991197073
3 5 : 0.2 0.2 : -12.612991138189
3 5 : 0.2 0.6 : -12.593014148716
3 5 : 0.2 1.0 : -12.549719809675
3 5 : 0.6 -1.0 : -12.542779270402
3 5 : 0.6 -0.6 : -12.582339639874
3 5 : 0.6 -0.2 : -12.600070796655
3 5 : 0.6 0.2 : -12.600070661649
3 5 : 0.6 0.6 : -12.582338988156
3 5 : 0.6 1.0 : -12.542777752919
3 5 : 1.0 -1.0 : -12.525936061791
3 5 : 1.0 -0.6 : -12.562618552655
3 5 : 1.0 -0.2 : -12.578546299462
3 5 : 1.0 0.2 : -12.578546091397
3 5 : 1.0 0.6 : -12.562617490111
3 5 : 1.0 1.0 : -12.525933639888
3 6 : -1.0 -1.0 : -12.489955567203
3 6 : -1.0 -0.6 : -12.524527543412
3 6 : -1.0 -0.2 : -12.543188970742
3 6 : -1.0 0.2 : -12.541106978823
3 6 : -1.0 0.6 : -12.509930180853
3 6 : -1.0 1.0 : -12.442793227261
3 6 : -0.6 -1.0 : -12.536098096506
3 6 : -0.6 -0.6 : -12.572515199731
3 6 : -0.6 -0.2 : -12.592098613054
3 6 : -0.6 0.2 : -12.591178912453
3 6 : -0.6 0.6 : -12.562513824565
3 6 : -0.6 1.0 : -12.500053755365
3 6 : -0.2 -1.0 : -12.555992018878
3 6 : -0.2 -0.6 : -12.592871679482
3 6 : -0.2 -0.2 : -12.612443047558
3 6 : -0.2 0.2 : -12.612095769641
3 6 : -0.2 0.6 : -12.585516183675
3 6 : -0.2 1.0 : -12.527164752064
3 6 : 0.2 -1.0 : -12.557627968628
3 6 : 0.2 -0.6 : -12.593995814868
3 6 : 0.2 -0.2 : -12.612853490636
3 6 : 0.2 0.2 : -12.612551883289
3 6 : 0.2 0.6 : -12.587549339913
3 6 : 0.2 1.0 : -12.532554838372
3 6 : 0.6 -1.0 : -12.547086465275
3 6 : 0.6 -0.6 : -12.582310159117
3 6 : 0.6 -0.2 : -12.599969041049
3 6 : 0.6 0.2 : -12.59930641908
3 6 : 0.6 0.6 : -12.57542698893
3 6 : 0.6 1.0 : -12.523065088707
3 6 : 1.0 -1.0 : -12.528777788763
3 6 : 1.0 -0.6 : -12.562506060474
3 6 : 1.0 -0.2 : -12.5786739375
3 6 : 1.0 0.2 : -12.577370021631
3 6 : 1.0 0.6 : -12.554259508281
3 6 : 1.0 1.0 : -12.503925136889
3 7 : -1.0 -1.0 : -12.478285891372
3 7 : -1.0 -0.6 : -12.515891539214
3 7 : -1.0 -0.2 : -12.54168579862
3 7 : -1.0 0.2 : -12.537639270088
3 7 : -1.0 0.6 : -12.462519664059
3 7 : -1.0 1.0 : -12.218249613792
3 7 : -0.6 -1.0 : -12.524588476361
3 7 : -0.6 -0.6 : -12.563040960939
3 7 : -0.6 -0.2 : -12.590227240782
3 7 : -0.6 0.2 : -12.587821530341
3 7 : -0.6 0.6 : -12.512928023675
3 7 : -0.6 1.0 : -12.263118194527
3 7 : -0.2 -1.0 : -12.543245708909
3 7 : -0.2 -0.6 : -12.582312657751
3 7 : -0.2 -0.2 : -12.610320206015
3 7 : -0.2 0.2 : -12.608537965602
3 7 : -0.2 0.6 : -12.532404826883
3 7 : -0.2 1.0 : -12.275374027552
3 7 : 0.2 -1.0 : -12.542361175979
3 7 : 0.2 -0.6 : -12.581984996025
3 7 : 0.2 -0.2 : -12.610492113101
3 7 : 0.2 0.2 : -12.608656059552
3 7 : 0.2 0.6 : -12.530266656186
3 7 : 0.2 1.0 : -12.264796525422
3 7 : 0.6 -1.0 : -12.528415356871
3 7 : 0.6 -0.6 : -12.568570261605
3 7 : 0.6 -0.2 : -12.597369565628
3 7 : 0.6 0.2 : -12.594989952556
3 7 : 0.6 0.6 : -12.513601333474
3 7 : 0.6 1.0 : -12.238796872061
3 7 : 1.0 -1.0 : -12.506287522513
3 7 : 1.0 -0.6 : -12.546915242665
3 7 : 1.0 -0.2 : -12.575852879782
3 7 : 1.0 0.2 : -12.572562488592
3 7 : 1.0 0.6 : -12.487616050227
3 7 : 1.0 1.0 : -12.202820736286
3 8 : -1.0 -1.0 : -12.346743702112
3 8 : -1.0 -0.6 : -12.489845651598
3 8 : -1.0 -0.2 : -12.539790989474
3 8 : -1.0 0.2 : -12.539770396743
3 8 : -1.0 0.6 : -12.489398140295
3 8 : -1.0 1.0 : -12.344144436411
3 8 : -0.6 -1.0 : -12.390352733824
3 8 : -0.6 -0.6 : -12.538063699809
3 8 : -0.6 -0.2 : -12.58909013235
3 8 : -0.6 0.2 : -12.589073589672
3 8 : -0.6 0.6 : -12.53761045831
3 8 : -0.6 1.0 : -12.38765910797
3 8 : -0.2 -1.0 : -12.40400753859
3 8 : -0.2 -0.6 : -12.556959967603
3 8 : -0.2 -0.2 : -12.60944412575
3 8 : -0.2 0.2 : -12.609428819695
3 8 : -0.2 0.6 : -12.556492534987
3 8 : -0.2 1.0 : -12.401205506976
3 8 : 0.2 -1.0 : -12.396561695534
3 8 : 0.2 -0.6 : -12.55529610428
3 8 : 0.2 -0.2 : -12.609546299632
3 8 : 0.2 0.2 : -12.609530374451
3 8 : 0.2 0.6 : -12.554809104417
3 8 : 0.2 1.0 : -12.393642296895
3 8 : 0.6 -1.0 : -12.374891156844
3 8 : 0.6 -0.6 : -12.539847928778
3 8 : 0.6 -0.2 : -12.596114275947
3 8 : 0.6 0.2 : -12.596096403487
3 8 : 0.6 0.6 : -12.539337701228
3 8 : 0.6 1.0 : -12.371848339624
3 8 : 1.0 -1.0 : -12.344106732152
3 8 : 1.0 -0.6 : -12.515622363008
3 8 : 1.0 -0.2 : -12.574107102347
3 8 : 1.0 0.2 : -12.574086300197
3 8 : 1.0 0.6 : -12.515086259976
3 8 : 1.0 1.0 : -12.340936164524
4 5 : -1.0 -1.0 : -12.498691327915
4 5 : -1.0 -0.6 : -12.531440429023
4 5 : -1.0 -0.2 : -12.550993633111
4 5 : -1.0 0.2 : -12.550993418485
4 5 : -1.0 0.6 : -12.531439688566
4 5 : -1.0 1.0 : -12.498689899185
4 5 : -0.6 -1.0 : -12.52830005697
4 5 : -0.6 -0.6 : -12.569643080648
4 5 : -0.6 -0.2 : -12.592371227368
4 5 : -0.6 0.2 : -12.592371170628
4 5 : -0.6 0.6 : -12.569642771758
4 5 : -0.6 1.0 : -12.528299201329
4 5 : -0.2 -1.0 : -12.545494838533
4 5 : -0.2 -0.6 : -12.590653132947
4 5 : -0.2 -0.2 : -12.612321421036
4 5 : -0.2 0.2 : -12.612321416162
4 5 : -0.2 0.6 : -12.590653049165
4 5 : -0.2 1.0 : -12.545494381688
4 5 : 0.2 -1.0 : -12.545494949816
4 5 : 0.2 -0.6 : -12.590653219442
4 5 : 0.2 -0.2 : -12.612321441253
4 5 : 0.2 0.2 : -12.612321435836
4 5 : 0.2 0.6 : -12.590653135023
4 5 : 0.2 1.0 : -12.545494489013
4 5 : 0.6 -1.0 : -12.528300374485
4 5 : 0.6 -0.6 : -12.569643353298
4 5 : 0.6 -0.2 : -12.59237140565
4 5 : 0.6 0.2 : -12.592371347129
4 5 : 0.6 0.6 : -12.569643042257
4 5 : 0.6 1.0 : -12.528299512435
4 5 : 1.0 -1.0 : -12.498691826041
4 5 : 1.0 -0.6 : -12.531440952661
4 5 : 1.0 -0.2 : -12.55099418572
4 5 : 1.0 0.2 : -12.550993972761
4 5 : 1.0 0.6 : -12.531440217928
4 5 : 1.0 1.0 : -12.498690404159
4 6 : -1.0 -1.0 : -12.486301761922
4 6 : -1.0 -0.6 : -12.524112641586
4 6 : -1.0 -0.2 : -12.548139753877
4 6 : -1.0 0.2 : -12.55409226638
4 6 : -1.0 0.6 : -12.538235484904
4 6 : -1.0 1.0 : -12.499358641491
4 6 : -0.6 -1.0 : -12.531897429668
4 6 : -0.6 -0.6 : -12.569777588221
4 6 : -0.6 -0.2 : -12.591517138536
4 6 : -0.6 0.2 : -12.593797605326
4 6 : -0.6 0.6 : -12.571853009348
4 6 : -0.6 1.0 : -12.522461139974
4 6 : -0.2 -1.0 : -12.555671108208
4 6 : -0.2 -0.6 : -12.592584882117
4 6 : -0.2 -0.2 : -12.612203750417
4 6 : -0.2 0.2 : -12.612242021727
4 6 : -0.2 0.6 : -12.586949849939
4 6 : -0.2 1.0 : -12.531234986501
4 6 : 0.2 -1.0 : -12.555671135882
4 6 : 0.2 -0.6 : -12.592584910324
4 6 : 0.2 -0.2 : -12.612203765305
4 6 : 0.2 0.2 : -12.612242019011
4 6 : 0.2 0.6 : -12.586949805263
4 6 : 0.2 1.0 : -12.531234850139
4 6 : 0.6 -1.0 : -12.531897569294
4 6 : 0.6 -0.6 : -12.569777766413
4 6 : 0.6 -0.2 : -12.591517312333
4 6 : 0.6 0.2 : -12.593797743056
4 6 : 0.6 0.6 : -12.571853039534
4 6 : 0.6 1.0 : -12.522460939773
4 6 : 1.0 -1.0 : -12.486302129335
4 6 : 1.0 -0.6 : -12.524113141661
4 6 : 1.0 -0.2 : -12.548140313047
4 6 : 1.0 0.2 : -12.554092799988
4 6 : 1.0 0.6 : -12.538235874836
4 6 : 1.0 1.0 : -12.499358735898
4 7 : -1.0 -1.0 : -12.491318098329
4 7 : -1.0 -0.6 : -12.522423620127
4 7 : -1.0 -0.2 : -12.546533238741
4 7 : -1.0 0.2 : -12.555472046112
4 7 : -1.0 0.6 : -12.534144048864
4 7 : -1.0 1.0 : -12.455576974196
4 7 : -0.6 -1.0 : -12.524729460458
4 7 : -0.6 -0.6 : -12.561166127564
4 7 : -0.6 -0.2 : -12.588707053003
4 7 : -0.6 0.2 : -12.593760889215
4 7 : -0.6 0.6 : -12.546955227735
4 7 : -0.6 1.0 : -12.385608283649
4 7 : -0.2 -1.0 : -12.542527967331
4 7 : -0.2 -0.6 : -12.581562015702
4 7 : -0.2 -0.2 : -12.609829484513
4 7 : -0.2 0.2 : -12.609092253594
4 7 : -0.2 0.6 : -12.536195056652
4 7 : -0.2 1.0 : -12.289321921331
4 7 : 0.2 -1.0 : -12.542528039842
4 7 : 0.2 -0.6 : -12.581562093953
4 7 : 0.2 -0.2 : -12.609829535854
4 7 : 0.2 0.2 : -12.609092173216
4 7 : 0.2 0.6 : -12.536194521442
4 7 : 0.2 1.0 : -12.289319961905
4 7 : 0.6 -1.0 : -12.524729688836
4 7 : 0.6 -0.6 : -12.561166389709
4 7 : 0.6 -0.2 : -12.588707287916
4 7 : 0.6 0.2 : -12.593760891805
4 7 : 0.6 0.6 : -12.546954387925
4 7 : 0.6 1.0 : -12.385604915909
4 7 : 1.0 -1.0 : -12.49131849948
4 7 : 1.0 -0.6 : -12.522424113629
4 7 : 1.0 -0.2 : -12.54653380427
4 7 : 1.0 0.2 : -12.555472540493
4 7 : 1.0 0.6 : -12.534144060462
4 7 : 1.0 1.0 : -12.455575465839
4 8 : -1.0 -1.0 : -12.47411238743
4 8 : -1.0 -0.6 : -12.528813933651
4 8 : -1.0 -0.2 : -12.551070296702
4 8 : -1.0 0.2 : -12.551092462893
4 8 : -1.0 0.6 : -12.528743562403
4 8 : -1.0 1.0 : -12.473470220557
4 8 : -0.6 -1.0 : -12.452530873365
4 8 : -0.6 -0.6 : -12.55394186474
4 8 : -0.6 -0.2 : -12.59124693766
4 8 : -0.6 0.2 : -12.591254537871
4 8 : -0.6 0.6 : -12.553690571517
4 8 : -0.6 1.0 : -12.450914588929
4 8 : -0.2 -1.0 : -12.410247443578
4 8 : -0.2 -0.6 : -12.558320732158
4 8 : -0.2 -0.2 : -12.609455323587
4 8 : -0.2 0.2 : -12.609443222866
4 8 : -0.2 0.6 : -12.557875914471
4 8 : -0.2 1.0 : -12.407568336342
4 8 : 0.2 -1.0 : -12.410245691568
4 8 : 0.2 -0.6 : -12.55832027193
4 8 : 0.2 -0.2 : -12.609455259904
4 8 : 0.2 0.2 : -12.609443258674
4 8 : 0.2 0.6 : -12.557875919304
4 8 : 0.2 1.0 : -12.40756813535
4 8 : 0.6 -1.0 : -12.452527853629
4 8 : 0.6 -0.6 : -12.553941143289
4 8 : 0.6 -0.2 : -12.591246964072
4 8 : 0.6 0.2 : -12.591254751376
4 8 : 0.6 0.6 : -12.553690721269
4 8 : 0.6 1.0 : -12.450914368933
4 8 : 1.0 -1.0 : -12.474110967303
4 8 : 1.0 -0.6 : -12.528813934164
4 8 : 1.0 -0.2 : -12.551070776339
4 8 : 1.0 0.2 : -12.551093045264
4 8 : 1.0 0.6 : -12.528744081458
4 8 : 1.0 1.0 : -12.473470505524
5 6 : -1.0 -1.0 : -12.489306296904
5 6 : -1.0 -0.6 : -12.525494256125
5 6 : -1.0 -0.2 : -12.545448711425
5 6 : -1.0 0.2 : -12.544206469753
5 6 : -1.0 0.6 : -12.517551277908
5 6 : -1.0 1.0 : -12.465932673072
5 6 : -0.6 -1.0 : -12.533365461298
5 6 : -0.6 -0.6 : -12.570706356759
5 6 : -0.6 -0.2 : -12.590871012662
5 6 : -0.6 0.2 : -12.590111833374
5 6 : -0.6 0.6 : -12.563250321929
5 6 : -0.6 1.0 : -12.507647736615
5 6 : -0.2 -1.0 : -12.555863434668
5 6 : -0.2 -0.6 : -12.592722752303
5 6 : -0.2 -0.2 : -12.612161655079
5 6 : -0.2 0.2 : -12.61182832848
5 6 : -0.2 0.6 : -12.585905853163
5 6 : -0.2 1.0 : -12.529369771975
5 6 : 0.2 -1.0 : -12.555863566524
5 6 : 0.2 -0.6 : -12.592722768398
5 6 : 0.2 -0.2 : -12.61216163411
5 6 : 0.2 0.2 : -12.611828370752
5 6 : 0.2 0.6 : -12.585906022482
5 6 : 0.2 1.0 : -12.529370028817
5 6 : 0.6 -1.0 : -12.533365738822
5 6 : 0.6 -0.6 : -12.570706333865
5 6 : 0.6 -0.2 : -12.590870903555
5 6 : 0.6 0.2 : -12.590111889979
5 6 : 0.6 0.6 : -12.563250696942
5 6 : 0.6 1.0 : -12.507648284971
5 6 : 1.0 -1.0 : -12.489306308395
5 6 : 1.0 -0.6 : -12.525493873161
5 6 : 1.0 -0.2 : -12.545448233273
5 6 : 1.0 0.2 : -12.544206214848
5 6 : 1.0 0.6 : -12.517551399909
5 6 : 1.0 1.0 : -12.465932825271
5 7 : -1.0 -1.0 : -12.485783612139
5 7 : -1.0 -0.6 : -12.51679039525
5 7 : -1.0 -0.2 : -12.540763575386
5 7 : -1.0 0.2 : -12.549497839809
5 7 : -1.0 0.6 : -12.527987924867
5 7 : -1.0 1.0 : -12.450082671367
5 7 : -0.6 -1.0 : -12.52271184569
5 7 : -0.6 -0.6 : -12.55912851964
5 7 : -0.6 -0.2 : -12.58670060768
5 7 : -0.6 0.2 : -12.591936202426
5 7 : -0.6 0.6 : -12.545983573145
5 7 : -0.6 1.0 : -12.38781967879
5 7 : -0.2 -1.0 : -12.542302885287
5 7 : -0.2 -0.6 : -12.581336156591
5 7 : -0.2 -0.2 : -12.609614515339
5 7 : -0.2 0.2 : -12.608926729936
5 7 : -0.2 0.6 : -12.536232354615
5 7 : -0.2 1.0 : -12.290106225972
5 7 : 0.2 -1.0 : -12.542302981702
5 7 : 0.2 -0.6 : -12.581336249157
5 7 : 0.2 -0.2 : -12.609614566801
5 7 : 0.2 0.2 : -12.608926632603
5 7 : 0.2 0.6 : -12.536231781121
5 7 : 0.2 1.0 : -12.290104191479
5 7 : 0.6 -1.0 : -12.522712043571
5 7 : 0.6 -0.6 : -12.559128691678
5 7 : 0.6 -0.2 : -12.586700671363
5 7 : 0.6 0.2 : -12.591935945307
5 7 : 0.6 0.6 : -12.545982405607
5 7 : 0.6 1.0 : -12.387816008495
5 7 : 1.0 -1.0 : -12.485783648005
5 7 : 1.0 -0.6 : -12.516790333265
5 7 : 1.0 -0.2 : -12.540763329476
5 7 : 1.0 0.2 : -12.549497220649
5 7 : 1.0 0.6 : -12.527986539972
5 7 : 1.0 1.0 : -12.450079665109
5 8 : -1.0 -1.0 : -12.475780399038
5 8 : -1.0 -0.6 : -12.525204327858
5 8 : -1.0 -0.2 : -12.545439689033
5 8 : -1.0 0.2 : -12.545461763829
5 8 : -1.0 0.6 : -12.525147906229
5 8 : -1.0 1.0 : -12.47522181842
5 8 : -0.6 -1.0 : -12.456530270427
5 8 : -0.6 -0.6 : -12.553594548946
5 8 : -0.6 -0.2 : -12.589448103825
5 8 : -0.6 0.2 : -12.589456564239
5 8 : -0.6 0.6 : -12.553357955769
5 8 : -0.6 1.0 : -12.454999292674
5 8 : -0.2 -1.0 : -12.411104295353
5 8 : -0.2 -0.6 : -12.558388007202
5 8 : -0.2 -0.2 : -12.609280800154
5 8 : -0.2 0.2 : -12.609268887082
5 8 : -0.2 0.6 : -12.557945921725
5 8 : -0.2 1.0 : -12.408441950203
5 8 : 0.2 -1.0 : -12.411101907159
5 8 : 0.2 -0.6 : -12.558387358348
5 8 : 0.2 -0.2 : -12.609280702599
5 8 : 0.2 0.2 : -12.609268920787
5 8 : 0.2 0.6 : -12.557945908776
5 8 : 0.2 1.0 : -12.408441768735
5 8 : 0.6 -1.0 : -12.456525809141
5 8 : 0.6 -0.6 : -12.553593224956
5 8 : 0.6 -0.2 : -12.589447862332
5 8 : 0.6 0.2 : -12.589456559696
5 8 : 0.6 0.6 : -12.553357776318
5 8 : 0.6 1.0 : -12.454998646378
5 8 : 1.0 -1.0 : -12.475776670896
5 8 : 1.0 -0.6 : -12.525202897968
5 8 : 1.0 -0.2 : -12.545439154396
5 8 : 1.0 0.2 : -12.545461349487
5 8 : 1.0 0.6 : -12.525147114083
5 8 : 1.0 1.0 : -12.475220267933
6 7 : -1.0 -1.0 : -12.495086525184
6 7 : -1.0 -0.6 : -12.52664814057
6 7 : -1.0 -0.2 : -12.551351825753
6 7 : -1.0 0.2 : -12.560793444337
6 7 : -1.0 0.6 : -12.54061394695
6 7 : -1.0 1.0 : -12.465081363902
6 7 : -0.6 -1.0 : -12.525844554948
6 7 : -0.6 -0.6 : -12.562077888463
6 7 : -0.6 -0.2 : -12.589123993962
6 7 : -0.6 0.2 : -12.593361344733
6 7 : -0.6 0.6 : -12.545404581749
6 7 : -0.6 1.0 : -12.383584898645
6 7 : -0.2 -1.0 : -12.542679905413
6 7 : -0.2 -0.6 : -12.581608887943
6 7 : -0.2 -0.2 : -12.609690776604
6 7 : -0.2 0.2 : -12.608707988459
6 7 : -0.2 0.6 : -12.535503000473
6 7 : -0.2 1.0 : -12.289005960249
6 7 : 0.2 -1.0 : -12.542330534124
6 7 : 0.2 -0.6 : -12.581332231374
6 7 : 0.2 -0.2 : -12.609466089527
6 7 : 0.2 0.2 : -12.608323303081
6 7 : 0.2 0.6 : -12.534369770018
6 7 : 0.2 1.0 : -12.284229291668
6 7 : 0.6 -1.0 : -12.523082163312
6 7 : 0.6 -0.6 : -12.558571634469
6 7 : 0.6 -0.2 : -12.583927483307
6 7 : 0.6 0.2 : -12.584374648375
6 7 : 0.6 0.6 : -12.528080548557
6 7 : 0.6 1.0 : -12.346503246091
6 7 : 1.0 -1.0 : -12.485359004888
6 7 : 1.0 -0.6 : -12.513214271673
6 7 : 1.0 -0.2 : -12.530431559127
6 7 : 1.0 0.2 : -12.52663233734
6 7 : 1.0 0.6 : -12.482243907068
6 7 : 1.0 1.0 : -12.358885070599
6 8 : -1.0 -1.0 : -12.468909747288
6 8 : -1.0 -0.6 : -12.531337483481
6 8 : -1.0 -0.2 : -12.555903954985
6 8 : -1.0 0.2 : -12.555926686754
6 8 : -1.0 0.6 : -12.53125254785
6 8 : -1.0 1.0 : -12.468162094093
6 8 : -0.6 -1.0 : -12.435874190275
6 8 : -0.6 -0.6 : -12.549757834255
6 8 : -0.6 -0.2 : -12.59090814168
6 8 : -0.6 0.2 : -12.590912263415
6 8 : -0.6 0.6 : -12.549469671037
6 8 : -0.6 1.0 : -12.434060852879
6 8 : -0.2 -1.0 : -12.40084928884
6 8 : -0.2 -0.6 : -12.55573481945
6 8 : -0.2 -0.2 : -12.608986026157
6 8 : -0.2 0.2 : -12.608972653371
6 8 : -0.2 0.6 : -12.555271898079
6 8 : -0.2 1.0 : -12.398061215179
6 8 : 0.2 -1.0 : -12.419539873458
6 8 : 0.2 -0.6 : -12.560474588142
6 8 : 0.2 -0.2 : -12.609197340069
6 8 : 0.2 0.2 : -12.609184783423
6 8 : 0.2 0.6 : -12.560042964072
6 8 : 0.2 1.0 : -12.416959956162
6 8 : 0.6 -1.0 : -12.470381808604
6 8 : 0.6 -0.6 : -12.55491542761
6 8 : 0.6 -0.2 : -12.585381175076
6 8 : 0.6 0.2 : -12.585377201269
6 8 : 0.6 0.6 : -12.554660541407
6 8 : 0.6 1.0 : -12.468898764627
6 8 : 1.0 -1.0 : -12.488287520908
6 8 : 1.0 -0.6 : -12.520036811141
6 8 : 1.0 -0.2 : -12.530973628167
6 8 : 1.0 0.2 : -12.530960973032
6 8 : 1.0 0.6 : -12.519897426827
6 8 : 1.0 1.0 : -12.48765759685
7 8 : -1.0 -1.0 : -12.529370221196
7 8 : -1.0 -0.6 : -12.541025082018
7 8 : -1.0 -0.2 : -12.54438913472
7 8 : -1.0 0.2 : -12.544487929226
7 8 : -1.0 0.6 : -12.541245370559
7 8 : -1.0 1.0 : -12.529361961834
7 8 : -0.6 -1.0 : -12.533624700462
7 8 : -0.6 -0.6 : -12.570794249101
7 8 : -0.6 -0.2 : -12.58287703919
7 8 : -0.6 0.2 : -12.582932125969
7 8 : -0.6 0.6 : -12.570793344464
7 8 : -0.6 1.0 : -12.532859807247
7 8 : -0.2 -1.0 : -12.477535057098
7 8 : -0.2 -0.6 : -12.57564656949
7 8 : -0.2 -0.2 : -12.608905048396
7 8 : -0.2 0.2 : -12.608905076491
7 8 : -0.2 0.6 : -12.575328786978
7 8 : -0.2 1.0 : -12.475505770241
7 8 : 0.2 -1.0 : -12.271612359071
7 8 : 0.2 -0.6 : -12.517053549749
7 8 : 0.2 -0.2 : -12.601634309162
7 8 : 0.2 0.2 : -12.601635003212
7 8 : 0.2 0.6 : -12.516485013419
7 8 : 0.2 1.0 : -12.267870964978
7 8 : 0.6 -1.0 : -11.700766424293
7 8 : 0.6 -0.6 : -12.302312952656
7 8 : 0.6 -0.2 : -12.510973396646
7 8 : 0.6 0.2 : -12.511293082672
7 8 : 0.6 0.6 : -12.302366849053
7 8 : 0.6 1.0 : -11.696086618821
7 8 : 1.0 -1.0 : -10.219146441808
7 8 : 1.0 -0.6 : -11.708386512205
7 8 : 1.0 -0.2 : -12.217040887442
7 8 : 1.0 0.2 : -12.218887146385
7 8 : 1.0 0.6 : -11.712900396411
7 8 : 1.0 1.0 : -10.220000279142
