0.0 0.0 0.0 0.0 0.0 0.0 -7.175648086847
0 : -1.0 : -7.11361937318
0 : -0.6 : -7.155007097192
0 : -0.2 : -7.173540922767
0 : 0.2 : -7.173540929554
0 : 0.6 : -7.155007235655
0 : 1.0 : -7.113619757863
1 : -1.0 : -7.111357343787
1 : -0.6 : -7.153767142256
1 : -0.2 : -7.173324132893
1 : 0.2 : -7.173334896957
1 : 0.6 : -7.153801696154
1 : 1.0 : -7.111418476411
2 : -1.0 : -7.090823151036
2 : -0.6 : -7.146938406947
2 : -0.2 : -7.172695620828
2 : 0.2 : -7.172877497763
2 : 0.6 : -7.151465874786
2 : 1.0 : -7.109420736107
3 : -1.0 : -7.020023493425
3 : -0.6 : -7.132003331455
3 : -0.2 : -7.171795541145
3 : 0.2 : -7.172532642249
3 : 0.6 : -7.152545050146
3 : 1.0 : -7.121932051889
4 : -1.0 : -6.956869579411
4 : -0.6 : -7.117571932884
4 : -0.2 : -7.170186274093
4 : 0.2 : -7.170198772291
4 : 0.6 : -7.118256325762
4 : 1.0 : -6.961178733271
5 : -1.0 : -6.82960264853
5 : -0.6 : -7.092765048116
5 : -0.2 : -7.169240687055
5 : 0.2 : -7.17099658818
5 : 0.6 : -7.144099431841
5 : 1.0 : -7.107662128062
0 1 : -1.0 -1.0 : -7.050865397397
0 1 : -1.0 -0.6 : -7.090974997192
0 1 : -1.0 -0.2 : -7.111110007806
0 1 : -1.0 0.2 : -7.111121886191
0 1 : -1.0 0.6 : -7.091010723716
0 1 : -1.0 1.0 : -7.050924036543
0 1 : -0.6 -1.0 : -7.08932767136
0 1 : -0.6 -0.6 : -7.131913281052
0 1 : -0.6 -0.2 : -7.152493247584
0 1 : -0.6 0.2 : -7.152504888397
0 1 : -0.6 0.6 : -7.131949289094
0 1 : -0.6 1.0 : -7.089388844856
0 1 : -0.2 -1.0 : -7.108927252499
0 1 : -0.2 -0.6 : -7.151443020163
0 1 : -0.2 -0.2 : -7.171185035812
0 1 : -0.2 0.2 : -7.17119593834
0 1 : -0.2 0.6 : -7.151477823946
0 1 : -0.2 1.0 : -7.10898846809
0 1 : 0.2 -1.0 : -7.108927233561
0 1 : 0.2 -0.6 : -7.151443022813
0 1 : 0.2 -0.2 : -7.171185042439
0 1 : 0.2 0.2 : -7.17119594523
0 1 : 0.2 0.6 : -7.151477826565
0 1 : 0.2 1.0 : -7.108988447333
0 1 : 0.6 -1.0 : -7.089327661332
0 1 : 0.6 -0.6 : -7.131913372762
0 1 : 0.6 -0.2 : -7.152493381436
0 1 : 0.6 0.2 : -7.152505022081
0 1 : 0.6 0.6 : -7.131949378712
0 1 : 0.6 1.0 : -7.089388827832
0 1 : 1.0 -1.0 : -7.050865448471
0 1 : 1.0 -0.6 : -7.090975257999
0 1 : 1.0 -0.2 : -7.111110379196
0 1 : 1.0 0.2 : -7.111122255726
0 1 : 1.0 0.6 : -7.091010977791
0 1 : 1.0 1.0 : -7.05092407389
0 2 : -1.0 -1.0 : -7.022596475084
0 2 : -1.0 -0.6 : -7.078565629519
0 2 : -1.0 -0.2 : -7.108495469192
0 2 : -1.0 0.2 : -7.112569494861
0 2 : -1.0 0.6 : -7.093489608426
0 2 : -1.0 1.0 : -7.054935377842
0 2 : -0.6 -1.0 : -7.065780216291
0 2 : -0.6 -0.6 : -7.122855189137
0 2 : -0.6 -0.2 : -7.151041908389
0 2 : -0.6 0.2 : -7.152855027748
0 2 : -0.6 0.6 : -7.131642918895
0 2 : -0.6 1.0 : -7.089839747021
0 2 : -0.2 -1.0 : -7.088041041495
0 2 : -0.2 -0.6 : -7.14434859572
0 2 : -0.2 -0.2 : -7.170455848983
0 2 : -0.2 0.2 : -7.170838896066
0 2 : -0.2 0.6 : -7.149393608488
0 2 : -0.2 1.0 : -7.107288145788
0 2 : 0.2 -1.0 : -7.088041184306
0 2 : 0.2 -0.6 : -7.144348699044
0 2 : 0.2 -0.2 : -7.170455887633
0 2 : 0.2 0.2 : -7.170838875517
0 2 : 0.2 0.6 : -7.149393547542
0 2 : 0.2 1.0 : -7.107288046658
0 2 : 0.6 -1.0 : -7.065780645036
0 2 : 0.6 -0.6 : -7.122855548888
0 2 : 0.6 -0.2 : -7.15104212595
0 2 : 0.6 0.2 : -7.152855089872
0 2 : 0.6 0.6 : -7.131642839356
0 2 : 0.6 1.0 : -7.08983951229
0 2 : 1.0 -1.0 : -7.022597129559
0 2 : 1.0 -0.6 : -7.07856625683
0 2 : 1.0 -0.2 : -7.108495953499
0 2 : 1.0 0.2 : -7.112569767514
0 2 : 1.0 0.6 : -7.093489624926
0 2 : 1.0 1.0 : -7.054935082866
0 3 : -1.0 -1.0 : -6.967580877646
0 3 : -1.0 -0.6 : -7.071405948419
0 3 : -1.0 -0.2 : -7.109405877772
0 3 : -1.0 0.2 : -7.111358847187
0 3 : -1.0 0.6 : -7.093952033687
0 3 : -1.0 1.0 : -7.066442096363
0 3 : -0.6 -1.0 : -7.001885650314
0 3 : -0.6 -0.6 : -7.111279587098
0 3 : -0.6 -0.2 : -7.150825526366
0 3 : -0.6 0.2 : -7.152391084058
0 3 : -0.6 0.6 : -7.133675574924
0 3 : -0.6 1.0 : -7.104443900752
0 3 : -0.2 -1.0 : -7.018115478529
0 3 : -0.2 -0.6 : -7.129838313276
0 3 : -0.2 -0.2 : -7.169635885701
0 3 : -0.2 0.2 : -7.17049606222
0 3 : -0.2 0.6 : -7.150676051414
0 3 : -0.2 1.0 : -7.120235611701
0 3 : 0.2 -1.0 : -7.018115364288
0 3 : 0.2 -0.6 : -7.129838275896
0 3 : 0.2 -0.2 : -7.169635883624
0 3 : 0.2 0.2 : -7.170496074172
0 3 : 0.2 0.6 : -7.15067606655
0 3 : 0.2 1.0 : -7.120235624633
0 3 : 0.6 -1.0 : -7.001885418891
0 3 : 0.6 -0.6 : -7.11127958953
0 3 : 0.6 -0.2 : -7.150825637785
0 3 : 0.6 0.2 : -7.1523912374
0 3 : 0.6 0.6 : -7.13367573279
0 3 : 0.6 1.0 : -7.104444041632
0 3 : 1.0 -1.0 : -6.967580638469
0 3 : 1.0 -0.6 : -7.071406097781
0 3 : 1.0 -0.2 : -7.109406214532
0 3 : 1.0 0.2 : -7.111359258647
0 3 : 1.0 0.6 : -7.09395245229
0 3 : 1.0 1.0 : -7.066442478739
0 4 : -1.0 -1.0 : -7.061987430895
0 4 : -1.0 -0.6 : -7.098252530287
0 4 : -1.0 -0.2 : -7.112098541297
0 4 : -1.0 0.2 : -7.11204770205
0 4 : -1.0 0.6 : -7.098243334287
0 4 : -1.0 1.0 : -7.062513968825
0 4 : -0.6 -1.0 : -7.031332870194
0 4 : -0.6 -0.6 : -7.120254380711
0 4 : -0.6 -0.2 : -7.151661471538
0 4 : -0.6 0.2 : -7.151631854167
0 4 : -0.6 0.6 : -7.120524384857
0 4 : -0.6 1.0 : -7.033342641966
0 4 : -0.2 -1.0 : -6.968879634277
0 4 : -0.2 -0.6 : -7.11880608163
0 4 : -0.2 -0.2 : -7.168377717583
0 4 : -0.2 0.2 : -7.168383783058
0 4 : -0.2 0.6 : -7.119428235465
0 4 : -0.2 1.0 : -6.972830669186
0 4 : 0.2 -1.0 : -6.968878573572
0 4 : 0.2 -0.6 : -7.11880579318
0 4 : 0.2 -0.2 : -7.168377693059
0 4 : 0.2 0.2 : -7.168383769329
0 4 : 0.2 0.6 : -7.119428002451
0 4 : 0.2 1.0 : -6.972829811765
0 4 : 0.6 -1.0 : -7.031331209204
0 4 : 0.6 -0.6 : -7.120253981741
0 4 : 0.6 -0.2 : -7.151661551853
0 4 : 0.6 0.2 : -7.151631952243
0 4 : 0.6 0.6 : -7.120524077451
0 4 : 0.6 1.0 : -7.033341301798
0 4 : 1.0 -1.0 : -7.061986655658
0 4 : 1.0 -0.6 : -7.09825253323
0 4 : 1.0 -0.2 : -7.112098884743
0 4 : 1.0 0.2 : -7.112048051455
0 4 : 1.0 0.6 : -7.098243377874
0 4 : 1.0 1.0 : -7.06251334843
0 5 : -1.0 -1.0 : -7.042725758095
0 5 : -1.0 -0.6 : -7.104047926953
0 5 : -1.0 -0.2 : -7.117361480681
0 5 : -1.0 0.2 : -7.105641185132
0 5 : -1.0 0.6 : -7.08222876168
0 5 : -1.0 1.0 : -7.054060176061
0 5 : -0.6 -1.0 : -6.970416077066
0 5 : -0.6 -0.6 : -7.115114144434
0 5 : -0.6 -0.2 : -7.154925555122
0 5 : -0.6 0.2 : -7.14773308338
0 5 : -0.6 0.6 : -7.12097415055
0 5 : -0.6 1.0 : -7.087400818003
0 5 : -0.2 -1.0 : -6.851701485483
0 5 : -0.2 -0.6 : -7.096985260167
0 5 : -0.2 -0.2 : -7.168076187082
0 5 : -0.2 0.2 : -7.168472546406
0 5 : -0.2 0.6 : -7.14149395919
0 5 : -0.2 1.0 : -7.105358173768
0 5 : 0.2 -1.0 : -6.85169897539
0 5 : 0.2 -0.6 : -7.096984579627
0 5 : 0.2 -0.2 : -7.168076083427
0 5 : 0.2 0.2 : -7.168472609603
0 5 : 0.2 0.6 : -7.141494057311
0 5 : 0.2 1.0 : -7.105358266769
0 5 : 0.6 -1.0 : -6.970412095959
0 5 : 0.6 -0.6 : -7.115113089625
0 5 : 0.6 -0.2 : -7.154925498203
0 5 : 0.6 0.2 : -7.147733319672
0 5 : 0.6 0.6 : -7.120974436571
0 5 : 0.6 1.0 : -7.087401080331
0 5 : 1.0 -1.0 : -7.042723861453
0 5 : 1.0 -0.6 : -7.104047617271
0 5 : 1.0 -0.2 : -7.117361754708
0 5 : 1.0 0.2 : -7.105641616518
0 5 : 1.0 0.6 : -7.082229186978
0 5 : 1.0 1.0 : -7.054060554626
1 2 : -1.0 -1.0 : -7.063633996534
1 2 : -1.0 -0.6 : -7.099402682241
1 2 : -1.0 -0.2 : -7.113443860744
1 2 : -1.0 0.2 : -7.103328824528
1 2 : -1.0 0.6 : -7.072416574893
1 2 : -1.0 1.0 : -7.030217976578
1 2 : -0.6 -1.0 : -7.081999869645
1 2 : -0.6 -0.6 : -7.130654479215
1 2 : -0.6 -0.2 : -7.152795901596
1 2 : -0.6 0.2 : -7.148388608745
1 2 : -0.6 0.6 : -7.121206226316
1 2 : -0.6 1.0 : -7.077861468884
1 2 : -0.2 -1.0 : -7.089906376913
1 2 : -0.2 -0.6 : -7.145182476148
1 2 : -0.2 -0.2 : -7.17060087857
1 2 : -0.2 0.2 : -7.170206020442
1 2 : -0.2 0.6 : -7.147971372424
1 2 : -0.2 1.0 : -7.105714728023
1 2 : 0.2 -1.0 : -7.089913428536
1 2 : 0.2 -0.6 : -7.145193341681
1 2 : 0.2 -0.2 : -7.170611673932
1 2 : 0.2 0.2 : -7.170217560976
1 2 : 0.2 0.6 : -7.147986610285
1 2 : 0.2 1.0 : -7.10573177539
1 2 : 0.6 -1.0 : -7.082020553275
1 2 : 0.6 -0.6 : -7.130685983967
1 2 : 0.6 -0.2 : -7.152829837979
1 2 : 0.6 0.2 : -7.1484247433
1 2 : 0.6 0.6 : -7.121248781664
1 2 : 0.6 1.0 : -7.077907393192
1 2 : 1.0 -1.0 : -7.063666554638
1 2 : 1.0 -0.6 : -7.099452130404
1 2 : 1.0 -0.2 : -7.113502465649
1 2 : 1.0 0.2 : -7.103391579061
1 2 : 1.0 0.6 : -7.072480876573
1 2 : 1.0 1.0 : -7.03028074815
1 3 : -1.0 -1.0 : -6.95840430131
1 3 : -1.0 -0.6 : -7.065086488161
1 3 : -1.0 -0.2 : -7.105961396331
1 3 : -1.0 0.2 : -7.110016628391
1 3 : -1.0 0.6 : -7.093518914015
1 3 : -1.0 1.0 : -7.065632741465
1 3 : -0.6 -1.0 : -6.999032861243
1 3 : -0.6 -0.6 : -7.109186342439
1 3 : -0.6 -0.2 : -7.149399567699
1 3 : -0.6 0.2 : -7.151199267382
1 3 : -0.6 0.6 : -7.132114112859
1 3 : -0.6 1.0 : -7.101904053936
1 3 : -0.2 -1.0 : -7.017788565307
1 3 : -0.2 -0.6 : -7.129574673346
1 3 : -0.2 -0.2 : -7.169417705668
1 3 : -0.2 0.2 : -7.170261453477
1 3 : -0.2 0.6 : -7.150342503527
1 3 : -0.2 1.0 : -7.119723583804
1 3 : 0.2 -1.0 : -7.017796475415
1 3 : 0.2 -0.6 : -7.129585566851
1 3 : 0.2 -0.2 : -7.169428828525
1 3 : 0.2 0.2 : -7.170271727592
1 3 : 0.2 0.6 : -7.150351731588
1 3 : 0.2 1.0 : -7.119731968998
1 3 : 0.6 -1.0 : -6.999058589639
1 3 : 0.6 -0.6 : -7.109221101978
1 3 : 0.6 -0.2 : -7.149435198316
1 3 : 0.6 0.2 : -7.151232248798
1 3 : 0.6 0.6 : -7.132143398674
1 3 : 0.6 1.0 : -7.101929825783
1 3 : 1.0 -1.0 : -6.958451004429
1 3 : 1.0 -0.6 : -7.065147732141
1 3 : 1.0 -0.2 : -7.106024262525
1 3 : 1.0 0.2 : -7.110075088198
1 3 : 1.0 0.6 : -7.093570606564
1 3 : 1.0 1.0 : -7.065677204401
1 4 : -1.0 -1.0 : -7.051255972014
1 4 : -1.0 -0.6 : -7.099318675325
1 4 : -1.0 -0.2 : -7.112794399138
1 4 : -1.0 0.2 : -7.105434402682
1 4 : -1.0 0.6 : -7.078479132563
1 4 : -1.0 1.0 : -7.019785002118
1 4 : -0.6 -1.0 : -7.009277478927
1 4 : -0.6 -0.6 : -7.115345237151
1 4 : -0.6 -0.2 : -7.150833117374
1 4 : -0.6 0.2 : -7.148906614014
1 4 : -0.6 0.6 : -7.111520735295
1 4 : -0.6 1.0 : -7.009323863361
1 4 : -0.2 -1.0 : -6.962447805149
1 4 : -0.2 -0.6 : -7.117214706617
1 4 : -0.2 -0.2 : -7.168093283545
1 4 : -0.2 0.2 : -7.168053661669
1 4 : -0.2 0.6 : -7.11859856898
1 4 : -0.2 1.0 : -6.970721558657
1 4 : 0.2 -1.0 : -6.966734744394
1 4 : 0.2 -0.6 : -7.117985698991
1 4 : 0.2 -0.2 : -7.168057890705
1 4 : 0.2 0.2 : -7.168113786755
1 4 : 0.2 0.6 : -7.117883150299
1 4 : 0.2 1.0 : -6.966566040379
1 4 : 0.6 -1.0 : -7.006906181493
1 4 : 0.6 -0.6 : -7.111208591131
1 4 : 0.6 -0.2 : -7.148961354202
1 4 : 0.6 0.2 : -7.150852341421
1 4 : 0.6 0.6 : -7.115775632516
1 4 : 0.6 1.0 : -7.011888849246
1 4 : 1.0 -1.0 : -7.018768066043
1 4 : 1.0 -0.6 : -7.078424810183
1 4 : 1.0 -0.2 : -7.105531401964
1 4 : 1.0 0.2 : -7.112818259686
1 4 : 1.0 0.6 : -7.099478856881
1 4 : 1.0 1.0 : -7.052301021279
1 5 : -1.0 -1.0 : -7.004953109251
1 5 : -1.0 -0.6 : -7.089716408628
1 5 : -1.0 -0.2 : -7.112724435818
1 5 : -1.0 0.2 : -7.104847897236
1 5 : -1.0 0.6 : -7.082755719021
1 5 : -1.0 1.0 : -7.054911019651
1 5 : -0.6 -1.0 : -6.933831089045
1 5 : -0.6 -0.6 : -7.103316598435
1 5 : -0.6 -0.2 : -7.151825849421
1 5 : -0.6 0.2 : -7.147546995338
1 5 : -0.6 0.6 : -7.121641054838
1 5 : -0.6 1.0 : -7.088168163332
1 5 : -0.2 -1.0 : -6.844850050452
1 5 : -0.2 -0.6 : -7.094914018196
1 5 : -0.2 -0.2 : -7.167546022333
1 5 : -0.2 0.2 : -7.168429094629
1 5 : -0.2 0.6 : -7.141588569461
1 5 : -0.2 1.0 : -7.105469839551
1 5 : 0.2 -1.0 : -6.844495348995
1 5 : 0.2 -0.6 : -7.094854039764
1 5 : 0.2 -0.2 : -7.167551540244
1 5 : 0.2 0.2 : -7.168438634278
1 5 : 0.2 0.6 : -7.141590204361
1 5 : 0.2 1.0 : -7.105466627066
1 5 : 0.6 -1.0 : -6.933274029642
1 5 : 0.6 -0.6 : -7.103245297086
1 5 : 0.6 -0.2 : -7.151858591554
1 5 : 0.6 0.2 : -7.14757158756
1 5 : 0.6 0.6 : -7.121638304588
1 5 : 0.6 1.0 : -7.088151854938
1 5 : 1.0 -1.0 : -7.00482568754
1 5 : 1.0 -0.6 : -7.089800157754
1 5 : 1.0 -0.2 : -7.112812532639
1 5 : 1.0 0.2 : -7.104877343407
1 5 : 1.0 0.6 : -7.082730517167
1 5 : 1.0 1.0 : -7.054865435202
2 3 : -1.0 -1.0 : -6.907806749916
2 3 : -1.0 -0.6 : -7.028756333925
2 3 : -1.0 -0.2 : -7.080625355697
2 3 : -1.0 0.2 : -7.094033126797
2 3 : -1.0 0.6 : -7.086342812805
2 3 : -1.0 1.0 : -7.067362424081
2 3 : -0.6 -1.0 : -6.984964038691
2 3 : -0.6 -0.6 : -7.097472780524
2 3 : -0.6 -0.2 : -7.140835218027
2 3 : -0.6 0.2 : -7.146197322961
2 3 : -0.6 0.6 : -7.131055517648
2 3 : -0.6 1.0 : -7.10520299447
2 3 : -0.2 -1.0 : -7.018533137024
2 3 : -0.2 -0.6 : -7.129018367001
2 3 : -0.2 -0.2 : -7.168661597595
2 3 : -0.2 0.2 : -7.169862008402
2 3 : -0.2 0.6 : -7.150631340963
2 3 : -0.2 1.0 : -7.120943403045
2 3 : 0.2 -1.0 : -7.012586217365
2 3 : 0.2 -0.6 : -7.127601317049
2 3 : 0.2 -0.2 : -7.168731406415
2 3 : 0.2 0.2 : -7.169882379219
2 3 : 0.2 0.6 : -7.149744764868
2 3 : 0.2 1.0 : -7.118586704001
2 3 : 0.6 -1.0 : -6.974666309916
2 3 : 0.6 -0.6 : -7.099410668886
2 3 : 0.6 -0.2 : -7.145792779076
2 3 : 0.6 0.2 : -7.149454447689
2 3 : 0.6 0.6 : -7.130023655717
2 3 : 0.6 1.0 : -7.098327553025
2 3 : 1.0 -1.0 : -6.910590945481
2 3 : 1.0 -0.6 : -7.04799179707
2 3 : 1.0 -0.2 : -7.101536724376
2 3 : 1.0 0.2 : -7.108953585597
2 3 : 1.0 0.6 : -7.091136588856
2 3 : 1.0 1.0 : -7.059741078379
2 4 : -1.0 -1.0 : -7.043754837872
2 4 : -1.0 -0.6 : -7.079682149273
2 4 : -1.0 -0.2 : -7.089906334051
2 4 : -1.0 0.2 : -7.089935782177
2 4 : -1.0 0.6 : -7.079933331367
2 4 : -1.0 1.0 : -7.044854424595
2 4 : -0.6 -1.0 : -7.021618561293
2 4 : -0.6 -0.6 : -7.113210187496
2 4 : -0.6 -0.2 : -7.14377799682
2 4 : -0.6 0.2 : -7.143780980409
2 4 : -0.6 0.6 : -7.113593662367
2 4 : -0.6 1.0 : -7.023950933586
2 4 : -0.2 -1.0 : -6.973271397659
2 4 : -0.2 -0.6 : -7.119632278524
2 4 : -0.2 -0.2 : -7.167708725318
2 4 : -0.2 0.2 : -7.167716352813
2 4 : -0.2 0.6 : -7.120243852097
2 4 : -0.2 1.0 : -6.97713922047
2 4 : 0.2 -1.0 : -6.953516983372
2 4 : 0.2 -0.6 : -7.11430007117
2 4 : 0.2 -0.2 : -7.167347756294
2 4 : 0.2 0.2 : -7.167361610407
2 4 : 0.2 0.6 : -7.11499155603
2 4 : 0.2 1.0 : -6.957830509881
2 4 : 0.6 -1.0 : -6.979794984049
2 4 : 0.6 -0.6 : -7.10384505395
2 4 : 0.6 -0.2 : -7.146887226232
2 4 : 0.6 0.2 : -7.146889784004
2 4 : 0.6 0.6 : -7.104359424394
2 4 : 0.6 1.0 : -6.982952339481
2 4 : 1.0 -1.0 : -7.006380774586
2 4 : 1.0 -0.6 : -7.07912244576
2 4 : 1.0 -0.2 : -7.106424120377
2 4 : 1.0 0.2 : -7.106411868622
2 4 : 1.0 0.6 : -7.079380886029
2 4 : 1.0 1.0 : -7.008001838217
2 5 : -1.0 -1.0 : -6.905270878671
2 5 : -1.0 -0.6 : -7.035596117322
2 5 : -1.0 -0.2 : -7.084062535413
2 5 : -1.0 0.2 : -7.090277768772
2 5 : -1.0 0.6 : -7.075573335345
2 5 : -1.0 1.0 : -7.051351973799
2 5 : -0.6 -1.0 : -6.893423579101
2 5 : -0.6 -0.6 : -7.083164161544
2 5 : -0.6 -0.2 : -7.141927359018
2 5 : -0.6 0.2 : -7.142900720454
2 5 : -0.6 0.6 : -7.119574645704
2 5 : -0.6 1.0 : -7.087241529861
2 5 : -0.2 -1.0 : -6.841344323736
2 5 : -0.2 -0.6 : -7.093109354888
2 5 : -0.2 -0.2 : -7.166624143333
2 5 : -0.2 0.2 : -7.168019489871
2 5 : -0.2 0.6 : -7.141422005019
2 5 : -0.2 1.0 : -7.105353972817
2 5 : 0.2 -1.0 : -6.839880261436
2 5 : 0.2 -0.6 : -7.093039845909
2 5 : 0.2 -0.2 : -7.166845113578
2 5 : 0.2 0.2 : -7.16813834641
2 5 : 0.2 0.6 : -7.141508576159
2 5 : 0.2 1.0 : -7.105586971103
2 5 : 0.6 -1.0 : -6.912291924665
2 5 : 0.6 -0.6 : -7.094280446441
2 5 : 0.6 -0.2 : -7.148145965425
2 5 : 0.6 0.2 : -7.14620020371
2 5 : 0.6 0.6 : -7.121608386173
2 5 : 0.6 1.0 : -7.089166067334
2 5 : 1.0 -1.0 : -6.978298428651
2 5 : 1.0 -0.6 : -7.078465146672
2 5 : 1.0 -0.2 : -7.108716438896
2 5 : 1.0 0.2 : -7.104457895433
2 5 : 1.0 0.6 : -7.084665914385
2 5 : 1.0 1.0 : -7.058795810134
3 4 : -1.0 -1.0 : -6.857461432214
3 4 : -1.0 -0.6 : -6.97718899508
3 4 : -1.0 -0.2 : -7.016050260212
3 4 : -1.0 0.2 : -7.016029420692
3 4 : -1.0 0.6 : -6.977595386442
3 4 : -1.0 1.0 : -6.860423908458
3 4 : -0.6 -1.0 : -6.943392715022
3 4 : -0.6 -0.6 : -7.082168269059
3 4 : -0.6 -0.2 : -7.127349331843
3 4 : -0.6 0.2 : -7.127349516586
3 4 : -0.6 0.6 : -7.082720425214
3 4 : -0.6 1.0 : -6.94700843788
3 4 : -0.2 -1.0 : -6.961617420127
3 4 : -0.2 -0.6 : -7.116113386025
3 4 : -0.2 -0.2 : -7.166570504068
3 4 : -0.2 0.2 : -7.166580514561
3 4 : -0.2 0.6 : -7.116763568772
3 4 : -0.2 1.0 : -6.965738264102
3 4 : 0.2 -1.0 : -6.946903534256
3 4 : 0.2 -0.6 : -7.11248304725
3 4 : 0.2 -0.2 : -7.166872607436
3 4 : 0.2 0.2 : -7.166886474894
3 4 : 0.2 0.6 : -7.113192313678
3 4 : 0.2 1.0 : -6.951352544311
3 4 : 0.6 -1.0 : -6.919180182939
3 4 : 0.6 -0.6 : -7.089988208651
3 4 : 0.6 -0.2 : -7.146620668128
3 4 : 0.6 0.2 : -7.146634591027
3 4 : 0.6 0.6 : -7.090719354139
3 4 : 0.6 1.0 : -6.923750346316
3 4 : 1.0 -1.0 : -6.889420389204
3 4 : 1.0 -0.6 : -7.058966496789
3 4 : 1.0 -0.2 : -7.115936413979
3 4 : 1.0 0.2 : -7.115947154313
3 4 : 1.0 0.6 : -7.059682249643
3 4 : 1.0 1.0 : -6.893892031755
3 5 : -1.0 -1.0 : -6.732605987649
3 5 : -1.0 -0.6 : -6.953785149282
3 5 : -1.0 -0.2 : -7.01686370033
3 5 : -1.0 0.2 : -7.012709791158
3 5 : -1.0 0.6 : -6.980031535144
3 5 : -1.0 1.0 : -6.935877441613
3 5 : -0.6 -1.0 : -6.814892066517
3 5 : -0.6 -0.6 : -7.056476373883
3 5 : -0.6 -0.2 : -7.126672075342
3 5 : -0.6 0.2 : -7.126731674906
3 5 : -0.6 0.6 : -7.098664791865
3 5 : -0.6 1.0 : -7.060278265085
3 5 : -0.2 -1.0 : -6.83302060796
3 5 : -0.2 -0.6 : -7.090620480769
3 5 : -0.2 -0.2 : -7.16555643855
3 5 : -0.2 0.2 : -7.167131766891
3 5 : -0.2 0.6 : -7.140298240951
3 5 : -0.2 1.0 : -7.103753807844
3 5 : 0.2 -1.0 : -6.821956354996
3 5 : 0.2 -0.6 : -7.088667706384
3 5 : 0.2 -0.2 : -7.166096523891
3 5 : 0.2 0.2 : -7.167776377044
3 5 : 0.2 0.6 : -7.140559840782
3 5 : 0.2 1.0 : -7.103908568705
3 5 : 0.6 -1.0 : -6.802029717258
3 5 : 0.6 -0.6 : -7.068987313925
3 5 : 0.6 -0.2 : -7.146405769979
3 5 : 0.6 0.2 : -7.147357074906
3 5 : 0.6 0.6 : -7.119111396509
3 5 : 0.6 1.0 : -7.081511208206
3 5 : 1.0 -1.0 : -6.784370208489
3 5 : 1.0 -0.6 : -7.041879963031
3 5 : 1.0 -0.2 : -7.116530944055
3 5 : 1.0 0.2 : -7.116121574902
3 5 : 1.0 0.6 : -7.086706630939
3 5 : 1.0 1.0 : -7.047964914175
4 5 : -1.0 -1.0 : -4.639856349005
4 5 : -1.0 -0.6 : -6.215375299377
4 5 : -1.0 -0.2 : -6.818723409377
4 5 : -1.0 0.2 : -7.036349458812
4 5 : -1.0 0.6 : -7.096921257489
4 5 : -1.0 1.0 : -7.095143799336
4 5 : -0.6 -1.0 : -6.24254319368
4 5 : -0.6 -0.6 : -6.854710515017
4 5 : -0.6 -0.2 : -7.075149611004
4 5 : -0.6 0.2 : -7.13589638926
4 5 : -0.6 0.6 : -7.132738394067
4 5 : -0.6 1.0 : -7.105299566105
4 5 : -0.2 -1.0 : -6.774211384965
4 5 : -0.2 -0.6 : -7.070140134348
4 5 : -0.2 -0.2 : -7.16032780576
4 5 : -0.2 0.2 : -7.167739438441
4 5 : -0.2 0.6 : -7.143147681004
4 5 : -0.2 1.0 : -7.107492877702
4 5 : 0.2 -1.0 : -6.771288111492
4 5 : 0.2 -0.6 : -7.069623246673
4 5 : 0.2 -0.2 : -7.160313715026
4 5 : 0.2 0.2 : -7.167729701796
4 5 : 0.2 0.6 : -7.143058678309
4 5 : 0.2 1.0 : -7.107349010431
4 5 : 0.6 -1.0 : -6.235244190185
4 5 : 0.6 -0.6 : -6.854524215648
4 5 : 0.6 -0.2 : -7.075968503182
4 5 : 0.6 0.2 : -7.136342314307
4 5 : 0.6 0.6 : -7.132713974869
4 5 : 0.6 1.0 : -7.104968738885
4 5 : 1.0 -1.0 : -4.637806413958
4 5 : 1.0 -0.6 : -6.222436725523
4 5 : 1.0 -0.2 : -6.82439460128
4 5 : 1.0 0.2 : -7.039379914874
4 5 : 1.0 0.6 : -7.098024648897
4 5 : 1.0 1.0 : -7.095130758712
