0.0 0.0 0.0 -5.070544447731
0 : -1.0 : -5.006228499774
0 : -0.6 : -5.046490135176
0 : -0.2 : -5.067728453199
0 : 0.2 : -5.067438708614
0 : 0.6 : -5.040140456612
0 : 1.0 : -4.986215245944
1 : -1.0 : -4.595910514996
1 : -0.6 : -4.960712449622
1 : -0.2 : -5.062255803245
1 : 0.2 : -5.064610629571
1 : 0.6 : -5.030557519175
1 : 1.0 : -4.984012705493
2 : -1.0 : -4.784469419871
2 : -0.6 : -4.994986223227
2 : -0.2 : -5.063414523748
2 : 0.2 : -5.063407808349
2 : 0.6 : -4.994773686413
2 : 1.0 : -4.783141534302
0 1 : -1.0 -1.0 : -4.960949343432
0 1 : -1.0 -0.6 : -5.018564846737
0 1 : -1.0 -0.2 : -5.017363227052
0 1 : -1.0 0.2 : -4.991636470516
0 1 : -1.0 0.6 : -4.957183726009
0 1 : -1.0 1.0 : -4.919323249801
0 1 : -0.6 -1.0 : -4.783477493731
0 1 : -0.6 -0.6 : -4.993397648382
0 1 : -0.6 -0.2 : -5.04691142502
0 1 : -0.6 0.2 : -5.036652510248
0 1 : -0.6 0.6 : -5.002053030936
0 1 : -0.6 1.0 : -4.958873953323
0 1 : -0.2 -1.0 : -4.612606892113
0 1 : -0.2 -0.6 : -4.96339131055
0 1 : -0.2 -0.2 : -5.06038623059
0 1 : -0.2 0.2 : -5.061303088412
0 1 : -0.2 0.6 : -5.027060304988
0 1 : -0.2 1.0 : -4.980878422265
0 1 : 0.2 -1.0 : -4.634266769757
0 1 : 0.2 -0.6 : -4.966817093737
0 1 : 0.2 -0.2 : -5.060179536432
0 1 : 0.2 0.2 : -5.061267757585
0 1 : 0.2 0.6 : -5.027608884048
0 1 : 0.2 1.0 : -4.98160300066
0 1 : 0.6 -1.0 : -4.766041765962
0 1 : 0.6 -0.6 : -4.975853960561
0 1 : 0.6 -0.2 : -5.036851655786
0 1 : 0.6 0.2 : -5.033398068538
0 1 : 0.6 0.6 : -5.002726693784
0 1 : 0.6 1.0 : -4.960793580978
0 1 : 1.0 -1.0 : -4.746658017308
0 1 : 1.0 -0.6 : -4.931048478051
0 1 : 1.0 -0.2 : -4.981964140422
0 1 : 1.0 0.2 : -4.982044557904
0 1 : 1.0 0.6 : -4.958445156151
0 1 : 1.0 1.0 : -4.923679388239
0 2 : -1.0 -1.0 : -4.912407176108
0 2 : -1.0 -0.6 : -4.978586091081
0 2 : -1.0 -0.2 : -5.0034712729
0 2 : -1.0 0.2 : -5.003493424436
0 2 : -1.0 0.6 : -4.978594414294
0 2 : -1.0 1.0 : -4.912185168953
0 2 : -0.6 -1.0 : -4.844078380591
0 2 : -0.6 -0.6 : -4.990850162695
0 2 : -0.6 -0.2 : -5.041135591989
0 2 : -0.6 0.2 : -5.041141283111
0 2 : -0.6 0.6 : -4.990734567565
0 2 : -0.6 1.0 : -4.843266171878
0 2 : -0.2 -1.0 : -4.779508279715
0 2 : -0.2 -0.6 : -4.991616164766
0 2 : -0.2 -0.2 : -5.06054570951
0 2 : -0.2 0.2 : -5.060539969555
0 2 : -0.2 0.6 : -4.991405691676
0 2 : -0.2 1.0 : -4.778180673012
0 2 : 0.2 -1.0 : -4.816880776145
0 2 : 0.2 -0.6 : -5.000319691267
0 2 : 0.2 -0.2 : -5.061064139149
0 2 : 0.2 0.2 : -5.061059462492
0 2 : 0.2 0.6 : -5.000137533759
0 2 : 0.2 1.0 : -4.815747588378
0 2 : 0.6 -1.0 : -4.903413403809
0 2 : 0.6 -0.6 : -5.001474494105
0 2 : 0.6 -0.2 : -5.036375549929
0 2 : 0.6 0.2 : -5.036377176992
0 2 : 0.6 0.6 : -5.001389822754
0 2 : 0.6 1.0 : -4.902874415423
0 2 : 1.0 -1.0 : -4.935698929881
0 2 : 1.0 -0.6 : -4.97126763976
0 2 : 1.0 -0.2 : -4.984734306484
0 2 : 1.0 0.2 : -4.984734148438
0 2 : 1.0 0.6 : -4.971237040735
0 2 : 1.0 1.0 : -4.935526440675
1 2 : -1.0 -1.0 : -1.348616313809
1 2 : -1.0 -0.6 : -3.732564702509
1 2 : -1.0 -0.2 : -4.513318502656
1 2 : -1.0 0.2 : -4.514256531854
1 2 : -1.0 0.6 : -3.73488224357
1 2 : -1.0 1.0 : -1.348885907854
1 2 : -0.6 -1.0 : -3.729578803818
1 2 : -0.6 -0.6 : -4.631373808341
1 2 : -0.6 -0.2 : -4.929364515214
1 2 : -0.6 0.2 : -4.929516253177
1 2 : -0.6 0.6 : -4.631390471051
1 2 : -0.6 1.0 : -3.727147220474
1 2 : -0.2 -1.0 : -4.595082750337
1 2 : -0.2 -0.6 : -4.938263420099
1 2 : -0.2 -0.2 : -5.050526077082
1 2 : -0.2 0.2 : -5.050526330986
1 2 : -0.2 0.6 : -4.93800082043
1 2 : -0.2 1.0 : -4.593283727539
1 2 : 0.2 -1.0 : -4.890495981266
1 2 : 0.2 -0.6 : -5.018900508841
1 2 : 0.2 -0.2 : -5.06031214689
1 2 : 0.2 0.2 : -5.060312031248
1 2 : 0.2 0.6 : -5.018763012165
1 2 : 0.2 1.0 : -4.88958383313
1 2 : 0.6 -1.0 : -4.968371228099
1 2 : 0.6 -0.6 : -5.01454513629
1 2 : 0.6 -0.2 : -5.029069776442
1 2 : 0.6 0.2 : -5.029091155283
1 2 : 0.6 0.6 : -5.014542959531
1 2 : 0.6 1.0 : -4.968044677136
1 2 : 1.0 -1.0 : -4.965339526234
1 2 : 1.0 -0.6 : -4.97947292665
1 2 : 1.0 -0.2 : -4.983575714859
1 2 : 1.0 0.2 : -4.983613380386
1 2 : 1.0 0.6 : -4.97955645196
1 2 : 1.0 1.0 : -4.965330918512
