0.0 0.0 0.0 0.0 0.0 0.0 0.0 0.0 0.0 0.0 -9.72663052947
0 : -1.0 : -9.681254754709
0 : -0.6 : -9.71741484964
0 : -0.2 : -9.726169627306
0 : 0.2 : -9.726169618925
0 : 0.6 : -9.717414676423
0 : 1.0 : -9.681254282932
1 : -1.0 : -9.681254900774
1 : -0.6 : -9.717414903111
1 : -0.2 : -9.726169629895
1 : 0.2 : -9.72616961635
1 : 0.6 : -9.717414623328
1 : 1.0 : -9.681254138776
2 : -1.0 : -9.692156024901
2 : -0.6 : -9.71674892619
2 : -0.2 : -9.725703525795
2 : 0.2 : -9.72570352301
2 : 0.6 : -9.716748854433
2 : 1.0 : -9.692155722124
3 : -1.0 : -9.692156081466
3 : -0.6 : -9.716748939599
3 : -0.2 : -9.72570352632
3 : 0.2 : -9.725703522486
3 : 0.6 : -9.716748841064
3 : 1.0 : -9.692155665777
4 : -1.0 : -9.653948626656
4 : -0.6 : -9.704407052424
4 : -0.2 : -9.725137184491
4 : 0.2 : -9.72513719121
4 : 0.6 : -9.70440714885
4 : 1.0 : -9.653948793267
5 : -1.0 : -9.653948654415
5 : -0.6 : -9.704407068453
5 : -0.2 : -9.725137185607
5 : 0.2 : -9.725137190103
5 : 0.6 : -9.704407132946
5 : 1.0 : -9.653948765846
6 : -1.0 : -9.662990825786
6 : -0.6 : -9.70703948004
6 : -0.2 : -9.724749990788
6 : 0.2 : -9.724991679466
6 : 0.6 : -9.713652573848
6 : 1.0 : -9.694661486429
7 : -1.0 : -9.645498049042
7 : -0.6 : -9.69448653904
7 : -0.2 : -9.722641341612
7 : 0.2 : -9.722111733221
7 : 0.6 : -9.679881800071
7 : 1.0 : -9.575309091205
8 : -1.0 : -9.641188857842
8 : -0.6 : -9.692832672558
8 : -0.2 : -9.722397447262
8 : 0.2 : -9.721756493693
8 : 0.6 : -9.675145616644
8 : 1.0 : -9.555953584838
9 : -1.0 : -9.652977361247
9 : -0.6 : -9.691788200714
9 : -0.2 : -9.721260846264
9 : 0.2 : -9.718644099684
9 : 0.6 : -9.610705793448
9 : 1.0 : -9.161795146377
0 1 : -1.0 -1.0 : -9.601945886906
0 1 : -1.0 -0.6 : -9.654558220883
0 1 : -1.0 -0.2 : -9.67845093996
0 1 : -1.0 0.2 : -9.678450786654
0 1 : -1.0 0.6 : -9.654557760969
0 1 : -1.0 1.0 : -9.601945243679
0 1 : -0.6 -1.0 : -9.654558279974
0 1 : -0.6 -0.6 : -9.699366627206
0 1 : -0.6 -0.2 : -9.71577815628
0 1 : -0.6 0.2 : -9.7157780559
0 1 : -0.6 0.6 : -9.69936621206
0 1 : -0.6 1.0 : -9.654557513447
0 1 : -0.2 -1.0 : -9.678451057676
0 1 : -0.2 -0.6 : -9.715778194483
0 1 : -0.2 -0.2 : -9.725552525588
0 1 : -0.2 0.2 : -9.725552499394
0 1 : -0.2 0.6 : -9.715777893945
0 1 : -0.2 1.0 : -9.678450291128
0 1 : 0.2 -1.0 : -9.67845096276
0 1 : 0.2 -0.6 : -9.715778132586
0 1 : 0.2 -0.2 : -9.725552509376
0 1 : 0.2 0.2 : -9.725552483177
0 1 : 0.2 0.6 : -9.715777831732
0 1 : 0.2 1.0 : -9.678450196205
0 1 : 0.6 -1.0 : -9.654557995231
0 1 : 0.6 -0.6 : -9.69936637018
0 1 : 0.6 -0.2 : -9.715777969967
0 1 : 0.6 0.2 : -9.715777869884
0 1 : 0.6 0.6 : -9.699365955014
0 1 : 0.6 1.0 : -9.654557228684
0 1 : 1.0 -1.0 : -9.601945488673
0 1 : 1.0 -0.6 : -9.654557746303
0 1 : 1.0 -0.2 : -9.678450465366
0 1 : 1.0 0.2 : -9.678450312052
0 1 : 1.0 0.6 : -9.654557286372
0 1 : 1.0 1.0 : -9.601944845421
0 2 : -1.0 -1.0 : -9.629235507432
0 2 : -1.0 -0.6 : -9.664396778404
0 2 : -1.0 -0.2 : -9.679737844591
0 2 : -1.0 0.2 : -9.679136433583
0 2 : -1.0 0.6 : -9.663812610067
0 2 : -1.0 1.0 : -9.630932572598
0 2 : -0.6 -1.0 : -9.672968171689
0 2 : -0.6 -0.6 : -9.703725801088
0 2 : -0.6 -0.2 : -9.716200844947
0 2 : -0.6 0.2 : -9.715837025903
0 2 : -0.6 0.6 : -9.703639272049
0 2 : -0.6 1.0 : -9.674977936813
0 2 : -0.2 -1.0 : -9.689796519239
0 2 : -0.2 -0.6 : -9.715587115801
0 2 : -0.2 -0.2 : -9.725181439796
0 2 : -0.2 0.2 : -9.725175926519
0 2 : -0.2 0.6 : -9.71593657231
0 2 : -0.2 1.0 : -9.69113170871
0 2 : 0.2 -1.0 : -9.691132076551
0 2 : 0.2 -0.6 : -9.715936672127
0 2 : 0.2 -0.2 : -9.72517592839
0 2 : 0.2 0.2 : -9.725181427277
0 2 : 0.2 0.6 : -9.715587050293
0 2 : 0.2 1.0 : -9.689796257636
0 2 : 0.6 -1.0 : -9.674978391901
0 2 : 0.6 -0.6 : -9.703639360362
0 2 : 0.6 -0.2 : -9.715836907693
0 2 : 0.6 0.2 : -9.716200636257
0 2 : 0.6 0.6 : -9.703725530181
0 2 : 0.6 1.0 : -9.672967768395
0 2 : 1.0 -1.0 : -9.630933108307
0 2 : 1.0 -0.6 : -9.663812645673
0 2 : 1.0 -0.2 : -9.6791360958
0 2 : 1.0 0.2 : -9.679737271027
0 2 : 1.0 0.6 : -9.664396070138
0 2 : 1.0 1.0 : -9.629234690481
0 3 : -1.0 -1.0 : -9.617924418875
0 3 : -1.0 -0.6 : -9.656850358776
0 3 : -1.0 -0.2 : -9.677904285287
0 3 : -1.0 0.2 : -9.679417951378
0 3 : -1.0 0.6 : -9.659101715911
0 3 : -1.0 1.0 : -9.616059980934
0 3 : -0.6 -1.0 : -9.66757791505
0 3 : -0.6 -0.6 : -9.699411226686
0 3 : -0.6 -0.2 : -9.715049127749
0 3 : -0.6 0.2 : -9.715949023662
0 3 : -0.6 0.6 : -9.69975664192
0 3 : -0.6 1.0 : -9.662860725179
0 3 : -0.2 -1.0 : -9.690793719322
0 3 : -0.2 -0.6 : -9.715570659375
0 3 : -0.2 -0.2 : -9.725092965234
0 3 : -0.2 0.2 : -9.725106603941
0 3 : -0.2 0.6 : -9.714714536663
0 3 : -0.2 1.0 : -9.687509462529
0 3 : 0.2 -1.0 : -9.687510080801
0 3 : 0.2 -0.6 : -9.714714788
0 3 : 0.2 -0.2 : -9.725106648772
0 3 : 0.2 0.2 : -9.725092921361
0 3 : 0.2 0.6 : -9.715570519449
0 3 : 0.2 1.0 : -9.690793306337
0 3 : 0.6 -1.0 : -9.662862104109
0 3 : 0.6 -0.6 : -9.699757466454
0 3 : 0.6 -0.2 : -9.715949166432
0 3 : 0.6 0.2 : -9.715048693397
0 3 : 0.6 0.6 : -9.699410473779
0 3 : 0.6 1.0 : -9.667577009907
0 3 : 1.0 -1.0 : -9.616061897502
0 3 : 1.0 -0.6 : -9.659102860501
0 3 : 1.0 -0.2 : -9.679418016981
0 3 : 1.0 0.2 : -9.67790334892
0 3 : 1.0 0.6 : -9.656848857694
0 3 : 1.0 1.0 : -9.617922854081
0 4 : -1.0 -1.0 : -9.611366818724
0 4 : -1.0 -0.6 : -9.65927095468
0 4 : -1.0 -0.2 : -9.679548015049
0 4 : -1.0 0.2 : -9.679607356254
0 4 : -1.0 0.6 : -9.658874608563
0 4 : -1.0 1.0 : -9.61072565115
0 4 : -0.6 -1.0 : -9.645644881585
0 4 : -0.6 -0.6 : -9.695277202366
0 4 : -0.6 -0.2 : -9.715835147056
0 4 : -0.6 0.2 : -9.715838766448
0 4 : -0.6 0.6 : -9.694890193825
0 4 : -0.6 1.0 : -9.645000311984
0 4 : -0.2 -1.0 : -9.65367987505
0 4 : -0.2 -0.6 : -9.70401375109
0 4 : -0.2 -0.2 : -9.724671217561
0 4 : -0.2 0.2 : -9.724660152329
0 4 : -0.2 0.6 : -9.703838242815
0 4 : -0.2 1.0 : -9.653385912714
0 4 : 0.2 -1.0 : -9.653385885106
0 4 : 0.2 -0.6 : -9.703838253737
0 4 : 0.2 -0.2 : -9.724660163487
0 4 : 0.2 0.2 : -9.724671226679
0 4 : 0.2 0.6 : -9.704013909042
0 4 : 0.2 1.0 : -9.653680107014
0 4 : 0.6 -1.0 : -9.645000565095
0 4 : 0.6 -0.6 : -9.694890359929
0 4 : 0.6 -0.2 : -9.715838697263
0 4 : 0.6 0.2 : -9.715834973763
0 4 : 0.6 0.6 : -9.69527721311
0 4 : 0.6 1.0 : -9.645644909473
0 4 : 1.0 -1.0 : -9.610726041524
0 4 : 1.0 -0.6 : -9.658874777052
0 4 : 1.0 -0.2 : -9.679607072181
0 4 : 1.0 0.2 : -9.679547507326
0 4 : 1.0 0.6 : -9.659270612442
0 4 : 1.0 1.0 : -9.611366419103
0 5 : -1.0 -1.0 : -9.601431797724
0 5 : -1.0 -0.6 : -9.651658275008
0 5 : -1.0 -0.2 : -9.679605948119
0 5 : -1.0 0.2 : -9.677675366384
0 5 : -1.0 0.6 : -9.660973879331
0 5 : -1.0 1.0 : -9.618306616232
0 5 : -0.6 -1.0 : -9.635279753209
0 5 : -0.6 -0.6 : -9.688542206789
0 5 : -0.6 -0.2 : -9.715513248644
0 5 : -0.6 0.2 : -9.715350300151
0 5 : -0.6 0.6 : -9.699114946165
0 5 : -0.6 1.0 : -9.653477539603
0 5 : -0.2 -1.0 : -9.649189286933
0 5 : -0.2 -0.6 : -9.70127361267
0 5 : -0.2 -0.2 : -9.72445946146
0 5 : -0.2 0.2 : -9.724772178157
0 5 : -0.2 0.6 : -9.706256123846
0 5 : -0.2 1.0 : -9.657563347071
0 5 : 0.2 -1.0 : -9.65756340896
0 5 : 0.2 -0.6 : -9.706256176229
0 5 : 0.2 -0.2 : -9.724772185496
0 5 : 0.2 0.2 : -9.724459481746
0 5 : 0.2 0.6 : -9.701273771121
0 5 : 0.2 1.0 : -9.649189519235
0 5 : 0.6 -1.0 : -9.653477879839
0 5 : 0.6 -0.6 : -9.699115090893
0 5 : 0.6 -0.2 : -9.715350158325
0 5 : 0.6 0.2 : -9.715513151973
0 5 : 0.6 0.6 : -9.688542298834
0 5 : 0.6 1.0 : -9.635279871563
0 5 : 1.0 -1.0 : -9.618307044168
0 5 : 1.0 -0.6 : -9.660973871299
0 5 : 1.0 -0.2 : -9.677674891573
0 5 : 1.0 0.2 : -9.679605590358
0 5 : 1.0 0.6 : -9.651658031351
0 5 : 1.0 1.0 : -9.601431424404
0 6 : -1.0 -1.0 : -9.657522158347
0 6 : -1.0 -0.6 : -9.683098759008
0 6 : -1.0 -0.2 : -9.685810502414
0 6 : -1.0 0.2 : -9.673791848782
0 6 : -1.0 0.6 : -9.652414890441
0 6 : -1.0 1.0 : -9.625229099853
0 6 : -0.6 -1.0 : -9.671803120933
0 6 : -0.6 -0.6 : -9.707577320861
0 6 : -0.6 -0.2 : -9.718483208783
0 6 : -0.6 0.2 : -9.713089575831
0 6 : -0.6 0.6 : -9.697070792086
0 6 : -0.6 1.0 : -9.674196693619
0 6 : -0.2 -1.0 : -9.664810690635
0 6 : -0.2 -0.6 : -9.707816489939
0 6 : -0.2 -0.2 : -9.72466449095
0 6 : -0.2 0.2 : -9.72418779176
0 6 : -0.2 0.6 : -9.7122485023
0 6 : -0.2 1.0 : -9.692756033245
0 6 : 0.2 -1.0 : -9.664810622241
0 6 : 0.2 -0.6 : -9.707816460675
0 6 : 0.2 -0.2 : -9.724664479242
0 6 : 0.2 0.2 : -9.724187784099
0 6 : 0.2 0.6 : -9.712248490501
0 6 : 0.2 1.0 : -9.692756012574
0 6 : 0.6 -1.0 : -9.671802706977
0 6 : 0.6 -0.6 : -9.707577049642
0 6 : 0.6 -0.2 : -9.718483014219
0 6 : 0.6 0.2 : -9.713089415701
0 6 : 0.6 0.6 : -9.697070640049
0 6 : 0.6 1.0 : -9.674196533707
0 6 : 1.0 -1.0 : -9.657521199384
0 6 : 1.0 -0.6 : -9.683098071998
0 6 : 1.0 -0.2 : -9.685809977915
0 6 : 1.0 0.2 : -9.673791415642
0 6 : 1.0 0.6 : -9.652414503232
0 6 : 1.0 1.0 : -9.625228730117
0 7 : -1.0 -1.0 : -9.603106627836
0 7 : -1.0 -0.6 : -9.64205307412
0 7 : -1.0 -0.2 : -9.671153806523
0 7 : -1.0 0.2 : -9.687807582345
0 7 : -1.0 0.6 : -9.687885355277
0 7 : -1.0 1.0 : -9.665375749491
0 7 : -0.6 -1.0 : -9.634813842873
0 7 : -0.6 -0.6 : -9.680201821161
0 7 : -0.6 -0.2 : -9.709934152613
0 7 : -0.6 0.2 : -9.718800127247
0 7 : -0.6 0.6 : -9.698356349463
0 7 : -0.6 1.0 : -9.63570999755
0 7 : -0.2 -1.0 : -9.644657652202
0 7 : -0.2 -0.6 : -9.693254931166
0 7 : -0.2 -0.2 : -9.721688004379
0 7 : -0.2 0.2 : -9.722461733393
0 7 : -0.2 0.6 : -9.68318636267
0 7 : -0.2 1.0 : -9.584303749234
0 7 : 0.2 -1.0 : -9.644657222707
0 7 : 0.2 -0.6 : -9.693254636397
0 7 : 0.2 -0.2 : -9.721687881774
0 7 : 0.2 0.2 : -9.72246186857
0 7 : 0.2 0.6 : -9.683186918617
0 7 : 0.2 1.0 : -9.584305015996
0 7 : 0.6 -1.0 : -9.634812772814
0 7 : 0.6 -0.6 : -9.680201046259
0 7 : 0.6 -0.2 : -9.709933742103
0 7 : 0.6 0.2 : -9.718800249246
0 7 : 0.6 0.6 : -9.69835732395
0 7 : 0.6 1.0 : -9.635712381046
0 7 : 1.0 -1.0 : -9.603105420577
0 7 : 1.0 -0.6 : -9.642052125305
0 7 : 1.0 -0.2 : -9.671153150822
0 7 : 1.0 0.2 : -9.687807336181
0 7 : 1.0 0.6 : -9.687885751131
0 7 : 1.0 1.0 : -9.665377185126
0 8 : -1.0 -1.0 : -9.572203286829
0 8 : -1.0 -0.6 : -9.626121308067
0 8 : -1.0 -0.2 : -9.666718201504
0 8 : -1.0 0.2 : -9.691053025539
0 8 : -1.0 0.6 : -9.692157747596
0 8 : -1.0 1.0 : -9.658404856319
0 8 : -0.6 -1.0 : -9.618878630754
0 8 : -0.6 -0.6 : -9.672588271715
0 8 : -0.6 -0.2 : -9.708087634032
0 8 : -0.6 0.2 : -9.719589439538
0 8 : -0.6 0.6 : -9.695375472427
0 8 : -0.6 1.0 : -9.615878324999
0 8 : -0.2 -1.0 : -9.638930418941
0 8 : -0.2 -0.6 : -9.690898514874
0 8 : -0.2 -0.2 : -9.72126856757
0 8 : -0.2 0.2 : -9.722208405312
0 8 : -0.2 0.6 : -9.678468870024
0 8 : -0.2 1.0 : -9.564347475698
0 8 : 0.2 -1.0 : -9.638930386218
0 8 : 0.2 -0.6 : -9.690898524301
0 8 : 0.2 -0.2 : -9.72126857977
0 8 : 0.2 0.2 : -9.722208354686
0 8 : 0.2 0.6 : -9.678468634862
0 8 : 0.2 1.0 : -9.564346827507
0 8 : 0.6 -1.0 : -9.61887841654
0 8 : 0.6 -0.6 : -9.67258815892
0 8 : 0.6 -0.2 : -9.70808751781
0 8 : 0.6 0.2 : -9.719589156429
0 8 : 0.6 0.6 : -9.695374731195
0 8 : 0.6 1.0 : -9.615876596407
0 8 : 1.0 -1.0 : -9.572202767743
0 8 : 1.0 -0.6 : -9.626120917153
0 8 : 1.0 -0.2 : -9.666717800219
0 8 : 1.0 0.2 : -9.69105242437
0 8 : 1.0 0.6 : -9.692156633804
0 8 : 1.0 1.0 : -9.658402692562
0 9 : -1.0 -1.0 : -9.627175571705
0 9 : -1.0 -0.6 : -9.655511038131
0 9 : -1.0 -0.2 : -9.67751843085
0 9 : -1.0 0.2 : -9.674455088796
0 9 : -1.0 0.6 : -9.590025009095
0 9 : -1.0 1.0 : -9.261361063512
0 9 : -0.6 -1.0 : -9.653867170461
0 9 : -0.6 -0.6 : -9.687474156597
0 9 : -0.6 -0.2 : -9.713097142377
0 9 : -0.6 0.2 : -9.709509529695
0 9 : -0.6 0.6 : -9.610167025636
0 9 : -0.6 1.0 : -9.209361330654
0 9 : -0.2 -1.0 : -9.653887795425
0 9 : -0.2 -0.6 : -9.692004369545
0 9 : -0.2 -0.2 : -9.720955090779
0 9 : -0.2 0.2 : -9.718162126801
0 9 : -0.2 0.6 : -9.611172456755
0 9 : -0.2 1.0 : -9.167906865386
0 9 : 0.2 -1.0 : -9.653888124259
0 9 : 0.2 -0.6 : -9.692004600036
0 9 : 0.2 -0.2 : -9.720955189468
0 9 : 0.2 0.2 : -9.718161948696
0 9 : 0.2 0.6 : -9.611171492222
0 9 : 0.2 1.0 : -9.167903401668
0 9 : 0.6 -1.0 : -9.653867788404
0 9 : 0.6 -0.6 : -9.687474569581
0 9 : 0.6 -0.2 : -9.713097243981
0 9 : 0.6 0.2 : -9.709508905984
0 9 : 0.6 0.6 : -9.610164281333
0 9 : 0.6 1.0 : -9.209351999425
0 9 : 1.0 -1.0 : -9.627175968166
0 9 : 1.0 -0.6 : -9.655511266158
0 9 : 1.0 -0.2 : -9.677518312565
0 9 : 1.0 0.2 : -9.674454009498
0 9 : 1.0 0.6 : -9.590021031201
0 9 : 1.0 1.0 : -9.26134850645
1 2 : -1.0 -1.0 : -9.617924605152
1 2 : -1.0 -0.6 : -9.656850560835
1 2 : -1.0 -0.2 : -9.677904457979
1 2 : -1.0 0.2 : -9.679418064845
1 2 : -1.0 0.6 : -9.659101749853
1 2 : -1.0 1.0 : -9.616059922759
1 2 : -0.6 -1.0 : -9.66757798121
1 2 : -0.6 -0.6 : -9.699411324006
1 2 : -0.6 -0.2 : -9.715049204691
1 2 : -0.6 0.2 : -9.715949048711
1 2 : -0.6 0.6 : -9.699756607023
1 2 : -0.6 1.0 : -9.662860644606
1 2 : -0.2 -1.0 : -9.690793667585
1 2 : -0.2 -0.6 : -9.71557065471
1 2 : -0.2 -0.2 : -9.725092970944
1 2 : -0.2 0.2 : -9.725106601896
1 2 : -0.2 0.6 : -9.714714533082
1 2 : -0.2 1.0 : -9.687509483759
1 2 : 0.2 -1.0 : -9.687510059598
1 2 : 0.2 -0.6 : -9.714714791665
1 2 : 0.2 -0.2 : -9.725106650854
1 2 : 0.2 0.2 : -9.725092915652
1 2 : 0.2 0.6 : -9.71557052407
1 2 : 0.2 1.0 : -9.690793357834
1 2 : 0.6 -1.0 : -9.662862185884
1 2 : 0.6 -0.6 : -9.699757502216
1 2 : 0.6 -0.2 : -9.71594914188
1 2 : 0.6 0.2 : -9.715048616772
1 2 : 0.6 0.6 : -9.699410376792
1 2 : 0.6 1.0 : -9.667576944004
1 2 : 1.0 -1.0 : -9.616061958987
1 2 : 1.0 -0.6 : -9.659102829371
1 2 : 1.0 -0.2 : -9.679417905698
1 2 : 1.0 0.2 : -9.677903177927
1 2 : 1.0 0.6 : -9.656848657104
1 2 : 1.0 1.0 : -9.617922669056
1 3 : -1.0 -1.0 : -9.630933736417
1 3 : -1.0 -0.6 : -9.66381343838
1 3 : -1.0 -0.2 : -9.679136839702
1 3 : -1.0 0.2 : -9.679737704448
1 3 : -1.0 0.6 : -9.664396042534
1 3 : -1.0 1.0 : -9.629234239717
1 3 : -0.6 -1.0 : -9.674978673003
1 3 : -0.6 -0.6 : -9.703639705384
1 3 : -0.6 -0.2 : -9.715837213373
1 3 : -0.6 0.2 : -9.716200746574
1 3 : -0.6 0.6 : -9.703725342502
1 3 : -0.6 1.0 : -9.672967298506
1 3 : -0.2 -1.0 : -9.69113209546
1 3 : -0.2 -0.6 : -9.715936687872
1 3 : -0.2 -0.2 : -9.725175948347
1 3 : -0.2 0.2 : -9.725181417341
1 3 : -0.2 0.6 : -9.71558696385
1 3 : -0.2 1.0 : -9.689796067622
1 3 : 0.2 -1.0 : -9.689796709632
1 3 : 0.2 -0.6 : -9.715587202358
1 3 : 0.2 -0.2 : -9.725181449757
1 3 : 0.2 0.2 : -9.725175906572
1 3 : 0.2 0.6 : -9.715936556599
1 3 : 0.2 1.0 : -9.691131689971
1 3 : 0.6 -1.0 : -9.672968642757
1 3 : 0.6 -0.6 : -9.703725989456
1 3 : 0.6 -0.2 : -9.716200735058
1 3 : 0.6 0.2 : -9.71583672058
1 3 : 0.6 0.6 : -9.70363892743
1 3 : 0.6 1.0 : -9.674977656271
1 3 : 1.0 -1.0 : -9.629235961234
1 3 : 1.0 -0.6 : -9.664396808455
1 3 : 1.0 -0.2 : -9.679737413202
1 3 : 1.0 0.2 : -9.679135691519
1 3 : 1.0 0.6 : -9.663811819184
1 3 : 1.0 1.0 : -9.630931946432
1 4 : -1.0 -1.0 : -9.601431903129
1 4 : -1.0 -0.6 : -9.65165834388
1 4 : -1.0 -0.2 : -9.679606055614
1 4 : -1.0 0.2 : -9.677675518421
1 4 : -1.0 0.6 : -9.660973896382
1 4 : -1.0 1.0 : -9.618306504893
1 4 : -0.6 -1.0 : -9.635279719028
1 4 : -0.6 -0.6 : -9.68854217881
1 4 : -0.6 -0.2 : -9.715513277203
1 4 : -0.6 0.2 : -9.715350346557
1 4 : -0.6 0.6 : -9.699114907716
1 4 : -0.6 1.0 : -9.653477444053
1 4 : -0.2 -1.0 : -9.649189223465
1 4 : -0.2 -0.6 : -9.701273568247
1 4 : -0.2 -0.2 : -9.724459455451
1 4 : -0.2 0.2 : -9.72477217615
1 4 : -0.2 0.6 : -9.706256105845
1 4 : -0.2 1.0 : -9.657563324912
1 4 : 0.2 -1.0 : -9.657563430302
1 4 : 0.2 -0.6 : -9.70625619384
1 4 : 0.2 -0.2 : -9.724772187473
1 4 : 0.2 0.2 : -9.724459487817
1 4 : 0.2 0.6 : -9.701273815784
1 4 : 0.2 1.0 : -9.649189582916
1 4 : 0.6 -1.0 : -9.653477974294
1 4 : 0.6 -0.6 : -9.699115129116
1 4 : 0.6 -0.2 : -9.715350112249
1 4 : 0.6 0.2 : -9.715513123995
1 4 : 0.6 0.6 : -9.688542328095
1 4 : 0.6 1.0 : -9.635279907136
1 4 : 1.0 -1.0 : -9.61830715563
1 4 : 1.0 -0.6 : -9.660973855683
1 4 : 1.0 -0.2 : -9.677674741374
1 4 : 1.0 0.2 : -9.679605485195
1 4 : 1.0 0.6 : -9.651657965781
1 4 : 1.0 1.0 : -9.601431322148
1 5 : -1.0 -1.0 : -9.610725984731
1 5 : -1.0 -0.6 : -9.658874845431
1 5 : -1.0 -0.2 : -9.679607566545
1 5 : -1.0 0.2 : -9.679548048963
1 5 : -1.0 0.6 : -9.659270768126
1 5 : -1.0 1.0 : -9.611366481952
1 5 : -0.6 -1.0 : -9.645000359281
1 5 : -0.6 -0.6 : -9.694890227974
1 5 : -0.6 -0.2 : -9.715838844573
1 5 : -0.6 0.2 : -9.715835142811
1 5 : -0.6 0.6 : -9.695277108807
1 5 : -0.6 1.0 : -9.645644737706
1 5 : -0.2 -1.0 : -9.653385770722
1 5 : -0.2 -0.6 : -9.703838154185
1 5 : -0.2 -0.2 : -9.724660149568
1 5 : -0.2 0.2 : -9.724671213669
1 5 : -0.2 0.6 : -9.704013785472
1 5 : -0.2 1.0 : -9.653679949424
1 5 : 0.2 -1.0 : -9.653680033026
1 5 : 0.2 -0.6 : -9.704013874828
1 5 : 0.2 -0.2 : -9.724671230601
1 5 : 0.2 0.2 : -9.724660166272
1 5 : 0.2 0.6 : -9.70383834251
1 5 : 0.2 1.0 : -9.653386027445
1 5 : 0.6 -1.0 : -9.645645054237
1 5 : 0.6 -0.6 : -9.695277307343
1 5 : 0.6 -0.2 : -9.715834978429
1 5 : 0.6 0.2 : -9.715838619548
1 5 : 0.6 0.6 : -9.694890326382
1 5 : 0.6 1.0 : -9.645000518571
1 5 : 1.0 -1.0 : -9.611366758437
1 5 : 1.0 -0.6 : -9.659270801394
1 5 : 1.0 -0.2 : -9.679547475409
1 5 : 1.0 0.2 : -9.679606863879
1 5 : 1.0 0.6 : -9.658874542486
1 5 : 1.0 1.0 : -9.610725710339
1 6 : -1.0 -1.0 : -9.657522453812
1 6 : -1.0 -0.6 : -9.683098971027
1 6 : -1.0 -0.2 : -9.685810664619
1 6 : -1.0 0.2 : -9.673791983032
1 6 : -1.0 0.6 : -9.652415010687
1 6 : -1.0 1.0 : -9.625229214829
1 6 : -0.6 -1.0 : -9.671803248199
1 6 : -0.6 -0.6 : -9.707577404339
1 6 : -0.6 -0.2 : -9.718483268779
1 6 : -0.6 0.2 : -9.713089625316
1 6 : -0.6 0.6 : -9.69707083915
1 6 : -0.6 1.0 : -9.674196743164
1 6 : -0.2 -1.0 : -9.66481071164
1 6 : -0.2 -0.6 : -9.707816498929
1 6 : -0.2 -0.2 : -9.724664494555
1 6 : -0.2 0.2 : -9.724187794134
1 6 : -0.2 0.6 : -9.712248505957
1 6 : -0.2 1.0 : -9.69275603964
1 6 : 0.2 -1.0 : -9.664810601194
1 6 : 0.2 -0.6 : -9.707816451667
1 6 : 0.2 -0.2 : -9.724664475641
1 6 : 0.2 0.2 : -9.724187781748
1 6 : 0.2 0.6 : -9.712248486884
1 6 : 0.2 1.0 : -9.692756006233
1 6 : 0.6 -1.0 : -9.671802579692
1 6 : 0.6 -0.6 : -9.707576966316
1 6 : 0.6 -0.2 : -9.718482954528
1 6 : 0.6 0.2 : -9.713089366658
1 6 : 0.6 0.6 : -9.697070593545
1 6 : 0.6 1.0 : -9.674196484824
1 6 : 1.0 -1.0 : -9.657520905142
1 6 : 1.0 -0.6 : -9.683097861495
1 6 : 1.0 -0.2 : -9.685809817496
1 6 : 1.0 0.2 : -9.673791283417
1 6 : 1.0 0.6 : -9.65241438522
1 6 : 1.0 1.0 : -9.625228617553
1 7 : -1.0 -1.0 : -9.603106999918
1 7 : -1.0 -0.6 : -9.642053366861
1 7 : -1.0 -0.2 : -9.671154009168
1 7 : -1.0 0.2 : -9.687807658975
1 7 : -1.0 0.6 : -9.687885234244
1 7 : -1.0 1.0 : -9.665375308261
1 7 : -0.6 -1.0 : -9.634814172076
1 7 : -0.6 -0.6 : -9.680202059667
1 7 : -0.6 -0.2 : -9.709934279076
1 7 : -0.6 0.2 : -9.718800089894
1 7 : -0.6 0.6 : -9.69835604979
1 7 : -0.6 1.0 : -9.635709264259
1 7 : -0.2 -1.0 : -9.644657784284
1 7 : -0.2 -0.6 : -9.693255021827
1 7 : -0.2 -0.2 : -9.721688042098
1 7 : -0.2 0.2 : -9.722461691829
1 7 : -0.2 0.6 : -9.683186191682
1 7 : -0.2 1.0 : -9.5843033596
1 7 : 0.2 -1.0 : -9.644657090626
1 7 : 0.2 -0.6 : -9.693254545754
1 7 : 0.2 -0.2 : -9.721687844075
1 7 : 0.2 0.2 : -9.722461910135
1 7 : 0.2 0.6 : -9.683187089556
1 7 : 0.2 1.0 : -9.584305405482
1 7 : 0.6 -1.0 : -9.634812443868
1 7 : 0.6 -0.6 : -9.680200808142
1 7 : 0.6 -0.2 : -9.709933616054
1 7 : 0.6 0.2 : -9.718800286895
1 7 : 0.6 0.6 : -9.698357623602
1 7 : 0.6 1.0 : -9.635713113702
1 7 : 1.0 -1.0 : -9.60310505012
1 7 : 1.0 -0.6 : -9.642051834445
1 7 : 1.0 -0.2 : -9.671152950131
1 7 : 1.0 0.2 : -9.68780726135
1 7 : 1.0 0.6 : -9.687885873504
1 7 : 1.0 1.0 : -9.665377626818
1 8 : -1.0 -1.0 : -9.572203447652
1 8 : -1.0 -0.6 : -9.626121429474
1 8 : -1.0 -0.2 : -9.666718326001
1 8 : -1.0 0.2 : -9.691053211229
1 8 : -1.0 0.6 : -9.692158090355
1 8 : -1.0 1.0 : -9.6584055209
1 8 : -0.6 -1.0 : -9.618878697013
1 8 : -0.6 -0.6 : -9.672588306762
1 8 : -0.6 -0.2 : -9.708087670051
1 8 : -0.6 0.2 : -9.719589526697
1 8 : -0.6 0.6 : -9.695375700113
1 8 : -0.6 1.0 : -9.615878855668
1 8 : -0.2 -1.0 : -9.638930429039
1 8 : -0.2 -0.6 : -9.690898512008
1 8 : -0.2 -0.2 : -9.72126856384
1 8 : -0.2 0.2 : -9.722208420878
1 8 : -0.2 0.6 : -9.678468942288
1 8 : -0.2 1.0 : -9.564347674884
1 8 : 0.2 -1.0 : -9.638930376199
1 8 : 0.2 -0.6 : -9.690898527233
1 8 : 0.2 -0.2 : -9.721268583537
1 8 : 0.2 0.2 : -9.722208339102
1 8 : 0.2 0.6 : -9.678468562474
1 8 : 0.2 1.0 : -9.564346628006
1 8 : 0.6 -1.0 : -9.618878351069
1 8 : 0.6 -0.6 : -9.672588124589
1 8 : 0.6 -0.2 : -9.708087482324
1 8 : 0.6 0.2 : -9.719589069424
1 8 : 0.6 0.6 : -9.695374502939
1 8 : 0.6 1.0 : -9.615876063854
1 8 : 1.0 -1.0 : -9.57220260933
1 8 : 1.0 -0.6 : -9.626120798118
1 8 : 1.0 -0.2 : -9.666717677864
1 8 : 1.0 0.2 : -9.691052240245
1 8 : 1.0 0.6 : -9.692156291443
1 8 : 1.0 1.0 : -9.658402026233
1 9 : -1.0 -1.0 : -9.627175450857
1 9 : -1.0 -0.6 : -9.655510969158
1 9 : -1.0 -0.2 : -9.677518468344
1 9 : -1.0 0.2 : -9.674455421353
1 9 : -1.0 0.6 : -9.590026230799
1 9 : -1.0 1.0 : -9.261364914177
1 9 : -0.6 -1.0 : -9.653866980639
1 9 : -0.6 -0.6 : -9.68747402985
1 9 : -0.6 -0.2 : -9.713097111386
1 9 : -0.6 0.2 : -9.709509721572
1 9 : -0.6 0.6 : -9.610167868711
1 9 : -0.6 1.0 : -9.209364195189
1 9 : -0.2 -1.0 : -9.653887694309
1 9 : -0.2 -0.6 : -9.692004298678
1 9 : -0.2 -0.2 : -9.720955060446
1 9 : -0.2 0.2 : -9.718162181571
1 9 : -0.2 0.6 : -9.61117275327
1 9 : -0.2 1.0 : -9.167907929983
1 9 : 0.2 -1.0 : -9.653888225389
1 9 : 0.2 -0.6 : -9.692004670928
1 9 : 0.2 -0.2 : -9.720955219828
1 9 : 0.2 0.2 : -9.718161893906
1 9 : 0.2 0.6 : -9.611171195449
1 9 : 0.2 1.0 : -9.167902335718
1 9 : 0.6 -1.0 : -9.653867978636
1 9 : 0.6 -0.6 : -9.687474696825
1 9 : 0.6 -0.2 : -9.71309727546
1 9 : 0.6 0.2 : -9.7095087142
1 9 : 0.6 0.6 : -9.610163436377
1 9 : 0.6 1.0 : -9.209349124285
1 9 : 1.0 -1.0 : -9.627176091134
1 9 : 1.0 -0.6 : -9.655511337405
1 9 : 1.0 -0.2 : -9.67751827727
1 9 : 1.0 0.2 : -9.674453678154
1 9 : 1.0 0.6 : -9.590019806084
1 9 : 1.0 1.0 : -9.261344633212
2 3 : -1.0 -1.0 : -9.641910743574
2 3 : -1.0 -0.6 : -9.675372738905
2 3 : -1.0 -0.2 : -9.690380881471
2 3 : -1.0 0.2 : -9.690380795549
2 3 : -1.0 0.6 : -9.675372417344
2 3 : -1.0 1.0 : -9.6419100265
2 3 : -0.6 -1.0 : -9.675372768109
2 3 : -0.6 -0.6 : -9.703859732245
2 3 : -0.6 -0.2 : -9.715452845897
2 3 : -0.6 0.2 : -9.715452809625
2 3 : -0.6 0.6 : -9.703859545216
2 3 : -0.6 1.0 : -9.675372232096
2 3 : -0.2 -1.0 : -9.690380928273
2 3 : -0.2 -0.6 : -9.715452855776
2 3 : -0.2 -0.2 : -9.724731247335
2 3 : -0.2 0.2 : -9.724731239731
2 3 : -0.2 0.6 : -9.715452746934
2 3 : -0.2 1.0 : -9.690380498525
2 3 : 0.2 -1.0 : -9.6903808657
2 3 : 0.2 -0.6 : -9.715452829364
2 3 : 0.2 -0.2 : -9.724731241803
2 3 : 0.2 0.2 : -9.724731234195
2 3 : 0.2 0.6 : -9.715452720496
2 3 : 0.2 1.0 : -9.69038043588
2 3 : 0.6 -1.0 : -9.675372533921
2 3 : 0.6 -0.6 : -9.703859596038
2 3 : 0.6 -0.2 : -9.715452766635
2 3 : 0.6 0.2 : -9.715452730337
2 3 : 0.6 0.6 : -9.703859408903
2 3 : 0.6 1.0 : -9.675371997666
2 3 : 1.0 -1.0 : -9.641910221314
2 3 : 1.0 -0.6 : -9.675372348509
2 3 : 1.0 -0.2 : -9.690380568462
2 3 : 1.0 0.2 : -9.69038048247
2 3 : 1.0 0.6 : -9.675372026709
2 3 : 1.0 1.0 : -9.64190950379
2 4 : -1.0 -1.0 : -9.644570692769
2 4 : -1.0 -0.6 : -9.679475679868
2 4 : -1.0 -0.2 : -9.69266635978
2 4 : -1.0 0.2 : -9.683487058365
2 4 : -1.0 0.6 : -9.643505455894
2 4 : -1.0 1.0 : -9.592265189702
2 4 : -0.6 -1.0 : -9.661305878788
2 4 : -0.6 -0.6 : -9.702273789333
2 4 : -0.6 -0.2 : -9.715629649185
2 4 : -0.6 0.2 : -9.712082221527
2 4 : -0.6 0.6 : -9.677927968824
2 4 : -0.6 1.0 : -9.62371005563
2 4 : -0.2 -1.0 : -9.659630148541
2 4 : -0.2 -0.6 : -9.707268213768
2 4 : -0.2 -0.2 : -9.724373120232
2 4 : -0.2 0.2 : -9.723664997699
2 4 : -0.2 0.6 : -9.698521802895
2 4 : -0.2 1.0 : -9.64587354359
2 4 : 0.2 -1.0 : -9.645873391492
2 4 : 0.2 -0.6 : -9.698521714142
2 4 : 0.2 -0.2 : -9.723664990182
2 4 : 0.2 0.2 : -9.724373116199
2 4 : 0.2 0.6 : -9.707268289842
2 4 : 0.2 1.0 : -9.659630297389
2 4 : 0.6 -1.0 : -9.62370995793
2 4 : 0.6 -0.6 : -9.677927895886
2 4 : 0.6 -0.2 : -9.712082172482
2 4 : 0.6 0.2 : -9.715629535436
2 4 : 0.6 0.6 : -9.702273677922
2 4 : 0.6 1.0 : -9.661305832688
2 4 : 1.0 -1.0 : -9.592265048998
2 4 : 1.0 -0.6 : -9.643505273543
2 4 : 1.0 -0.2 : -9.683486817228
2 4 : 1.0 0.2 : -9.69266596455
2 4 : 1.0 0.6 : -9.67947515151
2 4 : 1.0 1.0 : -9.644570198148
2 5 : -1.0 -1.0 : -9.605390974127
2 5 : -1.0 -0.6 : -9.656575344654
2 5 : -1.0 -0.2 : -9.6874669829
2 5 : -1.0 0.2 : -9.691053427036
2 5 : -1.0 0.6 : -9.671713308118
2 5 : -1.0 1.0 : -9.625192119892
2 5 : -0.6 -1.0 : -9.634631453437
2 5 : -0.6 -0.6 : -9.686902640676
2 5 : -0.6 -0.2 : -9.713886299933
2 5 : -0.6 0.2 : -9.71526370282
2 5 : -0.6 0.6 : -9.696405990035
2 5 : -0.6 1.0 : -9.64853916128
2 5 : -0.2 -1.0 : -9.650155378174
2 5 : -0.2 -0.6 : -9.701488291765
2 5 : -0.2 -0.2 : -9.723990032653
2 5 : -0.2 0.2 : -9.724253486748
2 5 : -0.2 0.6 : -9.704722899629
2 5 : -0.2 1.0 : -9.655201218092
2 5 : 0.2 -1.0 : -9.655201133158
2 5 : 0.2 -0.6 : -9.704722854799
2 5 : 0.2 -0.2 : -9.72425348339
2 5 : 0.2 0.2 : -9.723990039205
2 5 : 0.2 0.6 : -9.701488371737
2 5 : 0.2 1.0 : -9.650155505462
2 5 : 0.6 -1.0 : -9.648539083649
2 5 : 0.6 -0.6 : -9.696405922363
2 5 : 0.6 -0.2 : -9.715263634548
2 5 : 0.6 0.2 : -9.71388624522
2 5 : 0.6 0.6 : -9.686902663014
2 5 : 0.6 1.0 : -9.634631503783
2 5 : 1.0 -1.0 : -9.625191894221
2 5 : 1.0 -0.6 : -9.67171304971
2 5 : 1.0 -0.2 : -9.691053131148
2 5 : 1.0 0.2 : -9.68746669432
2 5 : 1.0 0.6 : -9.656575102991
2 5 : 1.0 1.0 : -9.605390719413
2 6 : -1.0 -1.0 : -9.67350025351
2 6 : -1.0 -0.6 : -9.692903171551
2 6 : -1.0 -0.2 : -9.695471745279
2 6 : -1.0 0.2 : -9.686469076822
2 6 : -1.0 0.6 : -9.669576884278
2 6 : -1.0 1.0 : -9.6473774005
2 6 : -0.6 -1.0 : -9.672440350339
2 6 : -0.6 -0.6 : -9.705890798449
2 6 : -0.6 -0.2 : -9.7171036331
2 6 : -0.6 0.2 : -9.713361111467
2 6 : -0.6 0.6 : -9.69959420947
2 6 : -0.6 1.0 : -9.679154775254
2 6 : -0.2 -1.0 : -9.664422538203
2 6 : -0.2 -0.6 : -9.707176900505
2 6 : -0.2 -0.2 : -9.724095524322
2 6 : -0.2 0.2 : -9.723851080813
2 6 : -0.2 0.6 : -9.712214023093
2 6 : -0.2 1.0 : -9.69304278936
2 6 : 0.2 -1.0 : -9.664422439783
2 6 : 0.2 -0.6 : -9.70717687245
2 6 : 0.2 -0.2 : -9.724095520726
2 6 : 0.2 0.2 : -9.723851073493
2 6 : 0.2 0.6 : -9.712213995607
2 6 : 0.2 1.0 : -9.69304273284
2 6 : 0.6 -1.0 : -9.672440077165
2 6 : 0.6 -0.6 : -9.705890683036
2 6 : 0.6 -0.2 : -9.717103565257
2 6 : 0.6 0.2 : -9.713361022753
2 6 : 0.6 0.6 : -9.699594059688
2 6 : 0.6 1.0 : -9.679154542731
2 6 : 1.0 -1.0 : -9.67349981122
2 6 : 1.0 -0.6 : -9.69290286875
2 6 : 1.0 -0.2 : -9.695471462826
2 6 : 1.0 0.2 : -9.686468739225
2 6 : 1.0 0.6 : -9.669576446765
2 6 : 1.0 1.0 : -9.647376839028
2 7 : -1.0 -1.0 : -9.629821411073
2 7 : -1.0 -0.6 : -9.666645826386
2 7 : -1.0 -0.2 : -9.688609104096
2 7 : -1.0 0.2 : -9.68934521744
2 7 : -1.0 0.6 : -9.658817530015
2 7 : -1.0 1.0 : -9.581762005001
2 7 : -0.6 -1.0 : -9.64348585728
2 7 : -0.6 -0.6 : -9.687430833838
2 7 : -0.6 -0.2 : -9.712985389971
2 7 : -0.6 0.2 : -9.712870276517
2 7 : -0.6 0.6 : -9.675248018657
2 7 : -0.6 1.0 : -9.581637809014
2 7 : -0.2 -1.0 : -9.645517574205
2 7 : -0.2 -0.6 : -9.693902029492
2 7 : -0.2 -0.2 : -9.721743715854
2 7 : -0.2 0.2 : -9.721257489332
2 7 : -0.2 0.6 : -9.679564926516
2 7 : -0.2 1.0 : -9.576278075406
2 7 : 0.2 -1.0 : -9.645517585061
2 7 : 0.2 -0.6 : -9.693901999688
2 7 : 0.2 -0.2 : -9.721743688695
2 7 : 0.2 0.2 : -9.721257531674
2 7 : 0.2 0.6 : -9.679565145489
2 7 : 0.2 1.0 : -9.576278646787
2 7 : 0.6 -1.0 : -9.643485821882
2 7 : 0.6 -0.6 : -9.687430686495
2 7 : 0.6 -0.2 : -9.712985250642
2 7 : 0.6 0.2 : -9.712870329309
2 7 : 0.6 0.6 : -9.67524855633
2 7 : 0.6 1.0 : -9.581639307258
2 7 : 1.0 -1.0 : -9.629821160969
2 7 : 1.0 -0.6 : -9.666645417083
2 7 : 1.0 -0.2 : -9.688608706072
2 7 : 1.0 0.2 : -9.689345089582
2 7 : 1.0 0.6 : -9.658818078187
2 7 : 1.0 1.0 : -9.581763876734
2 8 : -1.0 -1.0 : -9.613845809582
2 8 : -1.0 -0.6 : -9.655682262455
2 8 : -1.0 -0.2 : -9.684411347595
2 8 : -1.0 0.2 : -9.694069894821
2 8 : -1.0 0.6 : -9.674251316052
2 8 : -1.0 1.0 : -9.608544770856
2 8 : -0.6 -1.0 : -9.634493382414
2 8 : -0.6 -0.6 : -9.681926480192
2 8 : -0.6 -0.2 : -9.711079786627
2 8 : -0.6 0.2 : -9.714674069415
2 8 : -0.6 0.6 : -9.67916963733
2 8 : -0.6 1.0 : -9.582295958479
2 8 : -0.2 -1.0 : -9.640661016208
2 8 : -0.2 -0.6 : -9.69178996061
2 8 : -0.2 -0.2 : -9.721300262305
2 8 : -0.2 0.2 : -9.721163178809
2 8 : -0.2 0.6 : -9.675881043787
2 8 : -0.2 1.0 : -9.55937021693
2 8 : 0.2 -1.0 : -9.640660599864
2 8 : 0.2 -0.6 : -9.691789692615
2 8 : 0.2 -0.2 : -9.721300155753
2 8 : 0.2 0.2 : -9.721163306884
2 8 : 0.2 0.6 : -9.675881562815
2 8 : 0.2 1.0 : -9.559371416371
2 8 : 0.6 -1.0 : -9.634492285278
2 8 : 0.6 -0.6 : -9.681925741071
2 8 : 0.6 -0.2 : -9.711079450676
2 8 : 0.6 0.2 : -9.714674333247
2 8 : 0.6 0.6 : -9.679170907067
2 8 : 0.6 1.0 : -9.582298971099
2 8 : 1.0 -1.0 : -9.613844354241
2 8 : 1.0 -0.6 : -9.655681184591
2 8 : 1.0 -0.2 : -9.684410729663
2 8 : 1.0 0.2 : -9.694069999424
2 8 : 1.0 0.6 : -9.674252654536
2 8 : 1.0 1.0 : -9.608548237641
2 9 : -1.0 -1.0 : -9.620947712289
2 9 : -1.0 -0.6 : -9.654970616618
2 9 : -1.0 -0.2 : -9.68334720794
2 9 : -1.0 0.2 : -9.693851367778
2 9 : -1.0 0.6 : -9.654432772988
2 9 : -1.0 1.0 : -9.490009559303
2 9 : -0.6 -1.0 : -9.64333234549
2 9 : -0.6 -0.6 : -9.680376752449
2 9 : -0.6 -0.2 : -9.709698673452
2 9 : -0.6 0.2 : -9.713272566
2 9 : -0.6 0.6 : -9.637578029272
2 9 : -0.6 1.0 : -9.331028522431
2 9 : -0.2 -1.0 : -9.652029770016
2 9 : -0.2 -0.6 : -9.690642536774
2 9 : -0.2 -0.2 : -9.720115672938
2 9 : -0.2 0.2 : -9.718292200128
2 9 : -0.2 0.6 : -9.614513468161
2 9 : -0.2 1.0 : -9.184838577875
2 9 : 0.2 -1.0 : -9.652029891777
2 9 : 0.2 -0.6 : -9.690642609365
2 9 : 0.2 -0.2 : -9.720115697141
2 9 : 0.2 0.2 : -9.718292165839
2 9 : 0.2 0.6 : -9.614513349736
2 9 : 0.2 1.0 : -9.18483839826
2 9 : 0.6 -1.0 : -9.643332603112
2 9 : 0.6 -0.6 : -9.68037687846
2 9 : 0.6 -0.2 : -9.709698671598
2 9 : 0.6 0.2 : -9.713272414689
2 9 : 0.6 0.6 : -9.637577677909
2 9 : 0.6 1.0 : -9.331028045227
2 9 : 1.0 -1.0 : -9.620947837013
2 9 : 1.0 -0.6 : -9.654970566785
2 9 : 1.0 -0.2 : -9.683346992846
2 9 : 1.0 0.2 : -9.69385096921
2 9 : 1.0 0.6 : -9.654432155192
2 9 : 1.0 1.0 : -9.490008825492
3 4 : -1.0 -1.0 : -9.625192242483
3 4 : -1.0 -0.6 : -9.671713407904
3 4 : -1.0 -0.2 : -9.691053508491
3 4 : -1.0 0.2 : -9.68746702083
3 4 : -1.0 0.6 : -9.656575372154
3 4 : -1.0 1.0 : -9.605390970683
3 4 : -0.6 -1.0 : -9.648539121882
3 4 : -0.6 -0.6 : -9.696405977375
3 4 : -0.6 -0.2 : -9.715263724368
3 4 : -0.6 0.2 : -9.713886311116
3 4 : -0.6 0.6 : -9.686902693851
3 4 : -0.6 1.0 : -9.634631528544
3 4 : -0.2 -1.0 : -9.655201091181
3 4 : -0.2 -0.6 : -9.704722828096
3 4 : -0.2 -0.2 : -9.724253484147
3 4 : -0.2 0.2 : -9.723990038756
3 4 : -0.2 0.6 : -9.701488369848
3 4 : -0.2 1.0 : -9.650155510081
3 4 : 0.2 -1.0 : -9.650155373158
3 4 : 0.2 -0.6 : -9.701488293489
3 4 : 0.2 -0.2 : -9.723990033088
3 4 : 0.2 0.2 : -9.72425348599
3 4 : 0.2 0.6 : -9.704722926268
3 4 : 0.2 1.0 : -9.655201259819
3 4 : 0.6 -1.0 : -9.634631428254
3 4 : 0.6 -0.6 : -9.686902609675
3 4 : 0.6 -0.2 : -9.713886234062
3 4 : 0.6 0.2 : -9.715263613052
3 4 : 0.6 0.6 : -9.696405935139
3 4 : 0.6 1.0 : -9.648539123042
3 4 : 1.0 -1.0 : -9.605390722543
3 4 : 1.0 -0.6 : -9.656575075459
3 4 : 1.0 -0.2 : -9.687466656582
3 4 : 1.0 0.2 : -9.691053049933
3 4 : 1.0 0.6 : -9.671712950313
3 4 : 1.0 1.0 : -9.625191771949
3 5 : -1.0 -1.0 : -9.64457073567
3 5 : -1.0 -0.6 : -9.67947572939
3 5 : -1.0 -0.2 : -9.692666419136
3 5 : -1.0 0.2 : -9.683487107191
3 5 : -1.0 0.6 : -9.643505491192
3 5 : -1.0 1.0 : -9.592265222826
3 5 : -0.6 -1.0 : -9.66130589561
3 5 : -0.6 -0.6 : -9.702273801506
3 5 : -0.6 -0.2 : -9.71562966327
3 5 : -0.6 0.2 : -9.712082227959
3 5 : -0.6 0.6 : -9.677927955008
3 5 : -0.6 1.0 : -9.623710033179
3 5 : -0.2 -1.0 : -9.659630169387
3 5 : -0.2 -0.6 : -9.707268223938
3 5 : -0.2 -0.2 : -9.724373120768
3 5 : -0.2 0.2 : -9.723664995236
3 5 : -0.2 0.6 : -9.698521781844
3 5 : -0.2 1.0 : -9.645873510874
3 5 : 0.2 -1.0 : -9.645873424735
3 5 : 0.2 -0.6 : -9.698521735469
3 5 : 0.2 -0.2 : -9.723664992683
3 5 : 0.2 0.2 : -9.724373115661
3 5 : 0.2 0.6 : -9.707268279687
3 5 : 0.2 1.0 : -9.659630276696
3 5 : 0.6 -1.0 : -9.623709981203
3 5 : 0.6 -0.6 : -9.677927910327
3 5 : 0.6 -0.2 : -9.71208216624
3 5 : 0.6 0.2 : -9.715629521351
3 5 : 0.6 0.6 : -9.702273665695
3 5 : 0.6 1.0 : -9.661305815738
3 5 : 1.0 -1.0 : -9.592265016768
3 5 : 1.0 -0.6 : -9.643505239154
3 5 : 1.0 -0.2 : -9.683486768893
3 5 : 1.0 0.2 : -9.692665905259
3 5 : 1.0 0.6 : -9.679475102033
3 5 : 1.0 1.0 : -9.644570155059
3 6 : -1.0 -1.0 : -9.673500336143
3 6 : -1.0 -0.6 : -9.692903228142
3 6 : -1.0 -0.2 : -9.695471798059
3 6 : -1.0 0.2 : -9.686469139876
3 6 : -1.0 0.6 : -9.66957696596
3 6 : -1.0 1.0 : -9.647377505294
3 6 : -0.6 -1.0 : -9.672440401336
3 6 : -0.6 -0.6 : -9.705890820011
3 6 : -0.6 -0.2 : -9.717103645781
3 6 : -0.6 0.2 : -9.713361128036
3 6 : -0.6 0.6 : -9.699594237423
3 6 : -0.6 1.0 : -9.679154818634
3 6 : -0.2 -1.0 : -9.664422556566
3 6 : -0.2 -0.6 : -9.707176905744
3 6 : -0.2 -0.2 : -9.724095524998
3 6 : -0.2 0.2 : -9.723851082183
3 6 : -0.2 0.6 : -9.712214028223
3 6 : -0.2 1.0 : -9.693042799903
3 6 : 0.2 -1.0 : -9.664422421427
3 6 : 0.2 -0.6 : -9.707176867215
3 6 : 0.2 -0.2 : -9.724095520051
3 6 : 0.2 0.2 : -9.723851072124
3 6 : 0.2 0.6 : -9.712213990478
3 6 : 0.2 1.0 : -9.693042722299
3 6 : 0.6 -1.0 : -9.672440026253
3 6 : 0.6 -0.6 : -9.705890661532
3 6 : 0.6 -0.2 : -9.717103552619
3 6 : 0.6 0.2 : -9.713361006222
3 6 : 0.6 0.6 : -9.699594031771
3 6 : 0.6 1.0 : -9.679154499389
3 6 : 1.0 -1.0 : -9.673499728889
3 6 : 1.0 -0.6 : -9.69290281241
3 6 : 1.0 -0.2 : -9.69547141027
3 6 : 1.0 0.2 : -9.686468676383
3 6 : 1.0 0.6 : -9.669576365293
3 6 : 1.0 1.0 : -9.647376734445
3 7 : -1.0 -1.0 : -9.629821457732
3 7 : -1.0 -0.6 : -9.666645902749
3 7 : -1.0 -0.2 : -9.688609178392
3 7 : -1.0 0.2 : -9.689345241429
3 7 : -1.0 0.6 : -9.658817428079
3 7 : -1.0 1.0 : -9.581761656502
3 7 : -0.6 -1.0 : -9.643485863877
3 7 : -0.6 -0.6 : -9.687430861313
3 7 : -0.6 -0.2 : -9.712985415965
3 7 : -0.6 0.2 : -9.712870266722
3 7 : -0.6 0.6 : -9.675247918515
3 7 : -0.6 1.0 : -9.581637529886
3 7 : -0.2 -1.0 : -9.645517572181
3 7 : -0.2 -0.6 : -9.693902035049
3 7 : -0.2 -0.2 : -9.721743720921
3 7 : -0.2 0.2 : -9.721257481447
3 7 : -0.2 0.6 : -9.679564885712
3 7 : -0.2 1.0 : -9.576277968923
3 7 : 0.2 -1.0 : -9.64551758708
3 7 : 0.2 -0.6 : -9.693901994128
3 7 : 0.2 -0.2 : -9.721743683628
3 7 : 0.2 0.2 : -9.721257539563
3 7 : 0.2 0.6 : -9.679565186304
3 7 : 0.2 1.0 : -9.576278753294
3 7 : 0.6 -1.0 : -9.643485815268
3 7 : 0.6 -0.6 : -9.687430659022
3 7 : 0.6 -0.2 : -9.712985224672
3 7 : 0.6 0.2 : -9.712870339164
3 7 : 0.6 0.6 : -9.675248656593
3 7 : 0.6 1.0 : -9.58163958662
3 7 : 1.0 -1.0 : -9.629821114367
3 7 : 1.0 -0.6 : -9.666645340831
3 7 : 1.0 -0.2 : -9.688608631951
3 7 : 1.0 0.2 : -9.689345065863
3 7 : 1.0 0.6 : -9.658818180554
3 7 : 1.0 1.0 : -9.581764225945
3 8 : -1.0 -1.0 : -9.613846081032
3 8 : -1.0 -0.6 : -9.655682463531
3 8 : -1.0 -0.2 : -9.684411462921
3 8 : -1.0 0.2 : -9.694069875427
3 8 : -1.0 0.6 : -9.674251066577
3 8 : -1.0 1.0 : -9.608544124499
3 8 : -0.6 -1.0 : -9.634493586987
3 8 : -0.6 -0.6 : -9.68192661802
3 8 : -0.6 -0.2 : -9.711079849291
3 8 : -0.6 0.2 : -9.714674020255
3 8 : -0.6 0.6 : -9.67916940062
3 8 : -0.6 1.0 : -9.582295396799
3 8 : -0.2 -1.0 : -9.640661093826
3 8 : -0.2 -0.6 : -9.691790010575
3 8 : -0.2 -0.2 : -9.721300282174
3 8 : -0.2 0.2 : -9.721163154938
3 8 : -0.2 0.6 : -9.675880947033
3 8 : -0.2 1.0 : -9.559369993327
3 8 : 0.2 -1.0 : -9.640660522255
3 8 : 0.2 -0.6 : -9.691789642658
3 8 : 0.2 -0.2 : -9.721300135887
3 8 : 0.2 0.2 : -9.721163330753
3 8 : 0.2 0.6 : -9.675881659558
3 8 : 0.2 1.0 : -9.559371639944
3 8 : 0.6 -1.0 : -9.634492080801
3 8 : 0.6 -0.6 : -9.68192560332
3 8 : 0.6 -0.2 : -9.711079388067
3 8 : 0.6 0.2 : -9.714674382425
3 8 : 0.6 0.6 : -9.679171143722
3 8 : 0.6 1.0 : -9.582299532585
3 8 : 1.0 -1.0 : -9.613844083093
3 8 : 1.0 -0.6 : -9.655680983793
3 8 : 1.0 -0.2 : -9.684410614582
3 8 : 1.0 0.2 : -9.694070018995
3 8 : 1.0 0.6 : -9.674252904048
3 8 : 1.0 1.0 : -9.608548883766
3 9 : -1.0 -1.0 : -9.620947689236
3 9 : -1.0 -0.6 : -9.654970626108
3 9 : -1.0 -0.2 : -9.683347248212
3 9 : -1.0 0.2 : -9.693851442087
3 9 : -1.0 0.6 : -9.654432887489
3 9 : -1.0 1.0 : -9.490009693057
3 9 : -0.6 -1.0 : -9.643332297546
3 9 : -0.6 -0.6 : -9.680376729038
3 9 : -0.6 -0.2 : -9.709698673859
3 9 : -0.6 0.2 : -9.713272594174
3 9 : -0.6 0.6 : -9.63757809433
3 9 : -0.6 1.0 : -9.331028609272
3 9 : -0.2 -1.0 : -9.65202974733
3 9 : -0.2 -0.6 : -9.690642523253
3 9 : -0.2 -0.2 : -9.720115668434
3 9 : -0.2 0.2 : -9.718292206518
3 9 : -0.2 0.6 : -9.614513490188
3 9 : -0.2 1.0 : -9.184838611082
3 9 : 0.2 -1.0 : -9.65202991448
3 9 : 0.2 -0.6 : -9.690642622902
3 9 : 0.2 -0.2 : -9.720115701655
3 9 : 0.2 0.2 : -9.71829215943
3 9 : 0.2 0.6 : -9.614513327555
3 9 : 0.2 1.0 : -9.184838364291
3 9 : 0.6 -1.0 : -9.6433326512
3 9 : 0.6 -0.6 : -9.680376902014
3 9 : 0.6 -0.2 : -9.709698671296
3 9 : 0.6 0.2 : -9.713272386412
3 9 : 0.6 0.6 : -9.637577611843
3 9 : 0.6 1.0 : -9.33102795371
3 9 : 1.0 -1.0 : -9.620947860436
3 9 : 1.0 -0.6 : -9.654970557675
3 9 : 1.0 -0.2 : -9.683346952902
3 9 : 1.0 0.2 : -9.693850894878
3 9 : 1.0 0.6 : -9.654432039232
3 9 : 1.0 1.0 : -9.49000868527
4 5 : -1.0 -1.0 : -9.591737210705
4 5 : -1.0 -0.6 : -9.628763633619
4 5 : -1.0 -0.2 : -9.651007544102
4 5 : -1.0 0.2 : -9.651007566126
4 5 : -1.0 0.6 : -9.628763691365
4 5 : -1.0 1.0 : -9.59173727323
4 5 : -0.6 -1.0 : -9.628763643251
4 5 : -0.6 -0.6 : -9.67550148238
4 5 : -0.6 -0.2 : -9.701271041251
4 5 : -0.6 0.2 : -9.701271063517
4 5 : -0.6 0.6 : -9.675501554332
4 5 : -0.6 1.0 : -9.628763739499
4 5 : -0.2 -1.0 : -9.651007566077
4 5 : -0.2 -0.6 : -9.701271052333
4 5 : -0.2 -0.2 : -9.723280943995
4 5 : -0.2 0.2 : -9.723280952236
4 5 : -0.2 0.6 : -9.701271119133
4 5 : -0.2 1.0 : -9.651007676204
4 5 : 0.2 -1.0 : -9.651007599008
4 5 : 0.2 -0.6 : -9.701271085624
4 5 : 0.2 -0.2 : -9.723280956313
4 5 : 0.2 0.2 : -9.723280964555
4 5 : 0.2 0.6 : -9.701271152428
4 5 : 0.2 1.0 : -9.65100770914
4 5 : 0.6 -1.0 : -9.628763729597
4 5 : 0.6 -0.6 : -9.675501589963
4 5 : 0.6 -0.2 : -9.701271141128
4 5 : 0.6 0.2 : -9.701271163397
4 5 : 0.6 0.6 : -9.675501661925
4 5 : 0.6 1.0 : -9.628763825856
4 5 : 1.0 -1.0 : -9.591737304198
4 5 : 1.0 -0.6 : -9.628763777532
4 5 : 1.0 -0.2 : -9.651007708765
4 5 : 1.0 0.2 : -9.651007730793
4 5 : 1.0 0.6 : -9.628763835289
4 5 : 1.0 1.0 : -9.59173736673
4 6 : -1.0 -1.0 : -9.594826105334
4 6 : -1.0 -0.6 : -9.636173748722
4 6 : -1.0 -0.2 : -9.652453313684
4 6 : -1.0 0.2 : -9.652092199954
4 6 : -1.0 0.6 : -9.640713779833
4 6 : -1.0 1.0 : -9.622089181415
4 6 : -0.6 -1.0 : -9.642915256096
4 6 : -0.6 -0.6 : -9.68576577373
4 6 : -0.6 -0.2 : -9.702759070257
4 6 : -0.6 0.2 : -9.702600153146
4 6 : -0.6 0.6 : -9.691078548227
4 6 : -0.6 1.0 : -9.672064065272
4 6 : -0.2 -1.0 : -9.661836994698
4 6 : -0.2 -0.6 : -9.705710409759
4 6 : -0.2 -0.2 : -9.723301522948
4 6 : -0.2 0.2 : -9.723461131597
4 6 : -0.2 0.6 : -9.712066112866
4 6 : -0.2 1.0 : -9.693038559219
4 6 : 0.2 -1.0 : -9.661836949014
4 6 : 0.2 -0.6 : -9.705710402599
4 6 : 0.2 -0.2 : -9.723301529161
4 6 : 0.2 0.2 : -9.723461135961
4 6 : 0.2 0.6 : -9.712066106664
4 6 : 0.2 1.0 : -9.693038537881
4 6 : 0.6 -1.0 : -9.642915199043
4 6 : 0.6 -0.6 : -9.685765829695
4 6 : 0.6 -0.2 : -9.70275916532
4 6 : 0.6 0.2 : -9.702600242514
4 6 : 0.6 0.6 : -9.691078606214
4 6 : 0.6 1.0 : -9.672064078402
4 6 : 1.0 -1.0 : -9.594826043272
4 6 : 1.0 -0.6 : -9.636173860384
4 6 : 1.0 -0.2 : -9.6524534813
4 6 : 1.0 0.2 : -9.652092352152
4 6 : 1.0 0.6 : -9.640713875813
4 6 : 1.0 1.0 : -9.622089199947
4 7 : -1.0 -1.0 : -9.579181916076
4 7 : -1.0 -0.6 : -9.624615886888
4 7 : -1.0 -0.2 : -9.650524762248
4 7 : -1.0 0.2 : -9.64929078651
4 7 : -1.0 0.6 : -9.608300645455
4 7 : -1.0 1.0 : -9.507560867608
4 7 : -0.6 -1.0 : -9.622963527283
4 7 : -0.6 -0.6 : -9.671533677112
4 7 : -0.6 -0.2 : -9.699969087535
4 7 : -0.6 0.2 : -9.700575460409
4 7 : -0.6 0.6 : -9.660565177643
4 7 : -0.6 1.0 : -9.559627737786
4 7 : -0.2 -1.0 : -9.64348338473
4 7 : -0.2 -0.6 : -9.692585670009
4 7 : -0.2 -0.2 : -9.720975760153
4 7 : -0.2 0.2 : -9.720833094088
4 7 : -0.2 0.6 : -9.679183008798
4 7 : -0.2 1.0 : -9.575439710709
4 7 : 0.2 -1.0 : -9.64348345194
4 7 : 0.2 -0.6 : -9.692585694694
4 7 : 0.2 -0.2 : -9.720975765802
4 7 : 0.2 0.2 : -9.720833110171
4 7 : 0.2 0.6 : -9.679183073179
4 7 : 0.2 1.0 : -9.575439872282
4 7 : 0.6 -1.0 : -9.622963769609
4 7 : 0.6 -0.6 : -9.671533805518
4 7 : 0.6 -0.2 : -9.699969173269
4 7 : 0.6 0.2 : -9.700575592563
4 7 : 0.6 0.6 : -9.660565470243
4 7 : 0.6 1.0 : -9.559628337371
4 7 : 1.0 -1.0 : -9.579182300511
4 7 : 1.0 -0.6 : -9.624616093001
4 7 : 1.0 -0.2 : -9.650524906994
4 7 : 1.0 0.2 : -9.649291016047
4 7 : 1.0 0.6 : -9.608301146508
4 7 : 1.0 1.0 : -9.507561878814
4 8 : -1.0 -1.0 : -9.572704209598
4 8 : -1.0 -0.6 : -9.621312454832
4 8 : -1.0 -0.2 : -9.649609509399
4 8 : -1.0 0.2 : -9.649761615757
4 8 : -1.0 0.6 : -9.606744878904
4 8 : -1.0 1.0 : -9.495449674292
4 8 : -0.6 -1.0 : -9.619825127069
4 8 : -0.6 -0.6 : -9.670597446049
4 8 : -0.6 -0.2 : -9.699978681095
4 8 : -0.6 0.2 : -9.699952063788
4 8 : -0.6 0.6 : -9.655025378071
4 8 : -0.6 1.0 : -9.539137274947
4 8 : -0.2 -1.0 : -9.639638102639
4 8 : -0.2 -0.6 : -9.691241032124
4 8 : -0.2 -0.2 : -9.720848268831
4 8 : -0.2 0.2 : -9.720345712436
4 8 : -0.2 0.6 : -9.673999822882
4 8 : -0.2 1.0 : -9.555261165839
4 8 : 0.2 -1.0 : -9.639637884528
4 8 : 0.2 -0.6 : -9.691240888814
4 8 : 0.2 -0.2 : -9.720848214753
4 8 : 0.2 0.2 : -9.72034579784
4 8 : 0.2 0.6 : -9.674000148461
4 8 : 0.2 1.0 : -9.555261912761
4 8 : 0.6 -1.0 : -9.619824578933
4 8 : 0.6 -0.6 : -9.670597111316
4 8 : 0.6 -0.2 : -9.699978602081
4 8 : 0.6 0.2 : -9.699952388233
4 8 : 0.6 0.6 : -9.655026401708
4 8 : 0.6 1.0 : -9.539139529075
4 8 : 1.0 -1.0 : -9.572703350177
4 8 : 1.0 -0.6 : -9.621311932457
4 8 : 1.0 -0.2 : -9.649609394627
4 8 : 1.0 0.2 : -9.64976214888
4 8 : 1.0 0.6 : -9.60674653662
4 8 : 1.0 1.0 : -9.4954533076
4 9 : -1.0 -1.0 : -9.59035443429
4 9 : -1.0 -0.6 : -9.617899264926
4 9 : -1.0 -0.2 : -9.642978240744
4 9 : -1.0 0.2 : -9.663437222887
4 9 : -1.0 0.6 : -9.676826890499
4 9 : -1.0 1.0 : -9.679941755167
4 9 : -0.6 -1.0 : -9.627463705291
4 9 : -0.6 -0.6 : -9.66240879396
4 9 : -0.6 -0.2 : -9.692738481411
4 9 : -0.6 0.2 : -9.711866404917
4 9 : -0.6 0.6 : -9.704479099662
4 9 : -0.6 1.0 : -9.642448759502
4 9 : -0.2 -1.0 : -9.649968624401
4 9 : -0.2 -0.6 : -9.688389626986
4 9 : -0.2 -0.2 : -9.718388855984
4 9 : -0.2 0.2 : -9.720385441475
4 9 : -0.2 0.6 : -9.634436123791
4 9 : -0.2 1.0 : -9.282829063814
4 9 : 0.2 -1.0 : -9.649968698977
4 9 : 0.2 -0.6 : -9.688389687225
4 9 : 0.2 -0.2 : -9.718388890843
4 9 : 0.2 0.2 : -9.720385393686
4 9 : 0.2 0.6 : -9.634435747043
4 9 : 0.2 1.0 : -9.282827324389
4 9 : 0.6 -1.0 : -9.627463913802
4 9 : 0.6 -0.6 : -9.662408965368
4 9 : 0.6 -0.2 : -9.692738611081
4 9 : 0.6 0.2 : -9.711866448525
4 9 : 0.6 0.6 : -9.704478903547
4 9 : 0.6 1.0 : -9.642447900783
4 9 : 1.0 -1.0 : -9.590354729183
4 9 : 1.0 -0.6 : -9.617899502849
4 9 : 1.0 -0.2 : -9.642978431643
4 9 : 1.0 0.2 : -9.663437365883
4 9 : 1.0 0.6 : -9.676826970531
4 9 : 1.0 1.0 : -9.679941729299
5 6 : -1.0 -1.0 : -9.59482609517
5 6 : -1.0 -0.6 : -9.636173767356
5 6 : -1.0 -0.2 : -9.652453341602
5 6 : -1.0 0.2 : -9.652092225331
5 6 : -1.0 0.6 : -9.64071379591
5 6 : -1.0 1.0 : -9.622089184675
5 6 : -0.6 -1.0 : -9.642915246694
5 6 : -0.6 -0.6 : -9.68576578305
5 6 : -0.6 -0.2 : -9.702759086057
5 6 : -0.6 0.2 : -9.702600168009
5 6 : -0.6 0.6 : -9.691078557899
5 6 : -0.6 1.0 : -9.67206406752
5 6 : -0.2 -1.0 : -9.661836987139
5 6 : -0.2 -0.6 : -9.705710408577
5 6 : -0.2 -0.2 : -9.72330152398
5 6 : -0.2 0.2 : -9.723461132323
5 6 : -0.2 0.6 : -9.712066111844
5 6 : -0.2 1.0 : -9.693038555691
5 6 : 0.2 -1.0 : -9.661836956574
5 6 : 0.2 -0.6 : -9.705710403787
5 6 : 0.2 -0.2 : -9.723301528138
5 6 : 0.2 0.2 : -9.723461135245
5 6 : 0.2 0.6 : -9.712066107697
5 6 : 0.2 1.0 : -9.693038541419
5 6 : 0.6 -1.0 : -9.642915208507
5 6 : 0.6 -0.6 : -9.685765820474
5 6 : 0.6 -0.2 : -9.702759149639
5 6 : 0.6 0.2 : -9.70260022778
5 6 : 0.6 0.6 : -9.691078596675
5 6 : 0.6 1.0 : -9.672064076286
5 6 : 1.0 -1.0 : -9.594826053609
5 6 : 1.0 -0.6 : -9.636173842022
5 6 : 1.0 -0.2 : -9.652453453705
5 6 : 1.0 0.2 : -9.65209232712
5 6 : 1.0 0.6 : -9.640713860089
5 6 : 1.0 1.0 : -9.62208919704
5 7 : -1.0 -1.0 : -9.579181979859
5 7 : -1.0 -0.6 : -9.624615921159
5 7 : -1.0 -0.2 : -9.650524786375
5 7 : -1.0 0.2 : -9.649290824702
5 7 : -1.0 0.6 : -9.608300728647
5 7 : -1.0 1.0 : -9.507561035347
5 7 : -0.6 -1.0 : -9.622963567459
5 7 : -0.6 -0.6 : -9.671533698429
5 7 : -0.6 -0.2 : -9.69996910179
5 7 : -0.6 0.2 : -9.700575482357
5 7 : -0.6 0.6 : -9.660565226169
5 7 : -0.6 1.0 : -9.559627837165
5 7 : -0.2 -1.0 : -9.643483395864
5 7 : -0.2 -0.6 : -9.692585674101
5 7 : -0.2 -0.2 : -9.720975761092
5 7 : -0.2 0.2 : -9.720833096754
5 7 : -0.2 0.6 : -9.67918301946
5 7 : -0.2 1.0 : -9.575439737463
5 7 : 0.2 -1.0 : -9.643483440815
5 7 : 0.2 -0.6 : -9.692585690611
5 7 : 0.2 -0.2 : -9.720975764872
5 7 : 0.2 0.2 : -9.720833107515
5 7 : 0.2 0.6 : -9.679183062528
5 7 : 0.2 1.0 : -9.575439845542
5 7 : 0.6 -1.0 : -9.622963729529
5 7 : 0.6 -0.6 : -9.671533784307
5 7 : 0.6 -0.2 : -9.699969159131
5 7 : 0.6 0.2 : -9.700575570749
5 7 : 0.6 0.6 : -9.660565421879
5 7 : 0.6 1.0 : -9.559628238207
5 7 : 1.0 -1.0 : -9.57918223697
5 7 : 1.0 -0.6 : -9.624616059005
5 7 : 1.0 -0.2 : -9.65052488318
5 7 : 1.0 0.2 : -9.649290978222
5 7 : 1.0 0.6 : -9.608301063775
5 7 : 1.0 1.0 : -9.507561711695
5 8 : -1.0 -1.0 : -9.57270406743
5 8 : -1.0 -0.6 : -9.621312368496
5 8 : -1.0 -0.2 : -9.649609490565
5 8 : -1.0 0.2 : -9.6497617042
5 8 : -1.0 0.6 : -9.606745153537
5 8 : -1.0 1.0 : -9.495450275995
5 8 : -0.6 -1.0 : -9.619825036365
5 8 : -0.6 -0.6 : -9.670597390686
5 8 : -0.6 -0.2 : -9.699978668076
5 8 : -0.6 0.2 : -9.69995211757
5 8 : -0.6 0.6 : -9.655025547612
5 8 : -0.6 1.0 : -9.539137648207
5 8 : -0.2 -1.0 : -9.639638066532
5 8 : -0.2 -0.6 : -9.691241008401
5 8 : -0.2 -0.2 : -9.720848259881
5 8 : -0.2 0.2 : -9.720345726579
5 8 : -0.2 0.6 : -9.673999876789
5 8 : -0.2 1.0 : -9.555261289504
5 8 : 0.2 -1.0 : -9.63963792064
5 8 : 0.2 -0.6 : -9.691240912545
5 8 : 0.2 -0.2 : -9.720848223712
5 8 : 0.2 0.2 : -9.720345783707
5 8 : 0.2 0.6 : -9.674000094563
5 8 : 0.2 1.0 : -9.555261789102
5 8 : 0.6 -1.0 : -9.619824669715
5 8 : 0.6 -0.6 : -9.670597166784
5 8 : 0.6 -0.2 : -9.699978615221
5 8 : 0.6 0.2 : -9.699952334579
5 8 : 0.6 0.6 : -9.655026232291
5 8 : 0.6 1.0 : -9.539139155922
5 8 : 1.0 -1.0 : -9.572703492556
5 8 : 1.0 -0.6 : -9.621312019075
5 8 : 1.0 -0.2 : -9.649609413785
5 8 : 1.0 0.2 : -9.649762060781
5 8 : 1.0 0.6 : -9.606746262325
5 8 : 1.0 1.0 : -9.495452706192
5 9 : -1.0 -1.0 : -9.590354483271
5 9 : -1.0 -0.6 : -9.617899304483
5 9 : -1.0 -0.2 : -9.642978272523
5 9 : -1.0 0.2 : -9.663437246735
5 9 : -1.0 0.6 : -9.676826903906
5 9 : -1.0 1.0 : -9.679941750994
5 9 : -0.6 -1.0 : -9.627463739882
5 9 : -0.6 -0.6 : -9.662408822411
5 9 : -0.6 -0.2 : -9.69273850295
5 9 : -0.6 0.2 : -9.711866412186
5 9 : -0.6 0.6 : -9.704479067161
5 9 : -0.6 1.0 : -9.642448617057
5 9 : -0.2 -1.0 : -9.649968636758
5 9 : -0.2 -0.6 : -9.688389636969
5 9 : -0.2 -0.2 : -9.718388861763
5 9 : -0.2 0.2 : -9.720385433558
5 9 : -0.2 0.6 : -9.634436061355
5 9 : -0.2 1.0 : -9.282828775541
5 9 : 0.2 -1.0 : -9.649968686636
5 9 : 0.2 -0.6 : -9.688389677258
5 9 : 0.2 -0.2 : -9.718388885078
5 9 : 0.2 0.2 : -9.720385401602
5 9 : 0.2 0.6 : -9.634435809412
5 9 : 0.2 1.0 : -9.282827612318
5 9 : 0.6 -1.0 : -9.627463879338
5 9 : 0.6 -0.6 : -9.662408937052
5 9 : 0.6 -0.2 : -9.692738589676
5 9 : 0.6 0.2 : -9.711866441358
5 9 : 0.6 0.6 : -9.704478936019
5 9 : 0.6 1.0 : -9.642448042803
5 9 : 1.0 -1.0 : -9.590354680502
5 9 : 1.0 -0.6 : -9.61789946361
5 9 : 1.0 -0.2 : -9.642978400198
5 9 : 1.0 0.2 : -9.663437342372
5 9 : 1.0 0.6 : -9.676826957435
5 9 : 1.0 1.0 : -9.679941733702
6 7 : -1.0 -1.0 : -9.520928438917
6 7 : -1.0 -0.6 : -9.603360838985
6 7 : -1.0 -0.2 : -9.653018195925
6 7 : -1.0 0.2 : -9.660965575157
6 7 : -1.0 0.6 : -9.611702254672
6 7 : -1.0 1.0 : -9.480108544615
6 7 : -0.6 -1.0 : -9.598608106177
6 7 : -0.6 -0.6 : -9.663275097792
6 7 : -0.6 -0.2 : -9.700867947577
6 7 : -0.6 0.2 : -9.702818785085
6 7 : -0.6 0.6 : -9.654603892123
6 7 : -0.6 1.0 : -9.53294347375
6 7 : -0.2 -1.0 : -9.63677651866
6 7 : -0.2 -0.6 : -9.689908064871
6 7 : -0.2 -0.2 : -9.720367946513
6 7 : -0.2 0.2 : -9.720052287063
6 7 : -0.2 0.6 : -9.675443306127
6 7 : -0.2 1.0 : -9.565040155287
6 7 : 0.2 -1.0 : -9.649042357382
6 7 : 0.2 -0.6 : -9.694693990494
6 7 : 0.2 -0.2 : -9.72115756351
6 7 : 0.2 0.2 : -9.720843538245
6 7 : 0.2 0.6 : -9.681232420487
6 7 : 0.2 1.0 : -9.582516434262
6 7 : 0.6 -1.0 : -9.644402122058
6 7 : 0.6 -0.6 : -9.685193015469
6 7 : 0.6 -0.2 : -9.709623355465
6 7 : 0.6 0.2 : -9.710636291005
6 7 : 0.6 0.6 : -9.676678564523
6 7 : 0.6 1.0 : -9.589534968955
6 7 : 1.0 -1.0 : -9.628795153347
6 7 : 1.0 -0.6 : -9.666407370519
6 7 : 1.0 -0.2 : -9.6900113873
6 7 : 1.0 0.2 : -9.693079653066
6 7 : 1.0 0.6 : -9.664977826293
6 7 : 1.0 1.0 : -9.588976185718
6 8 : -1.0 -1.0 : -9.455357104356
6 8 : -1.0 -0.6 : -9.577403470373
6 8 : -1.0 -0.2 : -9.647736898964
6 8 : -1.0 0.2 : -9.663326849943
6 8 : -1.0 0.6 : -9.609557418963
6 8 : -1.0 1.0 : -9.457034181902
6 8 : -0.6 -1.0 : -9.569629926946
6 8 : -0.6 -0.6 : -9.652456275221
6 8 : -0.6 -0.2 : -9.698946335268
6 8 : -0.6 0.2 : -9.703095106396
6 8 : -0.6 0.6 : -9.649213750459
6 8 : -0.6 1.0 : -9.508686633223
6 8 : -0.2 -1.0 : -9.62715542072
6 8 : -0.2 -0.6 : -9.686489721826
6 8 : -0.2 -0.2 : -9.719881544408
6 8 : -0.2 0.2 : -9.719675434223
6 8 : -0.2 0.6 : -9.6699843768
6 8 : -0.2 1.0 : -9.543457341221
6 8 : 0.2 -1.0 : -9.647949124005
6 8 : 0.2 -0.6 : -9.693886947469
6 8 : 0.2 -0.2 : -9.720933913081
6 8 : 0.2 0.2 : -9.720670231495
6 8 : 0.2 0.6 : -9.677559595053
6 8 : 0.2 1.0 : -9.565773195936
6 8 : 0.6 -1.0 : -9.645233282886
6 8 : 0.6 -0.6 : -9.684133987818
6 8 : 0.6 -0.2 : -9.708976324697
6 8 : 0.6 0.2 : -9.711154573988
6 8 : 0.6 0.6 : -9.67580635108
6 8 : 0.6 1.0 : -9.578733439337
6 8 : 1.0 -1.0 : -9.627694511473
6 8 : 1.0 -0.6 : -9.663469468712
6 8 : 1.0 -0.2 : -9.688563652569
6 8 : 1.0 0.2 : -9.694545615847
6 8 : 1.0 0.6 : -9.667397353765
6 8 : 1.0 1.0 : -9.584567015212
6 9 : -1.0 -1.0 : -9.5829577251
6 9 : -1.0 -0.6 : -9.625783259071
6 9 : -1.0 -0.2 : -9.657531487745
6 9 : -1.0 0.2 : -9.653912030651
6 9 : -1.0 0.6 : -9.536742649653
6 9 : -1.0 1.0 : -9.054544329801
6 9 : -0.6 -1.0 : -9.629024562597
6 9 : -0.6 -0.6 : -9.670429708879
6 9 : -0.6 -0.2 : -9.70148876875
6 9 : -0.6 0.2 : -9.698540041073
6 9 : -0.6 0.6 : -9.585421377096
6 9 : -0.6 1.0 : -9.117111301778
6 9 : -0.2 -1.0 : -9.649542155491
6 9 : -0.2 -0.6 : -9.68925000812
6 9 : -0.2 -0.2 : -9.719293791635
6 9 : -0.2 0.2 : -9.716623379502
6 9 : -0.2 0.6 : -9.607042988755
6 9 : -0.2 1.0 : -9.151819526734
6 9 : 0.2 -1.0 : -9.652940549142
6 9 : 0.2 -0.6 : -9.690842657543
6 9 : 0.2 -0.2 : -9.719723415131
6 9 : 0.2 0.2 : -9.71712622008
6 9 : 0.2 0.6 : -9.610769727405
6 9 : 0.2 1.0 : -9.168045020654
6 9 : 0.6 -1.0 : -9.644839186504
6 9 : 0.6 -0.6 : -9.680930132614
6 9 : 0.6 -0.2 : -9.708608752356
6 9 : 0.6 0.2 : -9.70599536945
6 9 : 0.6 0.6 : -9.602672664719
6 9 : 0.6 1.0 : -9.171996479189
6 9 : 1.0 -1.0 : -9.629011061845
6 9 : 1.0 -0.6 : -9.663344485886
6 9 : 1.0 -0.2 : -9.689845077407
6 9 : 1.0 0.2 : -9.687194617962
6 9 : 1.0 0.6 : -9.586790932002
6 9 : 1.0 1.0 : -9.16779985353
7 8 : -1.0 -1.0 : -9.551327742044
7 8 : -1.0 -0.6 : -9.616478874004
7 8 : -1.0 -0.2 : -9.646618595235
7 8 : -1.0 0.2 : -9.630618648948
7 8 : -1.0 0.6 : -9.545689698443
7 8 : -1.0 1.0 : -9.352888520634
7 8 : -0.6 -1.0 : -9.599568547597
7 8 : -0.6 -0.6 : -9.660144248685
7 8 : -0.6 -0.2 : -9.692022691484
7 8 : -0.6 0.2 : -9.68539881861
7 8 : -0.6 0.6 : -9.620628056844
7 8 : -0.6 1.0 : -9.464309769976
7 8 : -0.2 -1.0 : -9.632154982386
7 8 : -0.2 -0.6 : -9.687254901139
7 8 : -0.2 -0.2 : -9.718431707822
7 8 : -0.2 0.2 : -9.717039535474
7 8 : -0.2 0.6 : -9.666127518742
7 8 : -0.2 1.0 : -9.537011138202
7 8 : 0.2 -1.0 : -9.644214331118
7 8 : 0.2 -0.6 : -9.691671503311
7 8 : 0.2 -0.2 : -9.7185405418
7 8 : 0.2 0.2 : -9.717171183091
7 8 : 0.2 0.6 : -9.672881270425
7 8 : 0.2 1.0 : -9.560953172599
7 8 : 0.6 -1.0 : -9.626990425615
7 8 : 0.6 -0.6 : -9.662926982049
7 8 : 0.6 -0.2 : -9.680184970865
7 8 : 0.6 0.2 : -9.671922557802
7 8 : 0.6 0.6 : -9.625306813791
7 8 : 0.6 1.0 : -9.518888635871
7 8 : 1.0 -1.0 : -9.566019244646
7 8 : 1.0 -0.6 : -9.584178180766
7 8 : 1.0 -0.2 : -9.584027949261
7 8 : 1.0 0.2 : -9.559302129484
7 8 : 1.0 0.6 : -9.49858225546
7 8 : 1.0 1.0 : -9.383010449512
7 9 : -1.0 -1.0 : -9.595355434665
7 9 : -1.0 -0.6 : -9.619575162304
7 9 : -1.0 -0.2 : -9.640279141056
7 9 : -1.0 0.2 : -9.64265653341
7 9 : -1.0 0.6 : -9.579072388294
7 9 : -1.0 1.0 : -9.296034376392
7 9 : -0.6 -1.0 : -9.638683066718
7 9 : -0.6 -0.6 : -9.666861787619
7 9 : -0.6 -0.2 : -9.689657020842
7 9 : -0.6 0.2 : -9.689439402908
7 9 : -0.6 0.6 : -9.609637521772
7 9 : -0.6 1.0 : -9.268042377981
7 9 : -0.2 -1.0 : -9.656665858609
7 9 : -0.2 -0.6 : -9.691090055528
7 9 : -0.2 -0.2 : -9.71767858613
7 9 : -0.2 0.2 : -9.71552367725
7 9 : -0.2 0.6 : -9.61742862405
7 9 : -0.2 1.0 : -9.207107568166
7 9 : 0.2 -1.0 : -9.638403679752
7 9 : 0.2 -0.6 : -9.682735652204
7 9 : 0.2 -0.2 : -9.716002389315
7 9 : 0.2 0.2 : -9.713455189908
7 9 : 0.2 0.6 : -9.595290922187
7 9 : 0.2 1.0 : -9.104746224151
7 9 : 0.6 -1.0 : -9.566278867167
7 9 : 0.6 -0.6 : -9.62624544849
7 9 : 0.6 -0.2 : -9.670856163426
7 9 : 0.6 0.2 : -9.670853575384
7 9 : 0.6 0.6 : -9.531502981146
7 9 : 0.6 1.0 : -8.947879660772
7 9 : 1.0 -1.0 : -9.412704033429
7 9 : 1.0 -0.6 : -9.497133496606
7 9 : 1.0 -0.2 : -9.560436592547
7 9 : 1.0 0.2 : -9.568079485085
7 9 : 1.0 0.6 : -9.407662429142
7 9 : 1.0 1.0 : -8.716810837955
8 9 : -1.0 -1.0 : -9.57816839743
8 9 : -1.0 -0.6 : -9.610924411951
8 9 : -1.0 -0.2 : -9.636389629006
8 9 : -1.0 0.2 : -9.634412489468
8 9 : -1.0 0.6 : -9.540279337044
8 9 : -1.0 1.0 : -9.145727398306
8 9 : -0.6 -1.0 : -9.625891794394
8 9 : -0.6 -0.6 : -9.660899817302
8 9 : -0.6 -0.2 : -9.687841603561
8 9 : -0.6 0.2 : -9.685567436476
8 9 : -0.6 0.6 : -9.586089270046
8 9 : -0.6 1.0 : -9.170602416244
8 9 : -0.2 -1.0 : -9.651134850706
8 9 : -0.2 -0.6 : -9.688604897557
8 9 : -0.2 -0.2 : -9.717174726547
8 9 : -0.2 0.2 : -9.714641208449
8 9 : -0.2 0.6 : -9.609565943989
8 9 : -0.2 1.0 : -9.172056230372
8 9 : 0.2 -1.0 : -9.645537355732
8 9 : 0.2 -0.6 : -9.685771210174
8 9 : 0.2 -0.2 : -9.716214775339
8 9 : 0.2 0.2 : -9.713554171457
8 9 : 0.2 0.6 : -9.602716307657
8 9 : 0.2 1.0 : -9.142144484548
8 9 : 0.6 -1.0 : -9.593236669946
8 9 : 0.6 -0.6 : -9.63657720695
8 9 : 0.6 -0.2 : -9.669179328446
8 9 : 0.6 0.2 : -9.666558609323
8 9 : 0.6 0.6 : -9.549813843083
8 9 : 0.6 1.0 : -9.06511653268
8 9 : 1.0 -1.0 : -9.467591936475
8 9 : 1.0 -0.6 : -9.514397457252
8 9 : 1.0 -0.2 : -9.549453916682
8 9 : 1.0 0.2 : -9.547044007429
8 9 : 1.0 0.6 : -9.424234401255
8 9 : 1.0 1.0 : -8.914281801382
