0.0 0.0 0.0 0.0 0.0 0.0 0.0 -5.206771987316
0 : -1.0 : -5.124771042102
0 : -0.6 : -5.185967164934
0 : -0.2 : -5.205624901436
0 : 0.2 : -5.205624919518
0 : 0.6 : -5.185967465154
0 : 1.0 : -5.124771633972
1 : -1.0 : -5.124770995602
1 : -0.6 : -5.185967141515
1 : -0.2 : -5.205624900012
1 : 0.2 : -5.205624920948
1 : 0.6 : -5.185967488901
1 : 1.0 : -5.124771680918
2 : -1.0 : -5.14012161518
2 : -0.6 : -5.187002942748
2 : -0.2 : -5.205066689492
2 : 0.2 : -5.205066714695
2 : 0.6 : -5.187003436176
2 : 1.0 : -5.140122909833
3 : -1.0 : -5.140121476119
3 : -0.6 : -5.187002889848
3 : -0.2 : -5.205066686869
3 : 0.2 : -5.205066717325
3 : 0.6 : -5.187003489149
3 : 1.0 : -5.140123049197
4 : -1.0 : -5.048114150723
4 : -0.6 : -5.158993636371
4 : -0.2 : -5.202292704543
4 : 0.2 : -5.202963736515
4 : 0.6 : -5.177390754938
4 : 1.0 : -5.136310057205
5 : -1.0 : -4.974166751898
5 : -0.6 : -5.140500528161
5 : -0.2 : -5.200257377764
5 : 0.2 : -5.200257359571
5 : 0.6 : -5.140499520303
5 : 1.0 : -4.974160705499
6 : -1.0 : -5.111754223002
6 : -0.6 : -5.165293319489
6 : -0.2 : -5.200994583911
6 : 0.2 : -5.199247249584
6 : 0.6 : -5.114782411263
6 : 1.0 : -4.844315217938
0 1 : -1.0 -1.0 : -5.030009198889
0 1 : -1.0 -0.6 : -5.088995503469
0 1 : -1.0 -0.2 : -5.120739045775
0 1 : -1.0 0.2 : -5.120739181274
0 1 : -1.0 0.6 : -5.088995856769
0 1 : -1.0 1.0 : -5.030009589122
0 1 : -0.6 -1.0 : -5.088995487548
0 1 : -0.6 -0.6 : -5.152850991264
0 1 : -0.6 -0.2 : -5.182644653551
0 1 : -0.6 0.2 : -5.182644774692
0 1 : -0.6 0.6 : -5.152851415628
0 1 : -0.6 1.0 : -5.088996076379
0 1 : -0.2 -1.0 : -5.120739009038
0 1 : -0.2 -0.6 : -5.182644637042
0 1 : -0.2 -0.2 : -5.204100225997
0 1 : -0.2 0.2 : -5.20410026525
0 1 : -0.2 0.6 : -5.182645001586
0 1 : -0.2 1.0 : -5.120739686527
0 1 : 0.2 -1.0 : -5.120739126061
0 1 : 0.2 -0.6 : -5.182644741991
0 1 : 0.2 -0.2 : -5.204100259899
0 1 : 0.2 0.2 : -5.204100299143
0 1 : 0.2 0.6 : -5.182645106529
0 1 : 0.2 1.0 : -5.120739803547
0 1 : 0.6 -1.0 : -5.088995792671
0 1 : 0.6 -0.6 : -5.152851357767
0 1 : 0.6 -0.2 : -5.182644968391
0 1 : 0.6 0.2 : -5.182645089902
0 1 : 0.6 0.6 : -5.152851782121
0 1 : 0.6 1.0 : -5.088996381498
0 1 : 1.0 -1.0 : -5.030009535899
0 1 : 1.0 -0.6 : -5.088996012007
0 1 : 1.0 -0.2 : -5.120739630886
0 1 : 1.0 0.2 : -5.120739766383
0 1 : 1.0 0.6 : -5.088996365302
0 1 : 1.0 1.0 : -5.03000992613
0 2 : -1.0 -1.0 : -5.066889229978
0 2 : -1.0 -0.6 : -5.101175451996
0 2 : -1.0 -0.2 : -5.1220595892
0 2 : -1.0 0.2 : -5.12205984799
0 2 : -1.0 0.6 : -5.101176138756
0 2 : -1.0 1.0 : -5.066889931272
0 2 : -0.6 -1.0 : -5.10707549114
0 2 : -0.6 -0.6 : -5.151523345706
0 2 : -0.6 -0.2 : -5.181623667786
0 2 : -0.6 0.2 : -5.181624056961
0 2 : -0.6 0.6 : -5.151524156074
0 2 : -0.6 1.0 : -5.107076380117
0 2 : -0.2 -1.0 : -5.135922550934
0 2 : -0.2 -0.6 : -5.182390269941
0 2 : -0.2 -0.2 : -5.203247158875
0 2 : -0.2 0.2 : -5.203247263688
0 2 : -0.2 0.6 : -5.182390807287
0 2 : -0.2 1.0 : -5.135923778559
0 2 : 0.2 -1.0 : -5.135922723756
0 2 : 0.2 -0.6 : -5.182390409939
0 2 : 0.2 -0.2 : -5.203247200463
0 2 : 0.2 0.2 : -5.203247302745
0 2 : 0.2 0.6 : -5.182390955212
0 2 : 0.2 1.0 : -5.135923932877
0 2 : 0.6 -1.0 : -5.107075818393
0 2 : 0.6 -0.6 : -5.151523678163
0 2 : 0.6 -0.2 : -5.18162398895
0 2 : 0.6 0.2 : -5.181624330125
0 2 : 0.6 0.6 : -5.151524411124
0 2 : 0.6 1.0 : -5.107076652205
0 2 : 1.0 -1.0 : -5.066889472209
0 2 : 1.0 -0.6 : -5.10117588163
0 2 : 1.0 -0.2 : -5.122060160686
0 2 : 1.0 0.2 : -5.122060401886
0 2 : 1.0 0.6 : -5.101176487599
0 2 : 1.0 1.0 : -5.066890061995
0 3 : -1.0 -1.0 : -5.052538298129
0 3 : -1.0 -0.6 : -5.097066211123
0 3 : -1.0 -0.2 : -5.121604408977
0 3 : -1.0 0.2 : -5.121604723077
0 3 : -1.0 0.6 : -5.097067106583
0 3 : -1.0 1.0 : -5.052539619675
0 3 : -0.6 -1.0 : -5.108482336481
0 3 : -0.6 -0.6 : -5.158233850189
0 3 : -0.6 -0.2 : -5.182980621956
0 3 : -0.6 0.2 : -5.182980888834
0 3 : -0.6 0.6 : -5.158234779924
0 3 : -0.6 1.0 : -5.108483934832
0 3 : -0.2 -1.0 : -5.136722755656
0 3 : -0.2 -0.6 : -5.184357515045
0 3 : -0.2 -0.2 : -5.203685264386
0 3 : -0.2 0.2 : -5.203685337581
0 3 : -0.2 0.6 : -5.184358177319
0 3 : -0.2 1.0 : -5.136724345957
0 3 : 0.2 -1.0 : -5.136722893306
0 3 : 0.2 -0.6 : -5.184357609277
0 3 : 0.2 -0.2 : -5.203685294265
0 3 : 0.2 0.2 : -5.203685367392
0 3 : 0.2 0.6 : -5.18435827166
0 3 : 0.2 1.0 : -5.136724482957
0 3 : 0.6 -1.0 : -5.108482737256
0 3 : 0.6 -0.6 : -5.158234227755
0 3 : 0.6 -0.2 : -5.182980934945
0 3 : 0.6 0.2 : -5.182981200682
0 3 : 0.6 0.6 : -5.158235155543
0 3 : 0.6 1.0 : -5.108484332461
0 3 : 1.0 -1.0 : -5.052538807162
0 3 : 1.0 -0.6 : -5.097066780558
0 3 : 1.0 -0.2 : -5.121604999847
0 3 : 1.0 0.2 : -5.121605313598
0 3 : 1.0 0.6 : -5.097067675831
0 3 : 1.0 1.0 : -5.052540127294
0 4 : -1.0 -1.0 : -5.038810001533
0 4 : -1.0 -0.6 : -5.106491901195
0 4 : -1.0 -0.2 : -5.1267756607
0 4 : -1.0 0.2 : -5.116912685222
0 4 : -1.0 0.6 : -5.088669257911
0 4 : -1.0 1.0 : -5.050019243354
0 4 : -0.6 -1.0 : -5.063059188567
0 4 : -0.6 -0.6 : -5.153472478333
0 4 : -0.6 -0.2 : -5.185100481482
0 4 : -0.6 0.2 : -5.179641829665
0 4 : -0.6 0.6 : -5.151530519468
0 4 : -0.6 1.0 : -5.110337435356
0 4 : -0.2 -1.0 : -5.052078298881
0 4 : -0.2 -0.6 : -5.160114218347
0 4 : -0.2 -0.2 : -5.201706695786
0 4 : -0.2 0.2 : -5.201401960124
0 4 : -0.2 0.6 : -5.175339238464
0 4 : -0.2 1.0 : -5.134108176112
0 4 : 0.2 -1.0 : -5.052078761964
0 4 : 0.2 -0.6 : -5.160114416928
0 4 : 0.2 -0.2 : -5.201706753769
0 4 : 0.2 0.2 : -5.201401952604
0 4 : 0.2 0.6 : -5.175339211502
0 4 : 0.2 1.0 : -5.134108149035
0 4 : 0.6 -1.0 : -5.063060765044
0 4 : 0.6 -0.6 : -5.153473314378
0 4 : 0.6 -0.2 : -5.185100904816
0 4 : 0.6 0.2 : -5.179642044912
0 4 : 0.6 0.6 : -5.15153064913
0 4 : 0.6 1.0 : -5.110337550884
0 4 : 1.0 -1.0 : -5.038812341511
0 4 : 1.0 -0.6 : -5.10649324222
0 4 : 1.0 -0.2 : -5.126776429445
0 4 : 1.0 0.2 : -5.116913153242
0 4 : 1.0 0.6 : -5.088669593588
0 4 : 1.0 1.0 : -5.050019546841
0 5 : -1.0 -1.0 : -5.099005488497
0 5 : -1.0 -0.6 : -5.116093821031
0 5 : -1.0 -0.2 : -5.123841272583
0 5 : -1.0 0.2 : -5.123841383926
0 5 : -1.0 0.6 : -5.116093991254
0 5 : -1.0 1.0 : -5.099005249982
0 5 : -0.6 -1.0 : -5.099541045323
0 5 : -0.6 -0.6 : -5.158928387671
0 5 : -0.6 -0.2 : -5.183185111624
0 5 : -0.6 0.2 : -5.183184983168
0 5 : -0.6 0.6 : -5.158927419896
0 5 : -0.6 1.0 : -5.099537171308
0 5 : -0.2 -1.0 : -4.999880709958
0 5 : -0.2 -0.6 : -5.146229669479
0 5 : -0.2 -0.2 : -5.19975011976
0 5 : -0.2 0.2 : -5.199749924415
0 5 : -0.2 0.6 : -5.146228001793
0 5 : -0.2 1.0 : -4.999873104733
0 5 : 0.2 -1.0 : -4.999877231106
0 5 : 0.2 -0.6 : -5.146228573115
0 5 : 0.2 -0.2 : -5.199749913143
0 5 : 0.2 0.2 : -5.199750112883
0 5 : 0.2 0.6 : -5.146228564966
0 5 : 0.2 1.0 : -4.999874496199
0 5 : 0.6 -1.0 : -5.099537766453
0 5 : 0.6 -0.6 : -5.158927413636
0 5 : 0.6 -0.2 : -5.183185139669
0 5 : 0.6 0.2 : -5.183185490397
0 5 : 0.6 0.6 : -5.158928347541
0 5 : 0.6 1.0 : -5.099538884206
0 5 : 1.0 -1.0 : -5.099005120471
0 5 : 1.0 -0.6 : -5.11609405465
0 5 : 1.0 -0.2 : -5.123841792813
0 5 : 1.0 0.2 : -5.123842020949
0 5 : 1.0 0.6 : -5.11609471746
0 5 : 1.0 1.0 : -5.099006128619
0 6 : -1.0 -1.0 : -5.035204532836
0 6 : -1.0 -0.6 : -5.075337144795
0 6 : -1.0 -0.2 : -5.110037651854
0 6 : -1.0 0.2 : -5.137187732181
0 6 : -1.0 0.6 : -5.152790888717
0 6 : -1.0 1.0 : -5.151639926091
0 6 : -0.6 -1.0 : -5.083081564027
0 6 : -0.6 -0.6 : -5.132629684849
0 6 : -0.6 -0.2 : -5.172244081327
0 6 : -0.6 0.2 : -5.1936529995
0 6 : -0.6 0.6 : -5.181349235043
0 6 : -0.6 1.0 : -5.107435156589
0 6 : -0.2 -1.0 : -5.108521894464
0 6 : -0.2 -0.6 : -5.161765176454
0 6 : -0.2 -0.2 : -5.198398592149
0 6 : -0.2 0.2 : -5.200786479016
0 6 : -0.2 0.6 : -5.129160170745
0 6 : -0.2 1.0 : -4.895537191348
0 6 : 0.2 -1.0 : -5.108522191946
0 6 : 0.2 -0.6 : -5.161765402869
0 6 : 0.2 -0.2 : -5.198398706313
0 6 : 0.2 0.2 : -5.200786347652
0 6 : 0.2 0.6 : -5.129159412869
0 6 : 0.2 1.0 : -4.895534760052
0 6 : 0.6 -1.0 : -5.083082352847
0 6 : 0.6 -0.6 : -5.132630320191
0 6 : 0.6 -0.2 : -5.172244524004
0 6 : 0.6 0.2 : -5.193653097021
0 6 : 0.6 0.6 : -5.181348585769
0 6 : 0.6 1.0 : -5.107432836472
0 6 : 1.0 -1.0 : -5.035205506444
0 6 : 1.0 -0.6 : -5.075337961067
0 6 : 1.0 -0.2 : -5.110038321415
0 6 : 1.0 0.2 : -5.137188228255
0 6 : 1.0 0.6 : -5.152791103808
0 6 : 1.0 1.0 : -5.151639649662
1 2 : -1.0 -1.0 : -5.052538364621
1 2 : -1.0 -0.6 : -5.09706624036
1 2 : -1.0 -0.2 : -5.12160439026
1 2 : -1.0 0.2 : -5.121604648934
1 2 : -1.0 0.6 : -5.097066986007
1 2 : -1.0 1.0 : -5.052539467526
1 2 : -0.6 -1.0 : -5.108482446514
1 2 : -0.6 -0.6 : -5.158233910345
1 2 : -0.6 -0.2 : -5.182980625677
1 2 : -0.6 0.2 : -5.182980836752
1 2 : -0.6 0.6 : -5.158234663713
1 2 : -0.6 1.0 : -5.108483760714
1 2 : -0.2 -1.0 : -5.136722887137
1 2 : -0.2 -0.6 : -5.184357569577
1 2 : -0.2 -0.2 : -5.203685270046
1 2 : -0.2 0.2 : -5.203685327994
1 2 : -0.2 0.6 : -5.184358111362
1 2 : -0.2 1.0 : -5.136724194302
1 2 : 0.2 -1.0 : -5.13672304404
1 2 : 0.2 -0.6 : -5.184357675274
1 2 : 0.2 -0.2 : -5.203685303789
1 2 : 0.2 0.2 : -5.203685361794
1 2 : 0.2 0.6 : -5.184358216921
1 2 : 0.2 1.0 : -5.13672435182
1 2 : 0.6 -1.0 : -5.108482908112
1 2 : 0.6 -0.6 : -5.158234342083
1 2 : 0.6 -0.2 : -5.182980986018
1 2 : 0.6 0.2 : -5.182981198208
1 2 : 0.6 0.6 : -5.158235097335
1 2 : 0.6 1.0 : -5.108484225378
1 2 : 1.0 -1.0 : -5.052538958052
1 2 : 1.0 -0.6 : -5.097066901293
1 2 : 1.0 -0.2 : -5.121605074084
1 2 : 1.0 0.2 : -5.121605333083
1 2 : 1.0 0.6 : -5.097067647066
1 2 : 1.0 1.0 : -5.052540062287
1 3 : -1.0 -1.0 : -5.066889153489
1 3 : -1.0 -0.6 : -5.101175355339
1 3 : -1.0 -0.2 : -5.122059518164
1 3 : -1.0 0.2 : -5.122059830621
1 3 : -1.0 0.6 : -5.10117617305
1 3 : -1.0 1.0 : -5.066889973146
1 3 : -0.6 -1.0 : -5.107075379413
1 3 : -0.6 -0.6 : -5.151523247641
1 3 : -0.6 -0.2 : -5.181623609574
1 3 : -0.6 0.2 : -5.181624067511
1 3 : -0.6 0.6 : -5.15152420202
1 3 : -0.6 1.0 : -5.107076437693
1 3 : -0.2 -1.0 : -5.135922406882
1 3 : -0.2 -0.6 : -5.182390200936
1 3 : -0.2 -0.2 : -5.203247145676
1 3 : -0.2 0.2 : -5.203247269749
1 3 : -0.2 0.6 : -5.182390849922
1 3 : -0.2 1.0 : -5.135923894829
1 3 : 0.2 -1.0 : -5.135922607788
1 3 : 0.2 -0.6 : -5.18239036742
1 3 : 0.2 -0.2 : -5.203247194417
1 3 : 0.2 0.2 : -5.203247315964
1 3 : 0.2 0.6 : -5.182391024335
1 3 : 0.2 1.0 : -5.135924077247
1 3 : 0.6 -1.0 : -5.107075761155
1 3 : 0.6 -0.6 : -5.151523632437
1 3 : 0.6 -0.2 : -5.181623978527
1 3 : 0.6 0.2 : -5.181624388503
1 3 : 0.6 0.6 : -5.151524509477
1 3 : 0.6 1.0 : -5.107076764318
1 3 : 1.0 -1.0 : -5.066889430703
1 3 : 1.0 -0.6 : -5.101175847732
1 3 : 1.0 -0.2 : -5.122060178489
1 3 : 1.0 0.2 : -5.122060473369
1 3 : 1.0 0.6 : -5.101176584711
1 3 : 1.0 1.0 : -5.066890138938
1 4 : -1.0 -1.0 : -5.038809817025
1 4 : -1.0 -0.6 : -5.106491795566
1 4 : -1.0 -0.2 : -5.126775600242
1 4 : -1.0 0.2 : -5.116912648495
1 4 : -1.0 0.6 : -5.088669231621
1 4 : -1.0 1.0 : -5.050019219594
1 4 : -0.6 -1.0 : -5.063059064214
1 4 : -0.6 -0.6 : -5.153472412403
1 4 : -0.6 -0.2 : -5.185100447857
1 4 : -0.6 0.2 : -5.179641812736
1 4 : -0.6 0.6 : -5.15153050929
1 4 : -0.6 1.0 : -5.11033742629
1 4 : -0.2 -1.0 : -5.052078262353
1 4 : -0.2 -0.6 : -5.160114202685
1 4 : -0.2 -0.2 : -5.201706691214
1 4 : -0.2 0.2 : -5.201401960714
1 4 : -0.2 0.6 : -5.175339240531
1 4 : -0.2 1.0 : -5.134108178153
1 4 : 0.2 -1.0 : -5.052078798475
1 4 : 0.2 -0.6 : -5.160114432586
1 4 : 0.2 -0.2 : -5.201706758344
1 4 : 0.2 0.2 : -5.20140195201
1 4 : 0.2 0.6 : -5.175339209059
1 4 : 0.2 1.0 : -5.134108146749
1 4 : 0.6 -1.0 : -5.063060889402
1 4 : 0.6 -0.6 : -5.153473380365
1 4 : 0.6 -0.2 : -5.185100938164
1 4 : 0.6 0.2 : -5.179642061976
1 4 : 0.6 0.6 : -5.151530659447
1 4 : 0.6 1.0 : -5.110337560086
1 4 : 1.0 -1.0 : -5.038812526193
1 4 : 1.0 -0.6 : -5.106493348217
1 4 : 1.0 -0.2 : -5.126776490334
1 4 : 1.0 0.2 : -5.116913190421
1 4 : 1.0 0.6 : -5.088669620326
1 4 : 1.0 1.0 : -5.050019571028
1 5 : -1.0 -1.0 : -5.099005517722
1 5 : -1.0 -0.6 : -5.116093802827
1 5 : -1.0 -0.2 : -5.123841231753
1 5 : -1.0 0.2 : -5.123841333841
1 5 : -1.0 0.6 : -5.11609393408
1 5 : -1.0 1.0 : -5.099005180725
1 5 : -0.6 -1.0 : -5.099541303794
1 5 : -0.6 -0.6 : -5.158928464504
1 5 : -0.6 -0.2 : -5.183185109458
1 5 : -0.6 0.2 : -5.1831849432
1 5 : -0.6 0.6 : -5.158927346749
1 5 : -0.6 1.0 : -5.099537036206
1 5 : -0.2 -1.0 : -4.999880984275
1 5 : -0.2 -0.6 : -5.146229755941
1 5 : -0.2 -0.2 : -5.199750136057
1 5 : -0.2 0.2 : -5.199749909552
1 5 : -0.2 0.6 : -5.146227957389
1 5 : -0.2 1.0 : -4.999872995045
1 5 : 0.2 -1.0 : -4.999876956614
1 5 : 0.2 -0.6 : -5.146228486608
1 5 : 0.2 -0.2 : -5.199749896844
1 5 : 0.2 0.2 : -5.199750127753
1 5 : 0.2 0.6 : -5.146228609369
1 5 : 0.2 1.0 : -4.999874605847
1 5 : 0.6 -1.0 : -5.099537507576
1 5 : 0.6 -0.6 : -5.158927336765
1 5 : 0.6 -0.2 : -5.183185141937
1 5 : 0.6 0.2 : -5.183185530499
1 5 : 0.6 0.6 : -5.158928420788
1 5 : 0.6 1.0 : -5.099539019289
1 5 : 1.0 -1.0 : -5.099005091479
1 5 : 1.0 -0.6 : -5.116094073235
1 5 : 1.0 -0.2 : -5.123841834082
1 5 : 1.0 0.2 : -5.123842071475
1 5 : 1.0 0.6 : -5.116094775038
1 5 : 1.0 1.0 : -5.099006198209
1 6 : -1.0 -1.0 : -5.03520445616
1 6 : -1.0 -0.6 : -5.075337080561
1 6 : -1.0 -0.2 : -5.110037599218
1 6 : -1.0 0.2 : -5.137187693242
1 6 : -1.0 0.6 : -5.152790871927
1 6 : -1.0 1.0 : -5.151639948015
1 6 : -0.6 -1.0 : -5.083081501842
1 6 : -0.6 -0.6 : -5.132629634757
1 6 : -0.6 -0.2 : -5.17224404646
1 6 : -0.6 0.2 : -5.19365299186
1 6 : -0.6 0.6 : -5.181349286147
1 6 : -0.6 1.0 : -5.107435339277
1 6 : -0.2 -1.0 : -5.108521870998
1 6 : -0.2 -0.6 : -5.161765158619
1 6 : -0.2 -0.2 : -5.198398583136
1 6 : -0.2 0.2 : -5.200786489369
1 6 : -0.2 0.6 : -5.129160230537
1 6 : -0.2 1.0 : -4.895537383132
1 6 : 0.2 -1.0 : -5.108522215435
1 6 : 0.2 -0.6 : -5.161765420773
1 6 : 0.2 -0.2 : -5.19839871532
1 6 : 0.2 0.2 : -5.200786337268
1 6 : 0.2 0.6 : -5.129159353035
1 6 : 0.2 1.0 : -4.895534568086
1 6 : 0.6 -1.0 : -5.083082414722
1 6 : 0.6 -0.6 : -5.132630370363
1 6 : 0.6 -0.2 : -5.172244559016
1 6 : 0.6 0.2 : -5.193653104859
1 6 : 0.6 0.6 : -5.181348535444
1 6 : 0.6 1.0 : -5.107432652873
1 6 : 1.0 -1.0 : -5.035205583431
1 6 : 1.0 -0.6 : -5.075338025681
1 6 : 1.0 -0.2 : -5.110038374481
1 6 : 1.0 0.2 : -5.137188267644
1 6 : 1.0 0.6 : -5.152791121
1 6 : 1.0 1.0 : -5.151639627983
2 3 : -1.0 -1.0 : -5.066694459417
2 3 : -1.0 -0.6 : -5.112692120656
2 3 : -1.0 -0.2 : -5.137055608492
2 3 : -1.0 0.2 : -5.137055925224
2 3 : -1.0 0.6 : -5.112693087902
2 3 : -1.0 1.0 : -5.066695945398
2 3 : -0.6 -1.0 : -5.112692063669
2 3 : -0.6 -0.6 : -5.161410952836
2 3 : -0.6 -0.2 : -5.184347951872
2 3 : -0.6 0.2 : -5.184348165499
2 3 : -0.6 0.6 : -5.161411814447
2 3 : -0.6 1.0 : -5.112693675893
2 3 : -0.2 -1.0 : -5.137055496514
2 3 : -0.2 -0.6 : -5.184347914163
2 3 : -0.2 -0.2 : -5.203210074913
2 3 : -0.2 0.2 : -5.203210133597
2 3 : -0.2 0.6 : -5.184348555023
2 3 : -0.2 1.0 : -5.137057080178
2 3 : 0.2 -1.0 : -5.137055757187
2 3 : 0.2 -0.6 : -5.184348090028
2 3 : 0.2 -0.2 : -5.203210123337
2 3 : 0.2 0.2 : -5.203210182015
2 3 : 0.2 0.6 : -5.184348730797
2 3 : 0.2 1.0 : -5.137057340847
2 3 : 0.6 -1.0 : -5.112692859759
2 3 : 0.6 -0.6 : -5.16141166185
2 3 : 0.6 -0.2 : -5.184348479494
2 3 : 0.6 0.2 : -5.184348693025
2 3 : 0.6 0.6 : -5.161412522249
2 3 : 0.6 1.0 : -5.112694471976
2 3 : 1.0 -1.0 : -5.066695682315
2 3 : 1.0 -0.6 : -5.11269344747
2 3 : 1.0 -0.2 : -5.137056911847
2 3 : 1.0 0.2 : -5.137057228579
2 3 : 1.0 0.6 : -5.112694414799
2 3 : 1.0 1.0 : -5.066697168292
2 4 : -1.0 -1.0 : -4.992935715652
2 4 : -1.0 -0.6 : -5.097521796829
2 4 : -1.0 -0.2 : -5.13689356528
2 4 : -1.0 0.2 : -5.135460466496
2 4 : -1.0 0.6 : -5.109185296464
2 4 : -1.0 1.0 : -5.068473479913
2 4 : -0.6 -1.0 : -5.036973348092
2 4 : -0.6 -0.6 : -5.143462394731
2 4 : -0.6 -0.2 : -5.18367121093
2 4 : -0.6 0.2 : -5.182271610211
2 4 : -0.6 0.6 : -5.155422348011
2 4 : -0.6 1.0 : -5.113678526034
2 4 : -0.2 -1.0 : -5.047862833628
2 4 : -0.2 -0.6 : -5.158018227176
2 4 : -0.2 -0.2 : -5.200790459769
2 4 : -0.2 0.2 : -5.201089478921
2 4 : -0.2 0.6 : -5.175265173416
2 4 : -0.2 1.0 : -5.134026417093
2 4 : 0.2 -1.0 : -5.047863019449
2 4 : 0.2 -0.6 : -5.158018299659
2 4 : 0.2 -0.2 : -5.200790489488
2 4 : 0.2 0.2 : -5.201089507223
2 4 : 0.2 0.6 : -5.175265222924
2 4 : 0.2 1.0 : -5.134026500619
2 4 : 0.6 -1.0 : -5.036974677992
2 4 : 0.6 -0.6 : -5.1434632191
2 4 : 0.6 -0.2 : -5.1836717741
2 4 : 0.6 0.2 : -5.182272062739
2 4 : 0.6 0.6 : -5.155422778861
2 4 : 0.6 1.0 : -5.113678985994
2 4 : 1.0 -1.0 : -4.992938844582
2 4 : 1.0 -0.6 : -5.097523881018
2 4 : 1.0 -0.2 : -5.136895047881
2 4 : 1.0 0.2 : -5.135461627846
2 4 : 1.0 0.6 : -5.109186310145
2 4 : 1.0 1.0 : -5.068474449683
2 5 : -1.0 -1.0 : -5.099156020596
2 5 : -1.0 -0.6 : -5.126744295049
2 5 : -1.0 -0.2 : -5.138705510951
2 5 : -1.0 0.2 : -5.138705660183
2 5 : -1.0 0.6 : -5.12674456575
2 5 : -1.0 1.0 : -5.099155857671
2 5 : -0.6 -1.0 : -5.072427325804
2 5 : -0.6 -0.6 : -5.152089785642
2 5 : -0.6 -0.2 : -5.183458952003
2 5 : -0.6 0.2 : -5.183458988779
2 5 : -0.6 0.6 : -5.152089372533
2 5 : -0.6 1.0 : -5.072424521573
2 5 : -0.2 -1.0 : -4.991262070293
2 5 : -0.2 -0.6 : -5.143606789629
2 5 : -0.2 -0.2 : -5.198999967595
2 5 : -0.2 0.2 : -5.198999918058
2 5 : -0.2 0.6 : -5.143605702541
2 5 : -0.2 1.0 : -4.991256031884
2 5 : 0.2 -1.0 : -4.991259115318
2 5 : 0.2 -0.6 : -5.143605976438
2 5 : 0.2 -0.2 : -5.198999881429
2 5 : 0.2 0.2 : -5.198999939538
2 5 : 0.2 0.6 : -5.143605357814
2 5 : 0.2 1.0 : -4.99125451451
2 5 : 0.6 -1.0 : -5.072423642598
2 5 : 0.6 -0.6 : -5.152089009157
2 5 : 0.6 -0.2 : -5.183459271585
2 5 : 0.6 0.2 : -5.18345947375
2 5 : 0.6 0.6 : -5.15208929402
2 5 : 0.6 1.0 : -5.07242282921
2 5 : 1.0 -1.0 : -5.099155432069
2 5 : 1.0 -0.6 : -5.126744969804
2 5 : 1.0 -0.2 : -5.138706724862
2 5 : 1.0 0.2 : -5.138706935858
2 5 : 1.0 0.6 : -5.126745510495
2 5 : 1.0 1.0 : -5.09915604777
2 6 : -1.0 -1.0 : -5.039210454245
2 6 : -1.0 -0.6 : -5.085923820945
2 6 : -1.0 -0.2 : -5.12472821929
2 6 : -1.0 0.2 : -5.15190213166
2 6 : -1.0 0.6 : -5.16064539101
2 6 : -1.0 1.0 : -5.140544471536
2 6 : -0.6 -1.0 : -5.083893414823
2 6 : -0.6 -0.6 : -5.135513832409
2 6 : -0.6 -0.2 : -5.17487923861
2 6 : -0.6 0.2 : -5.191458959499
2 6 : -0.6 0.6 : -5.164033527356
2 6 : -0.6 1.0 : -5.051598468331
2 6 : -0.2 -1.0 : -5.10855640753
2 6 : -0.2 -0.6 : -5.161953181198
2 6 : -0.2 -0.2 : -5.198302213713
2 6 : -0.2 0.2 : -5.199377652659
2 6 : -0.2 0.6 : -5.123750101219
2 6 : -0.2 1.0 : -4.878849332546
2 6 : 0.2 -1.0 : -5.108556806271
2 6 : 0.2 -0.6 : -5.161953526397
2 6 : 0.2 -0.2 : -5.198302405292
2 6 : 0.2 0.2 : -5.199377394445
2 6 : 0.2 0.6 : -5.123748558414
2 6 : 0.2 1.0 : -4.878844185229
2 6 : 0.6 -1.0 : -5.083894556833
2 6 : 0.6 -0.6 : -5.135514871846
2 6 : 0.6 -0.2 : -5.174880010351
2 6 : 0.6 0.2 : -5.191458993111
2 6 : 0.6 0.6 : -5.164031602829
2 6 : 0.6 1.0 : -5.05159162104
2 6 : 1.0 -1.0 : -5.039212179772
2 6 : 1.0 -0.6 : -5.085925424296
2 6 : 1.0 -0.2 : -5.124729667941
2 6 : 1.0 0.2 : -5.151903183897
2 6 : 1.0 0.6 : -5.160645486286
2 6 : 1.0 1.0 : -5.140542448732
3 4 : -1.0 -1.0 : -4.992935378626
3 4 : -1.0 -0.6 : -5.097521572543
3 4 : -1.0 -0.2 : -5.136893405867
3 4 : -1.0 0.2 : -5.135460341812
3 4 : -1.0 0.6 : -5.109185187692
3 4 : -1.0 1.0 : -5.06847337585
3 4 : -0.6 -1.0 : -5.036973204909
3 4 : -0.6 -0.6 : -5.143462306117
3 4 : -0.6 -0.2 : -5.183671150504
3 4 : -0.6 0.2 : -5.182271561743
3 4 : -0.6 0.6 : -5.1554223019
3 4 : -0.6 1.0 : -5.113678476718
3 4 : -0.2 -1.0 : -5.047862813665
3 4 : -0.2 -0.6 : -5.15801821945
3 4 : -0.2 -0.2 : -5.200790456659
3 4 : -0.2 0.2 : -5.201089475962
3 4 : -0.2 0.6 : -5.175265168055
3 4 : -0.2 1.0 : -5.134026408649
3 4 : 0.2 -1.0 : -5.047863039413
3 4 : 0.2 -0.6 : -5.158018307389
3 4 : 0.2 -0.2 : -5.200790492604
3 4 : 0.2 0.2 : -5.201089510187
3 4 : 0.2 0.6 : -5.175265228207
3 4 : 0.2 1.0 : -5.13402650942
3 4 : 0.6 -1.0 : -5.036974821246
3 4 : 0.6 -0.6 : -5.143463307794
3 4 : 0.6 -0.2 : -5.183671834606
3 4 : 0.6 0.2 : -5.182272111294
3 4 : 0.6 0.6 : -5.155422825295
3 4 : 0.6 1.0 : -5.113679035398
3 4 : 1.0 -1.0 : -4.992939181908
3 4 : 1.0 -0.6 : -5.097524105554
3 4 : 1.0 -0.2 : -5.136895207441
3 4 : 1.0 0.2 : -5.13546175283
3 4 : 1.0 0.6 : -5.109186419209
3 4 : 1.0 1.0 : -5.068474554029
3 5 : -1.0 -1.0 : -5.099156084506
3 5 : -1.0 -0.6 : -5.126744222953
3 5 : -1.0 -0.2 : -5.138705380596
3 5 : -1.0 0.2 : -5.138705523161
3 5 : -1.0 0.6 : -5.126744464376
3 5 : -1.0 1.0 : -5.099155837527
3 5 : -0.6 -1.0 : -5.072427723152
3 5 : -0.6 -0.6 : -5.152089869652
3 5 : -0.6 -0.2 : -5.183458917883
3 5 : -0.6 0.2 : -5.183458936781
3 5 : -0.6 0.6 : -5.152089381226
3 5 : -0.6 1.0 : -5.07242470409
3 5 : -0.2 -1.0 : -4.991262388977
3 5 : -0.2 -0.6 : -5.143606877402
3 5 : -0.2 -0.2 : -5.198999976981
3 5 : -0.2 0.2 : -5.198999915834
3 5 : -0.2 0.6 : -5.143605739785
3 5 : -0.2 1.0 : -4.991256195507
3 5 : 0.2 -1.0 : -4.991258796601
3 5 : 0.2 -0.6 : -5.143605888664
3 5 : 0.2 -0.2 : -5.19899987205
3 5 : 0.2 0.2 : -5.198999941764
3 5 : 0.2 0.6 : -5.143605320546
3 5 : 0.2 1.0 : -4.991254350785
3 5 : 0.6 -1.0 : -5.072423245173
3 5 : 0.6 -0.6 : -5.152088925201
3 5 : 0.6 -0.2 : -5.183459305831
3 5 : 0.6 0.2 : -5.183459525788
3 5 : 0.6 0.6 : -5.152089285281
3 5 : 0.6 1.0 : -5.072422646326
3 5 : 1.0 -1.0 : -5.099155368313
3 5 : 1.0 -0.6 : -5.126745042291
3 5 : 1.0 -0.2 : -5.138706855519
3 5 : 1.0 0.2 : -5.138707073168
3 5 : 1.0 0.6 : -5.126745611928
3 5 : 1.0 1.0 : -5.099156067888
3 6 : -1.0 -1.0 : -5.039210268515
3 6 : -1.0 -0.6 : -5.085923648486
3 6 : -1.0 -0.2 : -5.124728063597
3 6 : -1.0 0.2 : -5.151902018934
3 6 : -1.0 0.6 : -5.16064538133
3 6 : -1.0 1.0 : -5.140544690076
3 6 : -0.6 -1.0 : -5.083893291886
3 6 : -0.6 -0.6 : -5.135513720598
3 6 : -0.6 -0.2 : -5.17487915571
3 6 : -0.6 0.2 : -5.191458956181
3 6 : -0.6 0.6 : -5.164033735125
3 6 : -0.6 1.0 : -5.051599206692
3 6 : -0.2 -1.0 : -5.108556364595
3 6 : -0.2 -0.6 : -5.161953144054
3 6 : -0.2 -0.2 : -5.198302193146
3 6 : -0.2 0.2 : -5.199377680598
3 6 : -0.2 0.6 : -5.123750267658
3 6 : -0.2 1.0 : -4.878849887583
3 6 : 0.2 -1.0 : -5.108556849218
3 6 : 0.2 -0.6 : -5.161953563557
3 6 : 0.2 -0.2 : -5.198302425869
3 6 : 0.2 0.2 : -5.199377366504
3 6 : 0.2 0.6 : -5.12374839193
3 6 : 0.2 1.0 : -4.878843630048
3 6 : 0.6 -1.0 : -5.083894679877
3 6 : 0.6 -0.6 : -5.135514983836
3 6 : 0.6 -0.2 : -5.174880093339
3 6 : 0.6 0.2 : -5.191458996486
3 6 : 0.6 0.6 : -5.164031394958
3 6 : 0.6 1.0 : -5.051590882154
3 6 : 1.0 -1.0 : -5.039212365744
3 6 : 1.0 -0.6 : -5.085925597046
3 6 : 1.0 -0.2 : -5.124729823943
3 6 : 1.0 0.2 : -5.151903297238
3 6 : 1.0 0.6 : -5.160645496156
3 6 : 1.0 1.0 : -5.140542230082
4 5 : -1.0 -1.0 : -4.675068186547
4 5 : -1.0 -0.6 : -4.941033236795
4 5 : -1.0 -0.2 : -5.037539355099
4 5 : -1.0 0.2 : -5.03753942918
4 5 : -1.0 0.6 : -4.941031949087
4 5 : -1.0 1.0 : -4.675059155413
4 5 : -0.6 -1.0 : -4.849770520416
4 5 : -0.6 -0.6 : -5.070471479951
4 5 : -0.6 -0.2 : -5.150266211572
4 5 : -0.6 0.2 : -5.150266214948
4 5 : -0.6 0.6 : -5.070470233491
4 5 : -0.6 1.0 : -4.849762705672
4 5 : -0.2 -1.0 : -4.946398788546
4 5 : -0.2 -0.6 : -5.12926274481
4 5 : -0.2 -0.2 : -5.195106226734
4 5 : -0.2 0.2 : -5.195106208107
4 5 : -0.2 0.6 : -5.129261643599
4 5 : -0.2 1.0 : -4.946392170856
4 5 : 0.2 -1.0 : -4.991655822545
4 5 : 0.2 -0.6 : -5.14286812372
4 5 : 0.2 -0.2 : -5.197062852095
4 5 : 0.2 0.2 : -5.1970628394
4 5 : 0.2 0.6 : -5.142867216377
4 5 : 0.2 1.0 : -4.991650323188
4 5 : 0.6 -1.0 : -5.003376567739
4 5 : 0.6 -0.6 : -5.128098478468
4 5 : 0.6 -0.2 : -5.172562918274
4 5 : 0.6 0.2 : -5.172562926375
4 5 : 0.6 0.6 : -5.128097780121
4 5 : 0.6 1.0 : -5.003372081292
4 5 : 1.0 -1.0 : -4.993492677968
4 5 : 1.0 -0.6 : -5.096049611581
4 5 : 1.0 -0.2 : -5.132378875968
4 5 : 1.0 0.2 : -5.132378911641
4 5 : 1.0 0.6 : -5.096049117838
4 5 : 1.0 1.0 : -4.993489090276
4 6 : -1.0 -1.0 : -4.819904875264
4 6 : -1.0 -0.6 : -4.944146770486
4 6 : -1.0 -0.2 : -5.028723088353
4 6 : -1.0 0.2 : -5.044187496582
4 6 : -1.0 0.6 : -4.920724880122
4 6 : -1.0 1.0 : -4.498168419247
4 6 : -0.6 -1.0 : -5.005508369849
4 6 : -0.6 -0.6 : -5.091261907993
4 6 : -0.6 -0.2 : -5.148193286818
4 6 : -0.6 0.2 : -5.151217695217
4 6 : -0.6 0.6 : -5.041558326764
4 6 : -0.6 1.0 : -4.684767328437
4 6 : -0.2 -1.0 : -5.092973437515
4 6 : -0.2 -0.6 : -5.154752824392
4 6 : -0.2 -0.2 : -5.195576966854
4 6 : -0.2 0.2 : -5.194149919213
4 6 : -0.2 0.6 : -5.101069532259
4 6 : -0.2 1.0 : -4.803544652926
4 6 : 0.2 -1.0 : -5.118473617439
4 6 : 0.2 -0.6 : -5.165614977248
4 6 : 0.2 -0.2 : -5.197611223035
4 6 : 0.2 0.2 : -5.19640260836
4 6 : 0.2 0.6 : -5.120518998524
4 6 : 0.2 1.0 : -4.875394798499
4 6 : 0.6 -1.0 : -5.105699395152
4 6 : 0.6 -0.6 : -5.144147425192
4 6 : 0.6 -0.2 : -5.171823881371
4 6 : 0.6 0.2 : -5.17339753096
4 6 : 0.6 0.6 : -5.114088342358
4 6 : 0.6 1.0 : -4.914657067307
4 6 : 1.0 -1.0 : -5.070095038342
4 6 : 1.0 -0.6 : -5.103608860616
4 6 : 1.0 -0.2 : -5.129676884519
4 6 : 1.0 0.2 : -5.135279287393
4 6 : 1.0 0.6 : -5.09126270198
4 6 : 1.0 1.0 : -4.931263500297
5 6 : -1.0 -1.0 : -5.090408976157
5 6 : -1.0 -0.6 : -5.104040547577
5 6 : -1.0 -0.2 : -5.049727057517
5 6 : -1.0 0.2 : -4.844519132499
5 6 : -1.0 0.6 : -4.300341000678
5 6 : -1.0 1.0 : -2.969090739246
5 6 : -0.6 -1.0 : -5.106316269892
5 6 : -0.6 -0.6 : -5.148383473533
5 6 : -0.6 -0.2 : -5.158116799785
5 6 : -0.6 0.2 : -5.097760116692
5 6 : -0.6 0.6 : -4.880847542937
5 6 : -0.6 1.0 : -4.311170051518
5 6 : -0.2 -1.0 : -5.111310065949
5 6 : -0.2 -0.6 : -5.163647231736
5 6 : -0.2 -0.2 : -5.196793243239
5 6 : -0.2 0.2 : -5.1892453781
5 6 : -0.2 0.6 : -5.091642459179
5 6 : -0.2 1.0 : -4.791606500505
5 6 : 0.2 -1.0 : -5.111310376353
5 6 : 0.2 -0.6 : -5.163647396332
5 6 : 0.2 -0.2 : -5.19679326241
5 6 : 0.2 0.2 : -5.18924539828
5 6 : 0.2 0.6 : -5.091643172919
5 6 : 0.2 1.0 : -4.791610281517
5 6 : 0.6 -1.0 : -5.106316984082
5 6 : 0.6 -0.6 : -5.148383575579
5 6 : 0.6 -0.2 : -5.158116138607
5 6 : 0.6 0.2 : -5.097758936423
5 6 : 0.6 0.6 : -4.880847750172
5 6 : 0.6 1.0 : -4.311179042819
5 6 : 1.0 -1.0 : -5.090409263496
5 6 : 1.0 -0.6 : -5.10403897334
5 6 : 1.0 -0.2 : -5.049722699318
5 6 : 1.0 0.2 : -4.844511398336
5 6 : 1.0 0.6 : -4.30033182853
5 6 : 1.0 1.0 : -2.969092316948
