0.0 0.0 0.0 0.0 -5.504066223522
0 : -1.0 : -5.436279158949
0 : -0.6 : -5.482720004317
0 : -0.2 : -5.502428611182
0 : 0.2 : -5.50242861665
0 : 0.6 : -5.48272008435
0 : 1.0 : -5.436279300176
1 : -1.0 : -5.436279336278
1 : -0.6 : -5.482720104871
1 : -0.2 : -5.502428618202
1 : 0.2 : -5.502428609636
1 : 0.6 : -5.48271998388
1 : 1.0 : -5.436279123068
2 : -1.0 : -5.432426949731
2 : -0.6 : -5.473656107597
2 : -0.2 : -5.500050278421
2 : 0.2 : -5.499252198044
2 : 0.6 : -5.451659864368
2 : 1.0 : -5.326313852778
3 : -1.0 : -5.431074290892
3 : -0.6 : -5.470046709091
3 : -0.2 : -5.498856808423
3 : 0.2 : -5.496319206592
3 : 0.6 : -5.391318557532
3 : 1.0 : -4.951744825029
0 1 : -1.0 -1.0 : -5.378912106133
0 1 : -1.0 -0.6 : -5.413059474528
0 1 : -1.0 -0.2 : -5.433564613992
0 1 : -1.0 0.2 : -5.433564571822
0 1 : -1.0 0.6 : -5.413059359712
0 1 : -1.0 1.0 : -5.378911952945
0 1 : -0.6 -1.0 : -5.413059538208
0 1 : -0.6 -0.6 : -5.456168432208
0 1 : -0.6 -0.2 : -5.479831962354
0 1 : -0.6 0.2 : -5.47983192055
0 1 : -0.6 0.6 : -5.456168296213
0 1 : -0.6 1.0 : -5.413059346847
0 1 : -0.2 -1.0 : -5.433564754301
0 1 : -0.2 -0.6 : -5.47983203186
0 1 : -0.2 -0.2 : -5.500523616103
0 1 : -0.2 0.2 : -5.500523600649
0 1 : -0.2 0.6 : -5.479831906446
0 1 : -0.2 1.0 : -5.433564543451
0 1 : 0.2 -1.0 : -5.433564782233
0 1 : 0.2 -0.6 : -5.479832059523
0 1 : 0.2 -0.2 : -5.500523626169
0 1 : 0.2 0.2 : -5.500523610715
0 1 : 0.2 0.6 : -5.479831934109
0 1 : 0.2 1.0 : -5.433564571384
0 1 : 0.6 -1.0 : -5.413059614242
0 1 : 0.6 -0.6 : -5.456168522294
0 1 : 0.6 -0.2 : -5.479832045343
0 1 : 0.6 0.2 : -5.479832003539
0 1 : 0.6 0.6 : -5.456168386299
0 1 : 0.6 1.0 : -5.413059422882
0 1 : 1.0 -1.0 : -5.378912207527
0 1 : 1.0 -0.6 : -5.413059601252
0 1 : 1.0 -0.2 : -5.433564753652
0 1 : 1.0 0.2 : -5.433564711482
0 1 : 1.0 0.6 : -5.413059486436
0 1 : 1.0 1.0 : -5.378912054339
0 2 : -1.0 -1.0 : -5.362435137398
0 2 : -1.0 -0.6 : -5.402378228099
0 2 : -1.0 -0.2 : -5.430095339823
0 2 : -1.0 0.2 : -5.435048185737
0 2 : -1.0 0.6 : -5.400678458945
0 2 : -1.0 1.0 : -5.301141471974
0 2 : -0.6 -1.0 : -5.407443067806
0 2 : -0.6 -0.6 : -5.449044959896
0 2 : -0.6 -0.2 : -5.477127125494
0 2 : -0.6 0.2 : -5.480153064753
0 2 : -0.6 0.6 : -5.439848782055
0 2 : -0.6 1.0 : -5.32743426054
0 2 : -0.2 -1.0 : -5.429900248877
0 2 : -0.2 -0.6 : -5.4713154738
0 2 : -0.2 -0.2 : -5.49810336603
0 2 : -0.2 0.2 : -5.498024441946
0 2 : -0.2 0.6 : -5.451661566075
0 2 : -0.2 1.0 : -5.328350319162
0 2 : 0.2 -1.0 : -5.429900291485
0 2 : 0.2 -0.6 : -5.471315510337
0 2 : 0.2 -0.2 : -5.498103385885
0 2 : 0.2 0.2 : -5.498024427422
0 2 : 0.2 0.6 : -5.451661487941
0 2 : 0.2 1.0 : -5.328350129386
0 2 : 0.6 -1.0 : -5.407443206309
0 2 : 0.6 -0.6 : -5.449045093967
0 2 : 0.6 -0.2 : -5.477127232371
0 2 : 0.6 0.2 : -5.480153105461
0 2 : 0.6 0.6 : -5.439848690708
0 2 : 0.6 1.0 : -5.327433926677
0 2 : 1.0 -1.0 : -5.36243535098
0 2 : 1.0 -0.6 : -5.402378438991
0 2 : 1.0 -0.2 : -5.430095516429
0 2 : 1.0 0.2 : -5.435048274449
0 2 : 1.0 0.6 : -5.400678368918
0 2 : 1.0 1.0 : -5.301141050178
0 3 : -1.0 -1.0 : -5.381010927517
0 3 : -1.0 -0.6 : -5.406327082267
0 3 : -1.0 -0.2 : -5.427623479429
0 3 : -1.0 0.2 : -5.443264772296
0 3 : -1.0 0.6 : -5.450641576521
0 3 : -1.0 1.0 : -5.445876296507
0 3 : -0.6 -1.0 : -5.410620552483
0 3 : -0.6 -0.6 : -5.44464320376
0 3 : -0.6 -0.2 : -5.472664381487
0 3 : -0.6 0.2 : -5.488169351625
0 3 : -0.6 0.6 : -5.474236136789
0 3 : -0.6 1.0 : -5.397184785758
0 3 : -0.2 -1.0 : -5.428657729373
0 3 : -0.2 -0.6 : -5.467102434838
0 3 : -0.2 -0.2 : -5.496146628495
0 3 : -0.2 0.2 : -5.497362442744
0 3 : -0.2 0.6 : -5.411322716891
0 3 : -0.2 1.0 : -5.057631799214
0 3 : 0.2 -1.0 : -5.428657740962
0 3 : 0.2 -0.6 : -5.467102459162
0 3 : 0.2 -0.2 : -5.496146651182
0 3 : 0.2 0.2 : -5.49736240481
0 3 : 0.2 0.6 : -5.411322383602
0 3 : 0.2 1.0 : -5.057630226267
0 3 : 0.6 -1.0 : -5.41062057785
0 3 : 0.6 -0.6 : -5.444643268511
0 3 : 0.6 -0.2 : -5.472664468096
0 3 : 0.6 0.2 : -5.488169401057
0 3 : 0.6 0.6 : -5.474235972589
0 3 : 0.6 1.0 : -5.3971839475
0 3 : 1.0 -1.0 : -5.381010945705
0 3 : 1.0 -0.6 : -5.406327159513
0 3 : 1.0 -0.2 : -5.427623604422
0 3 : 1.0 0.2 : -5.443264924822
0 3 : 1.0 0.6 : -5.450641717238
0 3 : 1.0 1.0 : -5.445876357332
1 2 : -1.0 -1.0 : -5.362435405037
1 2 : -1.0 -0.6 : -5.402378492423
1 2 : -1.0 -0.2 : -5.430095561344
1 2 : -1.0 0.2 : -5.435048297458
1 2 : -1.0 0.6 : -5.400678347335
1 2 : -1.0 1.0 : -5.301140945795
1 2 : -0.6 -1.0 : -5.407443241335
1 2 : -0.6 -0.6 : -5.44904512792
1 2 : -0.6 -0.2 : -5.477127259574
1 2 : -0.6 0.2 : -5.480153116186
1 2 : -0.6 0.6 : -5.439848668517
1 2 : -0.6 1.0 : -5.327433844013
1 2 : -0.2 -1.0 : -5.429900302262
1 2 : -0.2 -0.6 : -5.471315519613
1 2 : -0.2 -0.2 : -5.498103391016
1 2 : -0.2 0.2 : -5.498024423998
1 2 : -0.2 0.6 : -5.451661468676
1 2 : -0.2 1.0 : -5.328350082311
1 2 : 0.2 -1.0 : -5.429900238108
1 2 : 0.2 -0.6 : -5.471315464532
1 2 : 0.2 -0.2 : -5.498103360906
1 2 : 0.2 0.2 : -5.498024445375
1 2 : 0.2 0.6 : -5.45166158534
1 2 : 0.2 1.0 : -5.328350366231
1 2 : 0.6 -1.0 : -5.407443032865
1 2 : 0.6 -0.6 : -5.449044926029
1 2 : 0.6 -0.2 : -5.477127098377
1 2 : 0.6 0.2 : -5.480153054107
1 2 : 0.6 0.6 : -5.439848804311
1 2 : 0.6 1.0 : -5.327434343239
1 2 : 1.0 -1.0 : -5.362435083553
1 2 : 1.0 -0.6 : -5.402378174888
1 2 : 1.0 -0.2 : -5.430095295131
1 2 : 1.0 0.2 : -5.435048162943
1 2 : 1.0 0.6 : -5.400678480718
1 2 : 1.0 1.0 : -5.301141576488
1 3 : -1.0 -1.0 : -5.381010950699
1 3 : -1.0 -0.6 : -5.406327179417
1 3 : -1.0 -0.2 : -5.4276236364
1 3 : -1.0 0.2 : -5.443264963813
1 3 : -1.0 0.6 : -5.450641753409
1 3 : -1.0 1.0 : -5.445876373672
1 3 : -0.6 -1.0 : -5.410620584475
1 3 : -0.6 -0.6 : -5.444643285071
1 3 : -0.6 -0.2 : -5.472664490209
1 3 : -0.6 0.2 : -5.488169413991
1 3 : -0.6 0.6 : -5.474235932322
1 3 : -0.6 1.0 : -5.397183739134
1 3 : -0.2 -1.0 : -5.42865774395
1 3 : -0.2 -0.6 : -5.467102465363
1 3 : -0.2 -0.2 : -5.496146657009
1 3 : -0.2 0.2 : -5.497362395559
1 3 : -0.2 0.6 : -5.411322300752
1 3 : -0.2 1.0 : -5.057629834336
1 3 : 0.2 -1.0 : -5.428657726393
1 3 : 0.2 -0.6 : -5.467102428646
1 3 : 0.2 -0.2 : -5.496146622676
1 3 : 0.2 0.2 : -5.497362451993
1 3 : 0.2 0.6 : -5.411322799683
1 3 : 0.2 1.0 : -5.057632190841
1 3 : 0.6 -1.0 : -5.41062054592
1 3 : 0.6 -0.6 : -5.444643187278
1 3 : 0.6 -0.2 : -5.472664359461
1 3 : 0.6 0.2 : -5.488169338757
1 3 : 0.6 0.6 : -5.474236177003
1 3 : 0.6 1.0 : -5.397184993674
1 3 : 1.0 -1.0 : -5.381010922653
1 3 : 1.0 -0.6 : -5.406327062533
1 3 : 1.0 -0.2 : -5.427623447659
1 3 : 1.0 0.2 : -5.443264733536
1 3 : 1.0 0.6 : -5.450641540573
1 3 : 1.0 1.0 : -5.445876280318
2 3 : -1.0 -1.0 : -5.390264654216
2 3 : -1.0 -0.6 : -5.409909003199
2 3 : -1.0 -0.2 : -5.427429228875
2 3 : -1.0 0.2 : -5.431162423203
2 3 : -1.0 0.6 : -5.382302086235
2 3 : -1.0 1.0 : -5.154163531595
2 3 : -0.6 -1.0 : -5.424899624711
2 3 : -0.6 -0.6 : -5.44930311296
2 3 : -0.6 -0.2 : -5.469190886302
2 3 : -0.6 0.2 : -5.469708541964
2 3 : -0.6 0.6 : -5.401425513645
2 3 : -0.6 1.0 : -5.102913813842
2 3 : -0.2 -1.0 : -5.437802261264
2 3 : -0.2 -0.6 : -5.470565692216
2 3 : -0.2 -0.2 : -5.495401427877
2 3 : -0.2 0.2 : -5.493469391498
2 3 : -0.2 0.6 : -5.401773738765
2 3 : -0.2 1.0 : -5.01466653718
2 3 : 0.2 -1.0 : -5.411789376371
2 3 : 0.2 -0.6 : -5.458826946997
2 3 : 0.2 -0.2 : -5.493016118398
2 3 : 0.2 0.2 : -5.490548447278
2 3 : 0.2 0.6 : -5.371158100889
2 3 : 0.2 1.0 : -4.87284422492
2 3 : 0.6 -1.0 : -5.319565015554
2 3 : 0.6 -0.6 : -5.390431074044
2 3 : 0.6 -0.2 : -5.441303466653
2 3 : 0.6 0.2 : -5.442172369507
2 3 : 0.6 0.6 : -5.290874058123
2 3 : 0.6 1.0 : -4.653364923795
2 3 : 1.0 -1.0 : -5.117987719282
2 3 : 1.0 -0.6 : -5.227962158197
2 3 : 1.0 -0.2 : -5.307462933017
2 3 : 1.0 0.2 : -5.318809351679
2 3 : 1.0 0.6 : -5.132133685752
2 3 : 1.0 1.0 : -4.32083870849
