# header
0.0 0.0 0.0 0.0 0.0 0.0 0.0 0.0 0.0 -12.617253973677
-1.0 0.0 0.0 0.0 0.0 0.0 0.0 0.0 0.0 -12.58599452723
-0.6 0.0 0.0 0.0 0.0 0.0 0.0 0.0 0.0 -12.607486742608
-0.2 0.0 0.0 0.0 0.0 0.0 0.0 0.0 0.0 -12.616289392715
0.2 0.0 0.0 0.0 0.0 0.0 0.0 0.0 0.0 -12.616378969371
0.6 0.0 0.0 0.0 0.0 0.0 0.0 0.0 0.0 -12.609990939424
1.0 0.0 0.0 0.0 0.0 0.0 0.0 0.0 0.0 -12.598424409599
0.0 -1.0 0.0 0.0 0.0 0.0 0.0 0.0 0.0 -12.560410592428
0.0 -0.6 0.0 0.0 0.0 0.0 0.0 0.0 0.0 -12.597875525826
0.0 -0.2 0.0 0.0 0.0 0.0 0.0 0.0 0.0 -12.615207285907
0.0 0.2 0.0 0.0 0.0 0.0 0.0 0.0 0.0 -12.615207287357
0.0 0.6 0.0 0.0 0.0 0.0 0.0 0.0 0.0 -12.5978755699
0.0 1.0 0.0 0.0 0.0 0.0 0.0 0.0 0.0 -12.560410811028
0.0 0.0 -1.0 0.0 0.0 0.0 0.0 0.0 0.0 -12.55600965957
0.0 0.0 -0.6 0.0 0.0 0.0 0.0 0.0 0.0 -12.597640551613
0.0 0.0 -0.2 0.0 0.0 0.0 0.0 0.0 0.0 -12.615204127377
0.0 0.0 0.2 0.0 0.0 0.0 0.0 0.0 0.0 -12.615204194623
0.0 0.0 0.6 0.0 0.0 0.0 0.0 0.0 0.0 -12.597642467027
0.0 0.0 1.0 0.0 0.0 0.0 0.0 0.0 0.0 -12.556019495746
0.0 0.0 0.0 -1.0 0.0 0.0 0.0 0.0 0.0 -12.545180435761
0.0 0.0 0.0 -0.6 0.0 0.0 0.0 0.0 0.0 -12.594563570458
0.0 0.0 0.0 -0.2 0.0 0.0 0.0 0.0 0.0 -12.61505272527
0.0 0.0 0.0 0.2 0.0 0.0 0.0 0.0 0.0 -12.615330673706
0.0 0.0 0.0 0.6 0.0 0.0 0.0 0.0 0.0 -12.602106571941
0.0 0.0 0.0 1.0 0.0 0.0 0.0 0.0 0.0 -12.580333687471
0.0 0.0 0.0 0.0 -1.0 0.0 0.0 0.0 0.0 -12.553630922141
0.0 0.0 0.0 0.0 -0.6 0.0 0.0 0.0 0.0 -12.595349549779
0.0 0.0 0.0 0.0 -0.2 0.0 0.0 0.0 0.0 -12.614932314021
0.0 0.0 0.0 0.0 0.2 0.0 0.0 0.0 0.0 -12.614932321022
0.0 0.0 0.0 0.0 0.6 0.0 0.0 0.0 0.0 -12.595349710414
0.0 0.0 0.0 0.0 1.0 0.0 0.0 0.0 0.0 -12.55363148046
0.0 0.0 0.0 0.0 0.0 -1.0 0.0 0.0 0.0 -12.547775663919
0.0 0.0 0.0 0.0 0.0 -0.6 0.0 0.0 0.0 -12.593396593441
0.0 0.0 0.0 0.0 0.0 -0.2 0.0 0.0 0.0 -12.614733041006
0.0 0.0 0.0 0.0 0.0 0.2 0.0 0.0 0.0 -12.614733039968
0.0 0.0 0.0 0.0 0.0 0.6 0.0 0.0 0.0 -12.593396538312
0.0 0.0 0.0 0.0 0.0 1.0 0.0 0.0 0.0 -12.547775262661
0.0 0.0 0.0 0.0 0.0 0.0 -1.0 0.0 0.0 -12.558669509272
0.0 0.0 0.0 0.0 0.0 0.0 -0.6 0.0 0.0 -12.595392169411
0.0 0.0 0.0 0.0 0.0 0.0 -0.2 0.0 0.0 -12.614680200046
0.0 0.0 0.0 0.0 0.0 0.0 0.2 0.0 0.0 -12.61441455406
0.0 0.0 0.0 0.0 0.0 0.0 0.6 0.0 0.0 -12.588685411755
0.0 0.0 0.0 0.0 0.0 0.0 1.0 0.0 0.0 -12.532107798655
0.0 0.0 0.0 0.0 0.0 0.0 0.0 -1.0 0.0 -12.544801420793
0.0 0.0 0.0 0.0 0.0 0.0 0.0 -0.6 0.0 -12.584149885398
0.0 0.0 0.0 0.0 0.0 0.0 0.0 -0.2 0.0 -12.612438369332
0.0 0.0 0.0 0.0 0.0 0.0 0.0 0.2 0.0 -12.610699900889
0.0 0.0 0.0 0.0 0.0 0.0 0.0 0.6 0.0 -12.533545717733
0.0 0.0 0.0 0.0 0.0 0.0 0.0 1.0 0.0 -12.272424764103
0.0 0.0 0.0 0.0 0.0 0.0 0.0 0.0 -1.0 -12.402447355305
0.0 0.0 0.0 0.0 0.0 0.0 0.0 0.0 -0.6 -12.558229390175
0.0 0.0 0.0 0.0 0.0 0.0 0.0 0.0 -0.2 -12.611561969394
0.0 0.0 0.0 0.0 0.0 0.0 0.0 0.0 0.2 -12.611546546437
0.0 0.0 0.0 0.0 0.0 0.0 0.0 0.0 0.6 -12.557752717105
0.0 0.0 0.0 0.0 0.0 0.0 0.0 0.0 1.0 -12.399587541461
-1.0 -1.0 0.0 0.0 0.0 0.0 0.0 0.0 0.0 -12.526510562185
-1.0 -0.6 0.0 0.0 0.0 0.0 0.0 0.0 0.0 -12.565798988031
-1.0 -0.2 0.0 0.0 0.0 0.0 0.0 0.0 0.0 -12.583864330933
-1.0 0.2 0.0 0.0 0.0 0.0 0.0 0.0 0.0 -12.583864344208
-1.0 0.6 0.0 0.0 0.0 0.0 0.0 0.0 0.0 -12.565799073414
-1.0 1.0 0.0 0.0 0.0 0.0 0.0 0.0 0.0 -12.526510905266
-0.6 -1.0 0.0 0.0 0.0 0.0 0.0 0.0 0.0 -12.548472649191
-0.6 -0.6 0.0 0.0 0.0 0.0 0.0 0.0 0.0 -12.587394942858
-0.6 -0.2 0.0 0.0 0.0 0.0 0.0 0.0 0.0 -12.605364620001
-0.6 0.2 0.0 0.0 0.0 0.0 0.0 0.0 0.0 -12.605364617192
-0.6 0.6 0.0 0.0 0.0 0.0 0.0 0.0 0.0 -12.58739497978
-0.6 1.0 0.0 0.0 0.0 0.0 0.0 0.0 0.0 -12.548472895599
-0.2 -1.0 0.0 0.0 0.0 0.0 0.0 0.0 0.0 -12.558536590257
-0.2 -0.6 0.0 0.0 0.0 0.0 0.0 0.0 0.0 -12.596600311823
-0.2 -0.2 0.0 0.0 0.0 0.0 0.0 0.0 0.0 -12.614209168112
-0.2 0.2 0.0 0.0 0.0 0.0 0.0 0.0 0.0 -12.614209166774
-0.2 0.6 0.0 0.0 0.0 0.0 0.0 0.0 0.0 -12.596600350021
-0.2 1.0 0.0 0.0 0.0 0.0 0.0 0.0 0.0 -12.558536813945
0.2 -1.0 0.0 0.0 0.0 0.0 0.0 0.0 0.0 -12.560610760599
0.2 -0.6 0.0 0.0 0.0 0.0 0.0 0.0 0.0 -12.597378298636
0.2 -0.2 0.0 0.0 0.0 0.0 0.0 0.0 0.0 -12.614373673746
0.2 0.2 0.0 0.0 0.0 0.0 0.0 0.0 0.0 -12.614373678268
0.2 0.6 0.0 0.0 0.0 0.0 0.0 0.0 0.0 -12.597378348953
0.2 1.0 0.0 0.0 0.0 0.0 0.0 0.0 0.0 -12.560610973652
0.6 -1.0 0.0 0.0 0.0 0.0 0.0 0.0 0.0 -12.556788904938
0.6 -0.6 0.0 0.0 0.0 0.0 0.0 0.0 0.0 -12.591920890359
0.6 -0.2 0.0 0.0 0.0 0.0 0.0 0.0 0.0 -12.608089270089
0.6 0.2 0.0 0.0 0.0 0.0 0.0 0.0 0.0 -12.608089280931
0.6 0.6 0.0 0.0 0.0 0.0 0.0 0.0 0.0 -12.591920952728
0.6 1.0 0.0 0.0 0.0 0.0 0.0 0.0 0.0 -12.556789104818
1.0 -1.0 0.0 0.0 0.0 0.0 0.0 0.0 0.0 -12.548189804151
1.0 -0.6 0.0 0.0 0.0 0.0 0.0 0.0 0.0 -12.581465040613
1.0 -0.2 0.0 0.0 0.0 0.0 0.0 0.0 0.0 -12.59664839223
1.0 0.2 0.0 0.0 0.0 0.0 0.0 0.0 0.0 -12.59664841061
1.0 0.6 0.0 0.0 0.0 0.0 0.0 0.0 0.0 -12.581465118339
1.0 1.0 0.0 0.0 0.0 0.0 0.0 0.0 0.0 -12.548189997645
-1.0 0.0 -1.0 0.0 0.0 0.0 0.0 0.0 0.0 -12.535256049189
-1.0 0.0 -0.6 0.0 0.0 0.0 0.0 0.0 0.0 -12.56877486788
-1.0 0.0 -0.2 0.0 0.0 0.0 0.0 0.0 0.0 -12.584138460351
-1.0 0.0 0.2 0.0 0.0 0.0 0.0 0.0 0.0 -12.584138265894
-1.0 0.0 0.6 0.0 0.0 0.0 0.0 0.0 0.0 -12.568775707423
-1.0 0.0 1.0 0.0 0.0 0.0 0.0 0.0 0.0 -12.535262618069
-0.6 0.0 -1.0 0.0 0.0 0.0 0.0 0.0 0.0 -12.5504653716
-0.6 0.0 -0.6 0.0 0.0 0.0 0.0 0.0 0.0 -12.588631368448
-0.6 0.0 -0.2 0.0 0.0 0.0 0.0 0.0 0.0 -12.605482417458
-0.6 0.0 0.2 0.0 0.0 0.0 0.0 0.0 0.0 -12.605482255012
-0.6 0.0 0.6 0.0 0.0 0.0 0.0 0.0 0.0 -12.588632462527
-0.6 0.0 1.0 0.0 0.0 0.0 0.0 0.0 0.0 -12.550473131033
-0.2 0.0 -1.0 0.0 0.0 0.0 0.0 0.0 0.0 -12.555551468576
-0.2 0.0 -0.6 0.0 0.0 0.0 0.0 0.0 0.0 -12.596644169423
-0.2 0.0 -0.2 0.0 0.0 0.0 0.0 0.0 0.0 -12.614225443488
-0.2 0.0 0.2 0.0 0.0 0.0 0.0 0.0 0.0 -12.614225424221
-0.2 0.0 0.6 0.0 0.0 0.0 0.0 0.0 0.0 -12.596645800571
-0.2 0.0 1.0 0.0 0.0 0.0 0.0 0.0 0.0 -12.555560678061
0.2 0.0 -1.0 0.0 0.0 0.0 0.0 0.0 0.0 -12.555633198372
0.2 0.0 -0.6 0.0 0.0 0.0 0.0 0.0 0.0 -12.59710542404
0.2 0.0 -0.2 0.0 0.0 0.0 0.0 0.0 0.0 -12.614374517628
0.2 0.0 0.2 0.0 0.0 0.0 0.0 0.0 0.0 -12.61437467009
0.2 0.0 0.6 0.0 0.0 0.0 0.0 0.0 0.0 -12.59710759758
0.2 0.0 1.0 0.0 0.0 0.0 0.0 0.0 0.0 -12.555643520042
0.6 0.0 -1.0 0.0 0.0 0.0 0.0 0.0 0.0 -12.553214615678
0.6 0.0 -0.6 0.0 0.0 0.0 0.0 0.0 0.0 -12.592285488874
0.6 0.0 -0.2 0.0 0.0 0.0 0.0 0.0 0.0 -12.60816646622
0.6 0.0 0.2 0.0 0.0 0.0 0.0 0.0 0.0 -12.608166760673
0.6 0.0 0.6 0.0 0.0 0.0 0.0 0.0 0.0 -12.592288025643
0.6 0.0 1.0 0.0 0.0 0.0 0.0 0.0 0.0 -12.553225351397
1.0 0.0 -1.0 0.0 0.0 0.0 0.0 0.0 0.0 -12.548986436407
1.0 0.0 -0.6 0.0 0.0 0.0 0.0 0.0 0.0 -12.583265604488
1.0 0.0 -0.2 0.0 0.0 0.0 0.0 0.0 0.0 -12.596876900643
1.0 0.0 0.2 0.0 0.0 0.0 0.0 0.0 0.0 -12.596877273206
1.0 0.0 0.6 0.0 0.0 0.0 0.0 0.0 0.0 -12.583268233008
1.0 0.0 1.0 0.0 0.0 0.0 0.0 0.0 0.0 -12.548996773088
-1.0 0.0 0.0 -1.0 0.0 0.0 0.0 0.0 0.0 -12.487844841831
-1.0 0.0 0.0 -0.6 0.0 0.0 0.0 0.0 0.0 -12.555649134652
-1.0 0.0 0.0 -0.2 0.0 0.0 0.0 0.0 0.0 -12.582694695091
-1.0 0.0 0.0 0.2 0.0 0.0 0.0 0.0 0.0 -12.584428524644
-1.0 0.0 0.0 0.6 0.0 0.0 0.0 0.0 0.0 -12.570916174983
-1.0 0.0 0.0 1.0 0.0 0.0 0.0 0.0 0.0 -12.548644505489
-0.6 0.0 0.0 -1.0 0.0 0.0 0.0 0.0 0.0 -12.519144319511
-0.6 0.0 0.0 -0.6 0.0 0.0 0.0 0.0 0.0 -12.580412382798
-0.6 0.0 0.0 -0.2 0.0 0.0 0.0 0.0 0.0 -12.604850571657
-0.6 0.0 0.0 0.2 0.0 0.0 0.0 0.0 0.0 -12.605444932767
-0.6 0.0 0.0 0.6 0.0 0.0 0.0 0.0 0.0 -12.591173981502
-0.6 0.0 0.0 1.0 0.0 0.0 0.0 0.0 0.0 -12.568101275052
-0.2 0.0 0.0 -1.0 0.0 0.0 0.0 0.0 0.0 -12.538532867751
-0.2 0.0 0.0 -0.6 0.0 0.0 0.0 0.0 0.0 -12.592080999519
-0.2 0.0 0.0 -0.2 0.0 0.0 0.0 0.0 0.0 -12.613960334832
-0.2 0.0 0.0 0.2 0.0 0.0 0.0 0.0 0.0 -12.614278961556
-0.2 0.0 0.0 0.6 0.0 0.0 0.0 0.0 0.0 -12.600542418807
-0.2 0.0 0.0 1.0 0.0 0.0 0.0 0.0 0.0 -12.578118121226
0.2 0.0 0.0 -1.0 0.0 0.0 0.0 0.0 0.0 -12.550100043655
0.2 0.0 0.0 -0.6 0.0 0.0 0.0 0.0 0.0 -12.595269815628
0.2 0.0 0.0 -0.2 0.0 0.0 0.0 0.0 0.0 -12.614309435029
0.2 0.0 0.0 0.2 0.0 0.0 0.0 0.0 0.0 -12.614559436861
0.2 0.0 0.0 0.6 0.0 0.0 0.0 0.0 0.0 -12.601936292291
0.2 0.0 0.0 1.0 0.0 0.0 0.0 0.0 0.0 -12.580957064963
0.6 0.0 0.0 -1.0 0.0 0.0 0.0 0.0 0.0 -12.554967000326
0.6 0.0 0.0 -0.6 0.0 0.0 0.0 0.0 0.0 -12.592061232778
0.6 0.0 0.0 -0.2 0.0 0.0 0.0 0.0 0.0 -12.608192158897
0.6 0.0 0.0 0.2 0.0 0.0 0.0 0.0 0.0 -12.608399686649
0.6 0.0 0.0 0.6 0.0 0.0 0.0 0.0 0.0 -12.597127705393
0.6 0.0 0.0 1.0 0.0 0.0 0.0 0.0 0.0 -12.578016113449
1.0 0.0 0.0 -1.0 0.0 0.0 0.0 0.0 0.0 -12.553180334378
1.0 0.0 0.0 -0.6 0.0 0.0 0.0 0.0 0.0 -12.583321950431
1.0 0.0 0.0 -0.2 0.0 0.0 0.0 0.0 0.0 -12.596849518947
1.0 0.0 0.0 0.2 0.0 0.0 0.0 0.0 0.0 -12.597095581254
1.0 0.0 0.0 0.6 0.0 0.0 0.0 0.0 0.0 -12.587285646014
1.0 0.0 0.0 1.0 0.0 0.0 0.0 0.0 0.0 -12.570256080312
-1.0 0.0 0.0 0.0 -1.0 0.0 0.0 0.0 0.0 -12.533817902364
-1.0 0.0 0.0 0.0 -0.6 0.0 0.0 0.0 0.0 -12.568406320806
-1.0 0.0 0.0 0.0 -0.2 0.0 0.0 0.0 0.0 -12.584162403863
-1.0 0.0 0.0 0.0 0.2 0.0 0.0 0.0 0.0 -12.58416239547
-1.0 0.0 0.0 0.0 0.6 0.0 0.0 0.0 0.0 -12.568406412475
-1.0 0.0 0.0 0.0 1.0 0.0 0.0 0.0 0.0 -12.533818296546
-0.6 0.0 0.0 0.0 -1.0 0.0 0.0 0.0 0.0 -12.550916947559
-0.6 0.0 0.0 0.0 -0.6 0.0 0.0 0.0 0.0 -12.588221864169
-0.6 0.0 0.0 0.0 -0.2 0.0 0.0 0.0 0.0 -12.605463209857
-0.6 0.0 0.0 0.0 0.2 0.0 0.0 0.0 0.0 -12.605463199492
-0.6 0.0 0.0 0.0 0.6 0.0 0.0 0.0 0.0 -12.58822195931
-0.6 0.0 0.0 0.0 1.0 0.0 0.0 0.0 0.0 -12.550917367739
-0.2 0.0 0.0 0.0 -1.0 0.0 0.0 0.0 0.0 -12.55502797923
-0.2 0.0 0.0 0.0 -0.6 0.0 0.0 0.0 0.0 -12.59526206286
-0.2 0.0 0.0 0.0 -0.2 0.0 0.0 0.0 0.0 -12.614066382265
-0.2 0.0 0.0 0.0 0.2 0.0 0.0 0.0 0.0 -12.614066381764
-0.2 0.0 0.0 0.0 0.6 0.0 0.0 0.0 0.0 -12.595262196707
-0.2 0.0 0.0 0.0 1.0 0.0 0.0 0.0 0.0 -12.555028483729
0.2 0.0 0.0 0.0 -1.0 0.0 0.0 0.0 0.0 -12.55043869821
0.2 0.0 0.0 0.0 -0.6 0.0 0.0 0.0 0.0 -12.593620550671
0.2 0.0 0.0 0.0 -0.2 0.0 0.0 0.0 0.0 -12.613961671074
0.2 0.0 0.0 0.0 0.2 0.0 0.0 0.0 0.0 -12.61396168676
0.2 0.0 0.0 0.0 0.6 0.0 0.0 0.0 0.0 -12.593620741388
0.2 0.0 0.0 0.0 1.0 0.0 0.0 0.0 0.0 -12.55043931506
0.6 0.0 0.0 0.0 -1.0 0.0 0.0 0.0 0.0 -12.539714983469
0.6 0.0 0.0 0.0 -0.6 0.0 0.0 0.0 0.0 -12.585653653937
0.6 0.0 0.0 0.0 -0.2 0.0 0.0 0.0 0.0 -12.607398035123
0.6 0.0 0.0 0.0 0.2 0.0 0.0 0.0 0.0 -12.607398071006
0.6 0.0 0.0 0.0 0.6 0.0 0.0 0.0 0.0 -12.585653912361
0.6 0.0 0.0 0.0 1.0 0.0 0.0 0.0 0.0 -12.539715726864
1.0 0.0 0.0 0.0 -1.0 0.0 0.0 0.0 0.0 -12.524467455717
1.0 0.0 0.0 0.0 -0.6 0.0 0.0 0.0 0.0 -12.572771126904
1.0 0.0 0.0 0.0 -0.2 0.0 0.0 0.0 0.0 -12.595686752788
1.0 0.0 0.0 0.0 0.2 0.0 0.0 0.0 0.0 -12.595686812057
1.0 0.0 0.0 0.0 0.6 0.0 0.0 0.0 0.0 -12.572771461212
1.0 0.0 0.0 0.0 1.0 0.0 0.0 0.0 0.0 -12.524468334338
-1.0 0.0 0.0 0.0 0.0 -1.0 0.0 0.0 0.0 -12.523976578914
-1.0 0.0 0.0 0.0 0.0 -0.6 0.0 0.0 0.0 -12.564966808327
-1.0 0.0 0.0 0.0 0.0 -0.2 0.0 0.0 0.0 -12.583795778845
-1.0 0.0 0.0 0.0 0.0 0.2 0.0 0.0 0.0 -12.583795871605
-1.0 0.0 0.0 0.0 0.0 0.6 0.0 0.0 0.0 -12.564967147243
-1.0 0.0 0.0 0.0 0.0 1.0 0.0 0.0 0.0 -12.523977114844
-0.6 0.0 0.0 0.0 0.0 -1.0 0.0 0.0 0.0 -12.542466885933
-0.6 0.0 0.0 0.0 0.0 -0.6 0.0 0.0 0.0 -12.585310633954
-0.6 0.0 0.0 0.0 0.0 -0.2 0.0 0.0 0.0 -12.605156614226
-0.6 0.0 0.0 0.0 0.0 0.2 0.0 0.0 0.0 -12.60515667461
-0.6 0.0 0.0 0.0 0.0 0.6 0.0 0.0 0.0 -12.585310830851
-0.6 0.0 0.0 0.0 0.0 1.0 0.0 0.0 0.0 -12.542467075991
-0.2 0.0 0.0 0.0 0.0 -1.0 0.0 0.0 0.0 -12.548250231725
-0.2 0.0 0.0 0.0 0.0 -0.6 0.0 0.0 0.0 -12.592972393888
-0.2 0.0 0.0 0.0 0.0 -0.2 0.0 0.0 0.0 -12.613829635694
-0.2 0.0 0.0 0.0 0.0 0.2 0.0 0.0 0.0 -12.613829653155
-0.2 0.0 0.0 0.0 0.0 0.6 0.0 0.0 0.0 -12.592972416156
-0.2 0.0 0.0 0.0 0.0 1.0 0.0 0.0 0.0 -12.548250015154
0.2 0.0 0.0 0.0 0.0 -1.0 0.0 0.0 0.0 -12.545552391246
0.2 0.0 0.0 0.0 0.0 -0.6 0.0 0.0 0.0 -12.59201697787
0.2 0.0 0.0 0.0 0.0 -0.2 0.0 0.0 0.0 -12.613801021169
0.2 0.0 0.0 0.0 0.0 0.2 0.0 0.0 0.0 -12.613801006398
0.2 0.0 0.0 0.0 0.0 0.6 0.0 0.0 0.0 -12.592016861085
0.2 0.0 0.0 0.0 0.0 1.0 0.0 0.0 0.0 -12.545551835368
0.6 0.0 0.0 0.0 0.0 -1.0 0.0 0.0 0.0 -12.536861071453
0.6 0.0 0.0 0.0 0.0 -0.6 0.0 0.0 0.0 -12.584770341974
0.6 0.0 0.0 0.0 0.0 -0.2 0.0 0.0 0.0 -12.60731622221
0.6 0.0 0.0 0.0 0.0 0.2 0.0 0.0 0.0 -12.607316200112
0.6 0.0 0.0 0.0 0.0 0.6 0.0 0.0 0.0 -12.584770168569
0.6 0.0 0.0 0.0 0.0 1.0 0.0 0.0 0.0 -12.536860335449
1.0 0.0 0.0 0.0 0.0 -1.0 0.0 0.0 0.0 -12.523676575097
1.0 0.0 0.0 0.0 0.0 -0.6 0.0 0.0 0.0 -12.572603799953
1.0 0.0 0.0 0.0 0.0 -0.2 0.0 0.0 0.0 -12.595682318316
1.0 0.0 0.0 0.0 0.0 0.2 0.0 0.0 0.0 -12.595682321276
1.0 0.0 0.0 0.0 0.0 0.6 0.0 0.0 0.0 -12.572603677814
1.0 0.0 0.0 0.0 0.0 1.0 0.0 0.0 0.0 -12.523675870827
-1.0 0.0 0.0 0.0 0.0 0.0 -1.0 0.0 0.0 -12.525160130571
-1.0 0.0 0.0 0.0 0.0 0.0 -0.6 0.0 0.0 -12.563559118625
-1.0 0.0 0.0 0.0 0.0 0.0 -0.2 0.0 0.0 -12.583432660132
-1.0 0.0 0.0 0.0 0.0 0.0 0.2 0.0 0.0 -12.583020014544
-1.0 0.0 0.0 0.0 0.0 0.0 0.6 0.0 0.0 -12.556622271202
-1.0 0.0 0.0 0.0 0.0 0.0 1.0 0.0 0.0 -12.497788543505
-0.6 0.0 0.0 0.0 0.0 0.0 -1.0 0.0 0.0 -12.54731040977
-0.6 0.0 0.0 0.0 0.0 0.0 -0.6 0.0 0.0 -12.58516793687
-0.6 0.0 0.0 0.0 0.0 0.0 -0.2 0.0 0.0 -12.604900875546
-0.6 0.0 0.0 0.0 0.0 0.0 0.2 0.0 0.0 -12.604558406065
-0.6 0.0 0.0 0.0 0.0 0.0 0.6 0.0 0.0 -12.578287867486
-0.6 0.0 0.0 0.0 0.0 0.0 1.0 0.0 0.0 -12.519937453043
-0.2 0.0 0.0 0.0 0.0 0.0 -1.0 0.0 0.0 -12.557081340896
-0.2 0.0 0.0 0.0 0.0 0.0 -0.6 0.0 0.0 -12.594226047315
-0.2 0.0 0.0 0.0 0.0 0.0 -0.2 0.0 0.0 -12.613699981846
-0.2 0.0 0.0 0.0 0.0 0.0 0.2 0.0 0.0 -12.613424244837
-0.2 0.0 0.0 0.0 0.0 0.0 0.6 0.0 0.0 -12.587485874677
-0.2 0.0 0.0 0.0 0.0 0.0 1.0 0.0 0.0 -12.530207270002
0.2 0.0 0.0 0.0 0.0 0.0 -1.0 0.0 0.0 -12.558524177899
0.2 0.0 0.0 0.0 0.0 0.0 -0.6 0.0 0.0 -12.594780511195
0.2 0.0 0.0 0.0 0.0 0.0 -0.2 0.0 0.0 -12.613838259747
0.2 0.0 0.0 0.0 0.0 0.0 0.2 0.0 0.0 -12.613553775747
0.2 0.0 0.0 0.0 0.0 0.0 0.6 0.0 0.0 -12.588040646428
0.2 0.0 0.0 0.0 0.0 0.0 1.0 0.0 0.0 -12.532236569282
0.6 0.0 0.0 0.0 0.0 0.0 -1.0 0.0 0.0 -12.553954458276
0.6 0.0 0.0 0.0 0.0 0.0 -0.6 0.0 0.0 -12.589141508071
0.6 0.0 0.0 0.0 0.0 0.0 -0.2 0.0 0.0 -12.607585586822
0.6 0.0 0.0 0.0 0.0 0.0 0.2 0.0 0.0 -12.607137187783
0.6 0.0 0.0 0.0 0.0 0.0 0.6 0.0 0.0 -12.582008544266
0.6 0.0 0.0 0.0 0.0 0.0 1.0 0.0 0.0 -12.5278480886
1.0 0.0 0.0 0.0 0.0 0.0 -1.0 0.0 0.0 -12.544747308269
1.0 0.0 0.0 0.0 0.0 0.0 -0.6 0.0 0.0 -12.578672339289
1.0 0.0 0.0 0.0 0.0 0.0 -0.2 0.0 0.0 -12.596270053842
1.0 0.0 0.0 0.0 0.0 0.0 0.2 0.0 0.0 -12.595434496257
1.0 0.0 0.0 0.0 0.0 0.0 0.6 0.0 0.0 -12.570526090183
1.0 0.0 0.0 0.0 0.0 0.0 1.0 0.0 0.0 -12.517946421586
-1.0 0.0 0.0 0.0 0.0 0.0 0.0 -1.0 0.0 -12.512637771569
-1.0 0.0 0.0 0.0 0.0 0.0 0.0 -0.6 0.0 -12.552171901238
-1.0 0.0 0.0 0.0 0.0 0.0 0.0 -0.2 0.0 -12.580897475863
-1.0 0.0 0.0 0.0 0.0 0.0 0.0 0.2 0.0 -12.579734657922
-1.0 0.0 0.0 0.0 0.0 0.0 0.0 0.6 0.0 -12.503126675143
-1.0 0.0 0.0 0.0 0.0 0.0 0.0 1.0 0.0 -12.24236965271
-0.6 0.0 0.0 0.0 0.0 0.0 0.0 -1.0 0.0 -12.534727777221
-0.6 0.0 0.0 0.0 0.0 0.0 0.0 -0.6 0.0 -12.574112324483
-0.6 0.0 0.0 0.0 0.0 0.0 0.0 -0.2 0.0 -12.602562195874
-0.6 0.0 0.0 0.0 0.0 0.0 0.0 0.2 0.0 -12.601040691325
-0.6 0.0 0.0 0.0 0.0 0.0 0.0 0.6 0.0 -12.52403936855
-0.6 0.0 0.0 0.0 0.0 0.0 0.0 1.0 0.0 -12.262870674026
-0.2 0.0 0.0 0.0 0.0 0.0 0.0 -1.0 0.0 -12.54381959102
-0.2 0.0 0.0 0.0 0.0 0.0 0.0 -0.6 0.0 -12.583154037089
-0.2 0.0 0.0 0.0 0.0 0.0 0.0 -0.2 0.0 -12.611459754254
-0.2 0.0 0.0 0.0 0.0 0.0 0.0 0.2 0.0 -12.609745738488
-0.2 0.0 0.0 0.0 0.0 0.0 0.0 0.6 0.0 -12.532577810755
-0.2 0.0 0.0 0.0 0.0 0.0 0.0 1.0 0.0 -12.271345708244
0.2 0.0 0.0 0.0 0.0 0.0 0.0 -1.0 0.0 -12.543850705914
0.2 0.0 0.0 0.0 0.0 0.0 0.0 -0.6 0.0 -12.583241765331
0.2 0.0 0.0 0.0 0.0 0.0 0.0 -0.2 0.0 -12.611553033175
0.2 0.0 0.0 0.0 0.0 0.0 0.0 0.2 0.0 -12.609842342286
0.2 0.0 0.0 0.0 0.0 0.0 0.0 0.6 0.0 -12.532771485219
0.2 0.0 0.0 0.0 0.0 0.0 0.0 1.0 0.0 -12.271861381898
0.6 0.0 0.0 0.0 0.0 0.0 0.0 -1.0 0.0 -12.537008802606
0.6 0.0 0.0 0.0 0.0 0.0 0.0 -0.6 0.0 -12.576580345988
0.6 0.0 0.0 0.0 0.0 0.0 0.0 -0.2 0.0 -12.605066737695
0.6 0.0 0.0 0.0 0.0 0.0 0.0 0.2 0.0 -12.603577057083
0.6 0.0 0.0 0.0 0.0 0.0 0.0 0.6 0.0 -12.526889208157
0.6 0.0 0.0 0.0 0.0 0.0 0.0 1.0 0.0 -12.266704181433
1.0 0.0 0.0 0.0 0.0 0.0 0.0 -1.0 0.0 -12.524560004977
1.0 0.0 0.0 0.0 0.0 0.0 0.0 -0.6 0.0 -12.564452143247
1.0 0.0 0.0 0.0 0.0 0.0 0.0 -0.2 0.0 -12.593295812277
1.0 0.0 0.0 0.0 0.0 0.0 0.0 0.2 0.0 -12.59225160043
1.0 0.0 0.0 0.0 0.0 0.0 0.0 0.6 0.0 -12.516233522408
1.0 0.0 0.0 0.0 0.0 0.0 0.0 1.0 0.0 -12.257167871216
-1.0 0.0 0.0 0.0 0.0 0.0 0.0 0.0 -1.0 -12.370729502384
-1.0 0.0 0.0 0.0 0.0 0.0 0.0 0.0 -0.6 -12.526950424742
-1.0 0.0 0.0 0.0 0.0 0.0 0.0 0.0 -0.2 -12.580305923653
-1.0 0.0 0.0 0.0 0.0 0.0 0.0 0.0 0.2 -12.580292127101
-1.0 0.0 0.0 0.0 0.0 0.0 0.0 0.0 0.6 -12.526476438746
-1.0 0.0 0.0 0.0 0.0 0.0 0.0 0.0 1.0 -12.367861760258
-0.6 0.0 0.0 0.0 0.0 0.0 0.0 0.0 -1.0 -12.392348428657
-0.6 0.0 0.0 0.0 0.0 0.0 0.0 0.0 -0.6 -12.548437869882
-0.6 0.0 0.0 0.0 0.0 0.0 0.0 0.0 -0.2 -12.601795940481
-0.6 0.0 0.0 0.0 0.0 0.0 0.0 0.0 0.2 -12.601781123835
-0.6 0.0 0.0 0.0 0.0 0.0 0.0 0.0 0.6 -12.547961604306
-0.6 0.0 0.0 0.0 0.0 0.0 0.0 0.0 1.0 -12.389481268638
-0.2 0.0 0.0 0.0 0.0 0.0 0.0 0.0 -1.0 -12.401342814521
-0.2 0.0 0.0 0.0 0.0 0.0 0.0 0.0 -0.6 -12.557248458842
-0.2 0.0 0.0 0.0 0.0 0.0 0.0 0.0 -0.2 -12.610597045459
-0.2 0.0 0.0 0.0 0.0 0.0 0.0 0.0 0.2 -12.610581686696
-0.2 0.0 0.0 0.0 0.0 0.0 0.0 0.0 0.6 -12.55677147442
-0.2 0.0 0.0 0.0 0.0 0.0 0.0 0.0 1.0 -12.398479606872
0.2 0.0 0.0 0.0 0.0 0.0 0.0 0.0 -1.0 -12.401750908193
0.2 0.0 0.0 0.0 0.0 0.0 0.0 0.0 -0.6 -12.557382527122
0.2 0.0 0.0 0.0 0.0 0.0 0.0 0.0 -0.2 -12.61068846002
0.2 0.0 0.0 0.0 0.0 0.0 0.0 0.0 0.2 -12.610673123662
0.2 0.0 0.0 0.0 0.0 0.0 0.0 0.0 0.6 -12.556906657292
0.2 0.0 0.0 0.0 0.0 0.0 0.0 0.0 1.0 -12.398895523551
0.6 0.0 0.0 0.0 0.0 0.0 0.0 0.0 -1.0 -12.395856918517
0.6 0.0 0.0 0.0 0.0 0.0 0.0 0.0 -0.6 -12.551094116074
0.6 0.0 0.0 0.0 0.0 0.0 0.0 0.0 -0.2 -12.604307799302
0.6 0.0 0.0 0.0 0.0 0.0 0.0 0.0 0.2 -12.604293115021
0.6 0.0 0.0 0.0 0.0 0.0 0.0 0.0 0.6 -12.550621433289
0.6 0.0 0.0 0.0 0.0 0.0 0.0 0.0 1.0 -12.393013728592
1.0 0.0 0.0 0.0 0.0 0.0 0.0 0.0 -1.0 -12.384989841291
1.0 0.0 0.0 0.0 0.0 0.0 0.0 0.0 -0.6 -12.539693288916
1.0 0.0 0.0 0.0 0.0 0.0 0.0 0.0 -0.2 -12.592755450477
1.0 0.0 0.0 0.0 0.0 0.0 0.0 0.0 0.2 -12.592742070185
1.0 0.0 0.0 0.0 0.0 0.0 0.0 0.0 0.6 -12.5392259859
1.0 0.0 0.0 0.0 0.0 0.0 0.0 0.0 1.0 -12.38216352547
0.0 -1.0 -1.0 0.0 0.0 0.0 0.0 0.0 0.0 -12.498436920297
0.0 -1.0 -0.6 0.0 0.0 0.0 0.0 0.0 0.0 -12.540279460431
0.0 -1.0 -0.2 0.0 0.0 0.0 0.0 0.0 0.0 -12.558290109114
0.0 -1.0 0.2 0.0 0.0 0.0 0.0 0.0 0.0 -12.558289520872
0.0 -1.0 0.6 0.0 0.0 0.0 0.0 0.0 0.0 -12.540281563554
0.0 -1.0 1.0 0.0 0.0 0.0 0.0 0.0 0.0 -12.498455057302
0.0 -0.6 -1.0 0.0 0.0 0.0 0.0 0.0 0.0 -12.536335161221
0.0 -0.6 -0.6 0.0 0.0 0.0 0.0 0.0 0.0 -12.578062032235
0.0 -0.6 -0.2 0.0 0.0 0.0 0.0 0.0 0.0 -12.595798654488
0.0 -0.6 0.2 0.0 0.0 0.0 0.0 0.0 0.0 -12.595798486106
0.0 -0.6 0.6 0.0 0.0 0.0 0.0 0.0 0.0 -12.578064633377
0.0 -0.6 1.0 0.0 0.0 0.0 0.0 0.0 0.0 -12.536351338024
0.0 -0.2 -1.0 0.0 0.0 0.0 0.0 0.0 0.0 -12.553927541517
0.0 -0.2 -0.6 0.0 0.0 0.0 0.0 0.0 0.0 -12.595570769702
0.0 -0.2 -0.2 0.0 0.0 0.0 0.0 0.0 0.0 -12.613154340265
0.0 -0.2 0.2 0.0 0.0 0.0 0.0 0.0 0.0 -12.613154422935
0.0 -0.2 0.6 0.0 0.0 0.0 0.0 0.0 0.0 -12.595573216024
0.0 -0.2 1.0 0.0 0.0 0.0 0.0 0.0 0.0 -12.553940080096
0.0 0.2 -1.0 0.0 0.0 0.0 0.0 0.0 0.0 -12.55393093472
0.0 0.2 -0.6 0.0 0.0 0.0 0.0 0.0 0.0 -12.59557150712
0.0 0.2 -0.2 0.0 0.0 0.0 0.0 0.0 0.0 -12.61315437111
0.0 0.2 0.2 0.0 0.0 0.0 0.0 0.0 0.0 -12.613154444458
0.0 0.2 0.6 0.0 0.0 0.0 0.0 0.0 0.0 -12.595572951849
0.0 0.2 1.0 0.0 0.0 0.0 0.0 0.0 0.0 -12.553938143767
0.0 0.6 -1.0 0.0 0.0 0.0 0.0 0.0 0.0 -12.53634340342
0.0 0.6 -0.6 0.0 0.0 0.0 0.0 0.0 0.0 -12.57806321808
0.0 0.6 -0.2 0.0 0.0 0.0 0.0 0.0 0.0 -12.595798449719
0.0 0.6 0.2 0.0 0.0 0.0 0.0 0.0 0.0 -12.595798925523
0.0 0.6 0.6 0.0 0.0 0.0 0.0 0.0 0.0 -12.578064926339
0.0 0.6 1.0 0.0 0.0 0.0 0.0 0.0 0.0 -12.536347469963
0.0 1.0 -1.0 0.0 0.0 0.0 0.0 0.0 0.0 -12.498448349433
0.0 1.0 -0.6 0.0 0.0 0.0 0.0 0.0 0.0 -12.540280477125
0.0 1.0 -0.2 0.0 0.0 0.0 0.0 0.0 0.0 -12.558289599702
0.0 1.0 0.2 0.0 0.0 0.0 0.0 0.0 0.0 -12.558290705483
0.0 1.0 0.6 0.0 0.0 0.0 0.0 0.0 0.0 -12.54028323649
0.0 1.0 1.0 0.0 0.0 0.0 0.0 0.0 0.0 -12.498450967812
0.0 -1.0 0.0 -1.0 0.0 0.0 0.0 0.0 0.0 -12.482830358415
0.0 -1.0 0.0 -0.6 0.0 0.0 0.0 0.0 0.0 -12.533145519513
0.0 -1.0 0.0 -0.2 0.0 0.0 0.0 0.0 0.0 -12.556436059706
0.0 -1.0 0.0 0.2 0.0 0.0 0.0 0.0 0.0 -12.560389473556
0.0 -1.0 0.0 0.6 0.0 0.0 0.0 0.0 0.0 -12.55112063787
0.0 -1.0 0.0 1.0 0.0 0.0 0.0 0.0 0.0 -12.533256785615
0.0 -0.6 0.0 -1.0 0.0 0.0 0.0 0.0 0.0 -12.523088559848
0.0 -0.6 0.0 -0.6 0.0 0.0 0.0 0.0 0.0 -12.573131767321
0.0 -0.6 0.0 -0.2 0.0 0.0 0.0 0.0 0.0 -12.59491006883
0.0 -0.6 0.0 0.2 0.0 0.0 0.0 0.0 0.0 -12.596754346889
0.0 -0.6 0.0 0.6 0.0 0.0 0.0 0.0 0.0 -12.585165633698
0.0 -0.6 0.0 1.0 0.0 0.0 0.0 0.0 0.0 -12.564981270522
0.0 -0.2 0.0 -1.0 0.0 0.0 0.0 0.0 0.0 -12.542787407095
0.0 -0.2 0.0 -0.6 0.0 0.0 0.0 0.0 0.0 -12.592263911293
0.0 -0.2 0.0 -0.2 0.0 0.0 0.0 0.0 0.0 -12.612913472038
0.0 -0.2 0.0 0.2 0.0 0.0 0.0 0.0 0.0 -12.613380230109
0.0 -0.2 0.0 0.6 0.0 0.0 0.0 0.0 0.0 -12.60035067058
0.0 -0.2 0.0 1.0 0.0 0.0 0.0 0.0 0.0 -12.578765239926
0.0 0.2 0.0 -1.0 0.0 0.0 0.0 0.0 0.0 -12.54278779242
0.0 0.2 0.0 -0.6 0.0 0.0 0.0 0.0 0.0 -12.592264028654
0.0 0.2 0.0 -0.2 0.0 0.0 0.0 0.0 0.0 -12.612913485296
0.0 0.2 0.0 0.2 0.0 0.0 0.0 0.0 0.0 -12.613380238043
0.0 0.2 0.0 0.6 0.0 0.0 0.0 0.0 0.0 -12.600350727692
0.0 0.2 0.0 1.0 0.0 0.0 0.0 0.0 0.0 -12.578765372155
0.0 0.6 0.0 -1.0 0.0 0.0 0.0 0.0 0.0 -12.523089595052
0.0 0.6 0.0 -0.6 0.0 0.0 0.0 0.0 0.0 -12.573132051148
0.0 0.6 0.0 -0.2 0.0 0.0 0.0 0.0 0.0 -12.594910108313
0.0 0.6 0.0 0.2 0.0 0.0 0.0 0.0 0.0 -12.596754454426
0.0 0.6 0.0 0.6 0.0 0.0 0.0 0.0 0.0 -12.585165988393
0.0 0.6 0.0 1.0 0.0 0.0 0.0 0.0 0.0 -12.564981964066
0.0 1.0 0.0 -1.0 0.0 0.0 0.0 0.0 0.0 -12.482832062388
0.0 1.0 0.0 -0.6 0.0 0.0 0.0 0.0 0.0 -12.53314601012
0.0 1.0 0.0 -0.2 0.0 0.0 0.0 0.0 0.0 -12.556436217767
0.0 1.0 0.0 0.2 0.0 0.0 0.0 0.0 0.0 -12.560389861683
0.0 1.0 0.0 0.6 0.0 0.0 0.0 0.0 0.0 -12.551121597981
0.0 1.0 0.0 1.0 0.0 0.0 0.0 0.0 0.0 -12.533258511454
0.0 -1.0 0.0 0.0 -1.0 0.0 0.0 0.0 0.0 -12.486650176217
0.0 -1.0 0.0 0.0 -0.6 0.0 0.0 0.0 0.0 -12.533074534346
0.0 -1.0 0.0 0.0 -0.2 0.0 0.0 0.0 0.0 -12.557348586973
0.0 -1.0 0.0 0.0 0.2 0.0 0.0 0.0 0.0 -12.55734678426
0.0 -1.0 0.0 0.0 0.6 0.0 0.0 0.0 0.0 -12.533069396116
0.0 -1.0 0.0 0.0 1.0 0.0 0.0 0.0 0.0 -12.48664246939
0.0 -0.6 0.0 0.0 -1.0 0.0 0.0 0.0 0.0 -12.52891837211
0.0 -0.6 0.0 0.0 -0.6 0.0 0.0 0.0 0.0 -12.57319896391
0.0 -0.6 0.0 0.0 -0.2 0.0 0.0 0.0 0.0 -12.595179870395
0.0 -0.6 0.0 0.0 0.2 0.0 0.0 0.0 0.0 -12.595179237184
0.0 -0.6 0.0 0.0 0.6 0.0 0.0 0.0 0.0 -12.573197237671
0.0 -0.6 0.0 0.0 1.0 0.0 0.0 0.0 0.0 -12.528915954404
0.0 -0.2 0.0 0.0 -1.0 0.0 0.0 0.0 0.0 -12.550865867069
0.0 -0.2 0.0 0.0 -0.6 0.0 0.0 0.0 0.0 -12.592933154925
0.0 -0.2 0.0 0.0 -0.2 0.0 0.0 0.0 0.0 -12.612835910712
0.0 -0.2 0.0 0.0 0.2 0.0 0.0 0.0 0.0 -12.612835851495
0.0 -0.2 0.0 0.0 0.6 0.0 0.0 0.0 0.0 -12.59293312157
0.0 -0.2 0.0 0.0 1.0 0.0 0.0 0.0 0.0 -12.550866120118
0.0 0.2 0.0 0.0 -1.0 0.0 0.0 0.0 0.0 -12.550866038191
0.0 0.2 0.0 0.0 -0.6 0.0 0.0 0.0 0.0 -12.592933229882
0.0 0.2 0.0 0.0 -0.2 0.0 0.0 0.0 0.0 -12.6128359249
0.0 0.2 0.0 0.0 0.2 0.0 0.0 0.0 0.0 -12.61283585151
0.0 0.2 0.0 0.0 0.6 0.0 0.0 0.0 0.0 -12.592933148254
0.0 0.2 0.0 0.0 1.0 0.0 0.0 0.0 0.0 -12.550866207143
0.0 0.6 0.0 0.0 -1.0 0.0 0.0 0.0 0.0 -12.52891899222
0.0 0.6 0.0 0.0 -0.6 0.0 0.0 0.0 0.0 -12.573199268494
0.0 0.6 0.0 0.0 -0.2 0.0 0.0 0.0 0.0 -12.595179964154
0.0 0.6 0.0 0.0 0.2 0.0 0.0 0.0 0.0 -12.595179269535
0.0 0.6 0.0 0.0 0.6 0.0 0.0 0.0 0.0 -12.573197350474
0.0 0.6 0.0 0.0 1.0 0.0 0.0 0.0 0.0 -12.528916264094
0.0 1.0 0.0 0.0 -1.0 0.0 0.0 0.0 0.0 -12.486651509573
0.0 1.0 0.0 0.0 -0.6 0.0 0.0 0.0 0.0 -12.533075280232
0.0 1.0 0.0 0.0 -0.2 0.0 0.0 0.0 0.0 -12.55734891567
0.0 1.0 0.0 0.0 0.2 0.0 0.0 0.0 0.0 -12.557346964293
0.0 1.0 0.0 0.0 0.6 0.0 0.0 0.0 0.0 -12.53306970364
0.0 1.0 0.0 0.0 1.0 0.0 0.0 0.0 0.0 -12.486643130263
0.0 -1.0 0.0 0.0 0.0 -1.0 0.0 0.0 0.0 -12.485467125829
0.0 -1.0 0.0 0.0 0.0 -0.6 0.0 0.0 0.0 -12.532790989447
0.0 -1.0 0.0 0.0 0.0 -0.2 0.0 0.0 0.0 -12.557326705605
0.0 -1.0 0.0 0.0 0.0 0.2 0.0 0.0 0.0 -12.557327078513
0.0 -1.0 0.0 0.0 0.0 0.6 0.0 0.0 0.0 -12.532791784238
0.0 -1.0 0.0 0.0 0.0 1.0 0.0 0.0 0.0 -12.485467404981
0.0 -0.6 0.0 0.0 0.0 -1.0 0.0 0.0 0.0 -12.524913646431
0.0 -0.6 0.0 0.0 0.0 -0.6 0.0 0.0 0.0 -12.571893848795
0.0 -0.6 0.0 0.0 0.0 -0.2 0.0 0.0 0.0 -12.595047647015
0.0 -0.6 0.0 0.0 0.0 0.2 0.0 0.0 0.0 -12.595047696964
0.0 -0.6 0.0 0.0 0.0 0.6 0.0 0.0 0.0 -12.571893776007
0.0 -0.6 0.0 0.0 0.0 1.0 0.0 0.0 0.0 -12.524912795389
0.0 -0.2 0.0 0.0 0.0 -1.0 0.0 0.0 0.0 -12.545226315677
0.0 -0.2 0.0 0.0 0.0 -0.6 0.0 0.0 0.0 -12.591054459224
0.0 -0.2 0.0 0.0 0.0 -0.2 0.0 0.0 0.0 -12.612644174977
0.0 -0.2 0.0 0.0 0.0 0.2 0.0 0.0 0.0 -12.612644174274
0.0 -0.2 0.0 0.0 0.0 0.6 0.0 0.0 0.0 -12.591054341329
0.0 -0.2 0.0 0.0 0.0 1.0 0.0 0.0 0.0 -12.545225663848
0.0 0.2 0.0 0.0 0.0 -1.0 0.0 0.0 0.0 -12.545226266103
0.0 0.2 0.0 0.0 0.0 -0.6 0.0 0.0 0.0 -12.591054485201
0.0 0.2 0.0 0.0 0.0 -0.2 0.0 0.0 0.0 -12.612644192619
0.0 0.2 0.0 0.0 0.0 0.2 0.0 0.0 0.0 -12.612644173289
0.0 0.2 0.0 0.0 0.0 0.6 0.0 0.0 0.0 -12.591054437748
0.0 0.2 0.0 0.0 0.0 1.0 0.0 0.0 0.0 -12.545226026114
0.0 0.6 0.0 0.0 0.0 -1.0 0.0 0.0 0.0 -12.524914068072
0.0 0.6 0.0 0.0 0.0 -0.6 0.0 0.0 0.0 -12.571894276583
0.0 0.6 0.0 0.0 0.0 -0.2 0.0 0.0 0.0 -12.595047833256
0.0 0.6 0.0 0.0 0.0 0.2 0.0 0.0 0.0 -12.595047641649
0.0 0.6 0.0 0.0 0.0 0.6 0.0 0.0 0.0 -12.571893806572
0.0 0.6 0.0 0.0 0.0 1.0 0.0 0.0 0.0 -12.524913415291
0.0 1.0 0.0 0.0 0.0 -1.0 0.0 0.0 0.0 -12.485469558314
0.0 1.0 0.0 0.0 0.0 -0.6 0.0 0.0 0.0 -12.532792830231
0.0 1.0 0.0 0.0 0.0 -0.2 0.0 0.0 0.0 -12.557327481894
0.0 1.0 0.0 0.0 0.0 0.2 0.0 0.0 0.0 -12.557326811999
0.0 1.0 0.0 0.0 0.0 0.6 0.0 0.0 0.0 -12.532791006976
0.0 1.0 0.0 0.0 0.0 1.0 0.0 0.0 0.0 -12.485467014033
0.0 -1.0 0.0 0.0 0.0 0.0 -1.0 0.0 0.0 -12.500918167452
0.0 -1.0 0.0 0.0 0.0 0.0 -0.6 0.0 0.0 -12.533111062805
0.0 -1.0 0.0 0.0 0.0 0.0 -0.2 0.0 0.0 -12.555803400271
0.0 -1.0 0.0 0.0 0.0 0.0 0.2 0.0 0.0 -12.559460644836
0.0 -1.0 0.0 0.0 0.0 0.0 0.6 0.0 0.0 -12.540682552041
0.0 -1.0 0.0 0.0 0.0 0.0 1.0 0.0 0.0 -12.503139002649
0.0 -0.6 0.0 0.0 0.0 0.0 -1.0 0.0 0.0 -12.535337351066
0.0 -0.6 0.0 0.0 0.0 0.0 -0.6 0.0 0.0 -12.570943794042
0.0 -0.6 0.0 0.0 0.0 0.0 -0.2 0.0 0.0 -12.593808995505
0.0 -0.6 0.0 0.0 0.0 0.0 0.2 0.0 0.0 -12.595827330907
0.0 -0.6 0.0 0.0 0.0 0.0 0.6 0.0 0.0 -12.571865050613
0.0 -0.6 0.0 0.0 0.0 0.0 1.0 0.0 0.0 -12.522677694938
0.0 -0.2 0.0 0.0 0.0 0.0 -1.0 0.0 0.0 -12.555921644548
0.0 -0.2 0.0 0.0 0.0 0.0 -0.6 0.0 0.0 -12.592524553725
0.0 -0.2 0.0 0.0 0.0 0.0 -0.2 0.0 0.0 -12.612402707345
0.0 -0.2 0.0 0.0 0.0 0.0 0.2 0.0 0.0 -12.612459720607
0.0 -0.2 0.0 0.0 0.0 0.0 0.6 0.0 0.0 -12.586847938846
0.0 -0.2 0.0 0.0 0.0 0.0 1.0 0.0 0.0 -12.531135249737
0.0 0.2 0.0 0.0 0.0 0.0 -1.0 0.0 0.0 -12.555921579988
0.0 0.2 0.0 0.0 0.0 0.0 -0.6 0.0 0.0 -12.59252447147
0.0 0.2 0.0 0.0 0.0 0.0 -0.2 0.0 0.0 -12.612402682577
0.0 0.2 0.0 0.0 0.0 0.0 0.2 0.0 0.0 -12.612459734906
0.0 0.2 0.0 0.0 0.0 0.0 0.6 0.0 0.0 -12.586848003666
0.0 0.2 0.0 0.0 0.0 0.0 1.0 0.0 0.0 -12.531135556243
0.0 0.6 0.0 0.0 0.0 0.0 -1.0 0.0 0.0 -12.535337151185
0.0 0.6 0.0 0.0 0.0 0.0 -0.6 0.0 0.0 -12.570943603966
0.0 0.6 0.0 0.0 0.0 0.0 -0.2 0.0 0.0 -12.593808962593
0.0 0.6 0.0 0.0 0.0 0.0 0.2 0.0 0.0 -12.59582743015
0.0 0.6 0.0 0.0 0.0 0.0 0.6 0.0 0.0 -12.571865299484
0.0 0.6 0.0 0.0 0.0 0.0 1.0 0.0 0.0 -12.52267846442
0.0 1.0 0.0 0.0 0.0 0.0 -1.0 0.0 0.0 -12.500917851535
0.0 1.0 0.0 0.0 0.0 0.0 -0.6 0.0 0.0 -12.533110959686
0.0 1.0 0.0 0.0 0.0 0.0 -0.2 0.0 0.0 -12.555803527573
0.0 1.0 0.0 0.0 0.0 0.0 0.2 0.0 0.0 -12.55946094337
0.0 1.0 0.0 0.0 0.0 0.0 0.6 0.0 0.0 -12.540683053781
0.0 1.0 0.0 0.0 0.0 0.0 1.0 0.0 0.0 -12.503139986071
0.0 -1.0 0.0 0.0 0.0 0.0 0.0 -1.0 0.0 -12.49141621083
0.0 -1.0 0.0 0.0 0.0 0.0 0.0 -0.6 0.0 -12.524708585787
0.0 -1.0 0.0 0.0 0.0 0.0 0.0 -0.2 0.0 -12.551654250675
0.0 -1.0 0.0 0.0 0.0 0.0 0.0 0.2 0.0 -12.564041459367
0.0 -1.0 0.0 0.0 0.0 0.0 0.0 0.6 0.0 -12.546346049317
0.0 -1.0 0.0 0.0 0.0 0.0 0.0 1.0 0.0 -12.470043866664
0.0 -0.6 0.0 0.0 0.0 0.0 0.0 -1.0 0.0 -12.524961489173
0.0 -0.6 0.0 0.0 0.0 0.0 0.0 -0.6 0.0 -12.562209345426
0.0 -0.6 0.0 0.0 0.0 0.0 0.0 -0.2 0.0 -12.59072559779
0.0 -0.6 0.0 0.0 0.0 0.0 0.0 0.2 0.0 -12.596742816671
0.0 -0.6 0.0 0.0 0.0 0.0 0.0 0.6 0.0 -12.550194888254
0.0 -0.6 0.0 0.0 0.0 0.0 0.0 1.0 0.0 -12.38617509375
0.0 -0.2 0.0 0.0 0.0 0.0 0.0 -1.0 0.0 -12.542562753534
0.0 -0.2 0.0 0.0 0.0 0.0 0.0 -0.6 0.0 -12.581687640786
0.0 -0.2 0.0 0.0 0.0 0.0 0.0 -0.2 0.0 -12.610058147164
0.0 -0.2 0.0 0.0 0.0 0.0 0.0 0.2 0.0 -12.609396265454
0.0 -0.2 0.0 0.0 0.0 0.0 0.0 0.6 0.0 -12.536396520046
0.0 -0.2 0.0 0.0 0.0 0.0 0.0 1.0 0.0 -12.288725888703
0.0 0.2 0.0 0.0 0.0 0.0 0.0 -1.0 0.0 -12.542569548227
0.0 0.2 0.0 0.0 0.0 0.0 0.0 -0.6 0.0 -12.581692351377
0.0 0.2 0.0 0.0 0.0 0.0 0.0 -0.2 0.0 -12.610059225618
0.0 0.2 0.0 0.0 0.0 0.0 0.0 0.2 0.0 -12.609397919816
0.0 0.2 0.0 0.0 0.0 0.0 0.0 0.6 0.0 -12.536429916261
0.0 0.2 0.0 0.0 0.0 0.0 0.0 1.0 0.0 -12.288929501983
0.0 0.6 0.0 0.0 0.0 0.0 0.0 -1.0 0.0 -12.524985771333
0.0 0.6 0.0 0.0 0.0 0.0 0.0 -0.6 0.0 -12.562227385061
0.0 0.6 0.0 0.0 0.0 0.0 0.0 -0.2 0.0 -12.590731299942
0.0 0.6 0.0 0.0 0.0 0.0 0.0 0.2 0.0 -12.596741725418
0.0 0.6 0.0 0.0 0.0 0.0 0.0 0.6 0.0 -12.550241208378
0.0 0.6 0.0 0.0 0.0 0.0 0.0 1.0 0.0 -12.38649324493
0.0 1.0 0.0 0.0 0.0 0.0 0.0 -1.0 0.0 -12.491467898916
0.0 1.0 0.0 0.0 0.0 0.0 0.0 -0.6 0.0 -12.524748693916
0.0 1.0 0.0 0.0 0.0 0.0 0.0 -0.2 0.0 -12.551669542138
0.0 1.0 0.0 0.0 0.0 0.0 0.0 0.2 0.0 -12.564027409856
0.0 1.0 0.0 0.0 0.0 0.0 0.0 0.6 0.0 -12.546328624375
0.0 1.0 0.0 0.0 0.0 0.0 0.0 1.0 0.0 -12.470138727294
0.0 -1.0 0.0 0.0 0.0 0.0 0.0 0.0 -1.0 -12.498074975183
0.0 -1.0 0.0 0.0 0.0 0.0 0.0 0.0 -0.6 -12.544762370935
0.0 -1.0 0.0 0.0 0.0 0.0 0.0 0.0 -0.2 -12.560629210729
0.0 -1.0 0.0 0.0 0.0 0.0 0.0 0.0 0.2 -12.555333169617
0.0 -1.0 0.0 0.0 0.0 0.0 0.0 0.0 0.6 -12.528418066512
0.0 -1.0 0.0 0.0 0.0 0.0 0.0 0.0 1.0 -12.467960291583
0.0 -0.6 0.0 0.0 0.0 0.0 0.0 0.0 -1.0 -12.458124311221
0.0 -0.6 0.0 0.0 0.0 0.0 0.0 0.0 -0.6 -12.558521933806
0.0 -0.6 0.0 0.0 0.0 0.0 0.0 0.0 -0.2 -12.594520563187
0.0 -0.6 0.0 0.0 0.0 0.0 0.0 0.0 0.2 -12.593061237629
0.0 -0.6 0.0 0.0 0.0 0.0 0.0 0.0 0.6 -12.55427706844
0.0 -0.6 0.0 0.0 0.0 0.0 0.0 0.0 1.0 -12.449576506792
0.0 -0.2 0.0 0.0 0.0 0.0 0.0 0.0 -1.0 -12.409835411405
0.0 -0.2 0.0 0.0 0.0 0.0 0.0 0.0 -0.6 -12.558449797048
0.0 -0.2 0.0 0.0 0.0 0.0 0.0 0.0 -0.2 -12.609751853752
0.0 -0.2 0.0 0.0 0.0 0.0 0.0 0.0 0.2 -12.609693885073
0.0 -0.2 0.0 0.0 0.0 0.0 0.0 0.0 0.6 -12.558242691659
0.0 -0.2 0.0 0.0 0.0 0.0 0.0 0.0 1.0 -12.408142337185
0.0 0.2 0.0 0.0 0.0 0.0 0.0 0.0 -1.0 -12.410781215596
0.0 0.2 0.0 0.0 0.0 0.0 0.0 0.0 -0.6 -12.558673822931
0.0 0.2 0.0 0.0 0.0 0.0 0.0 0.0 -0.2 -12.609704449199
0.0 0.2 0.0 0.0 0.0 0.0 0.0 0.0 0.2 -12.609738685821
0.0 0.2 0.0 0.0 0.0 0.0 0.0 0.0 0.6 -12.557991015339
0.0 0.2 0.0 0.0 0.0 0.0 0.0 0.0 1.0 -12.407106109499
0.0 0.6 0.0 0.0 0.0 0.0 0.0 0.0 -1.0 -12.451146257729
0.0 0.6 0.0 0.0 0.0 0.0 0.0 0.0 -0.6 -12.554502862735
0.0 0.6 0.0 0.0 0.0 0.0 0.0 0.0 -0.2 -12.593048886464
0.0 0.6 0.0 0.0 0.0 0.0 0.0 0.0 0.2 -12.59452872091
0.0 0.6 0.0 0.0 0.0 0.0 0.0 0.0 0.6 -12.558252059532
0.0 0.6 0.0 0.0 0.0 0.0 0.0 0.0 1.0 -12.456426666692
0.0 1.0 0.0 0.0 0.0 0.0 0.0 0.0 -1.0 -12.468576394579
0.0 1.0 0.0 0.0 0.0 0.0 0.0 0.0 -0.6 -12.528459453298
0.0 1.0 0.0 0.0 0.0 0.0 0.0 0.0 -0.2 -12.555301277142
0.0 1.0 0.0 0.0 0.0 0.0 0.0 0.0 0.2 -12.560660929886
0.0 1.0 0.0 0.0 0.0 0.0 0.0 0.0 0.6 -12.544714285145
0.0 1.0 0.0 0.0 0.0 0.0 0.0 0.0 1.0 -12.49745609907
0.0 0.0 -1.0 -1.0 0.0 0.0 0.0 0.0 0.0 -12.300970373189
0.0 0.0 -1.0 -0.6 0.0 0.0 0.0 0.0 0.0 -12.449935684556
0.0 0.0 -1.0 -0.2 0.0 0.0 0.0 0.0 0.0 -12.532578417115
0.0 0.0 -1.0 0.2 0.0 0.0 0.0 0.0 0.0 -12.570509155575
0.0 0.0 -1.0 0.6 0.0 0.0 0.0 0.0 0.0 -12.57961387069
0.0 0.0 -1.0 1.0 0.0 0.0 0.0 0.0 0.0 -12.570793170006
0.0 0.0 -0.6 -1.0 0.0 0.0 0.0 0.0 0.0 -12.467024334057
0.0 0.0 -0.6 -0.6 0.0 0.0 0.0 0.0 0.0 -12.548165603498
0.0 0.0 -0.6 -0.2 0.0 0.0 0.0 0.0 0.0 -12.588592960396
0.0 0.0 -0.6 0.2 0.0 0.0 0.0 0.0 0.0 -12.601033768509
0.0 0.0 -0.6 0.6 0.0 0.0 0.0 0.0 0.0 -12.595081921897
0.0 0.0 -0.6 1.0 0.0 0.0 0.0 0.0 0.0 -12.577556207774
0.0 0.0 -0.2 -1.0 0.0 0.0 0.0 0.0 0.0 -12.537010345041
0.0 0.0 -0.2 -0.6 0.0 0.0 0.0 0.0 0.0 -12.589707691979
0.0 0.0 -0.2 -0.2 0.0 0.0 0.0 0.0 0.0 -12.612284080548
0.0 0.0 -0.2 0.2 0.0 0.0 0.0 0.0 0.0 -12.613840231289
0.0 0.0 -0.2 0.6 0.0 0.0 0.0 0.0 0.0 -12.60138404697
0.0 0.0 -0.2 1.0 0.0 0.0 0.0 0.0 0.0 -12.580061602145
0.0 0.0 0.2 -1.0 0.0 0.0 0.0 0.0 0.0 -12.53700501813
0.0 0.0 0.2 -0.6 0.0 0.0 0.0 0.0 0.0 -12.589706402547
0.0 0.0 0.2 -0.2 0.0 0.0 0.0 0.0 0.0 -12.612284055406
0.0 0.0 0.2 0.2 0.0 0.0 0.0 0.0 0.0 -12.613840198899
0.0 0.0 0.2 0.6 0.0 0.0 0.0 0.0 0.0 -12.601383538261
0.0 0.0 0.2 1.0 0.0 0.0 0.0 0.0 0.0 -12.580060533614
0.0 0.0 0.6 -1.0 0.0 0.0 0.0 0.0 0.0 -12.467010400575
0.0 0.0 0.6 -0.6 0.0 0.0 0.0 0.0 0.0 -12.548164061999
0.0 0.0 0.6 -0.2 0.0 0.0 0.0 0.0 0.0 -12.58859484884
0.0 0.0 0.6 0.2 0.0 0.0 0.0 0.0 0.0 -12.601035135721
0.0 0.0 0.6 0.6 0.0 0.0 0.0 0.0 0.0 -12.595081424214
0.0 0.0 0.6 1.0 0.0 0.0 0.0 0.0 0.0 -12.577553705677
0.0 0.0 1.0 -1.0 0.0 0.0 0.0 0.0 0.0 -12.300956541054
0.0 0.0 1.0 -0.6 0.0 0.0 0.0 0.0 0.0 -12.449942710525
0.0 0.0 1.0 -0.2 0.0 0.0 0.0 0.0 0.0 -12.532589301225
0.0 0.0 1.0 0.2 0.0 0.0 0.0 0.0 0.0 -12.570517032747
0.0 0.0 1.0 0.6 0.0 0.0 0.0 0.0 0.0 -12.579616874322
0.0 0.0 1.0 1.0 0.0 0.0 0.0 0.0 0.0 -12.570791558059
0.0 0.0 -1.0 0.0 -1.0 0.0 0.0 0.0 0.0 -12.492929354837
0.0 0.0 -1.0 0.0 -0.6 0.0 0.0 0.0 0.0 -12.534225336685
0.0 0.0 -1.0 0.0 -0.2 0.0 0.0 0.0 0.0 -12.553695170359
0.0 0.0 -1.0 0.0 0.2 0.0 0.0 0.0 0.0 -12.553697347185
0.0 0.0 -1.0 0.0 0.6 0.0 0.0 0.0 0.0 -12.534231826875
0.0 0.0 -1.0 0.0 1.0 0.0 0.0 0.0 0.0 -12.492939797965
0.0 0.0 -0.6 0.0 -1.0 0.0 0.0 0.0 0.0 -12.534114212165
0.0 0.0 -0.6 0.0 -0.6 0.0 0.0 0.0 0.0 -12.575747233374
0.0 0.0 -0.6 0.0 -0.2 0.0 0.0 0.0 0.0 -12.595318182046
0.0 0.0 -0.6 0.0 0.2 0.0 0.0 0.0 0.0 -12.595318957265
0.0 0.0 -0.6 0.0 0.6 0.0 0.0 0.0 0.0 -12.575749637299
0.0 0.0 -0.6 0.0 1.0 0.0 0.0 0.0 0.0 -12.534118284823
0.0 0.0 -0.2 0.0 -1.0 0.0 0.0 0.0 0.0 -12.551586244181
0.0 0.0 -0.2 0.0 -0.6 0.0 0.0 0.0 0.0 -12.593299173296
0.0 0.0 -0.2 0.0 -0.2 0.0 0.0 0.0 0.0 -12.612882210632
0.0 0.0 -0.2 0.0 0.2 0.0 0.0 0.0 0.0 -12.612882301341
0.0 0.0 -0.2 0.0 0.6 0.0 0.0 0.0 0.0 -12.593299577523
0.0 0.0 -0.2 0.0 1.0 0.0 0.0 0.0 0.0 -12.551587183405
0.0 0.0 0.2 0.0 -1.0 0.0 0.0 0.0 0.0 -12.551586813268
0.0 0.0 0.2 0.0 -0.6 0.0 0.0 0.0 0.0 -12.59329943687
0.0 0.0 0.2 0.0 -0.2 0.0 0.0 0.0 0.0 -12.612882299981
0.0 0.0 0.2 0.0 0.2 0.0 0.0 0.0 0.0 -12.612882393084
0.0 0.0 0.2 0.0 0.6 0.0 0.0 0.0 0.0 -12.593299851333
0.0 0.0 0.2 0.0 1.0 0.0 0.0 0.0 0.0 -12.551587772523
0.0 0.0 0.6 0.0 -1.0 0.0 0.0 0.0 0.0 -12.534117669299
0.0 0.0 0.6 0.0 -0.6 0.0 0.0 0.0 0.0 -12.575749755139
0.0 0.0 0.6 0.0 -0.2 0.0 0.0 0.0 0.0 -12.595320166853
0.0 0.0 0.6 0.0 0.2 0.0 0.0 0.0 0.0 -12.595320946322
0.0 0.0 0.6 0.0 0.6 0.0 0.0 0.0 0.0 -12.575752180962
0.0 0.0 0.6 0.0 1.0 0.0 0.0 0.0 0.0 -12.534121787532
0.0 0.0 1.0 0.0 -1.0 0.0 0.0 0.0 0.0 -12.492941839317
0.0 0.0 1.0 0.0 -0.6 0.0 0.0 0.0 0.0 -12.534236227024
0.0 0.0 1.0 0.0 -0.2 0.0 0.0 0.0 0.0 -12.55370513106
0.0 0.0 1.0 0.0 0.2 0.0 0.0 0.0 0.0 -12.55370730436
0.0 0.0 1.0 0.0 0.6 0.0 0.0 0.0 0.0 -12.534242721772
0.0 0.0 1.0 0.0 1.0 0.0 0.0 0.0 0.0 -12.492952305534
0.0 0.0 -1.0 0.0 0.0 -1.0 0.0 0.0 0.0 -12.495997745101
0.0 0.0 -1.0 0.0 0.0 -0.6 0.0 0.0 0.0 -12.537219247303
0.0 0.0 -1.0 0.0 0.0 -0.2 0.0 0.0 0.0 -12.555145548872
0.0 0.0 -1.0 0.0 0.0 0.2 0.0 0.0 0.0 -12.551492845171
0.0 0.0 -1.0 0.0 0.0 0.6 0.0 0.0 0.0 -12.524220030346
0.0 0.0 -1.0 0.0 0.0 1.0 0.0 0.0 0.0 -12.469878250454
0.0 0.0 -0.6 0.0 0.0 -1.0 0.0 0.0 0.0 -12.531292442275
0.0 0.0 -0.6 0.0 0.0 -0.6 0.0 0.0 0.0 -12.575096655212
0.0 0.0 -0.6 0.0 0.0 -0.2 0.0 0.0 0.0 -12.595460858582
0.0 0.0 -0.6 0.0 0.0 0.2 0.0 0.0 0.0 -12.5946529302
0.0 0.0 -0.6 0.0 0.0 0.6 0.0 0.0 0.0 -12.571402146652
0.0 0.0 -0.6 0.0 0.0 1.0 0.0 0.0 0.0 -12.522320344011
0.0 0.0 -0.2 0.0 0.0 -1.0 0.0 0.0 0.0 -12.546534877365
0.0 0.0 -0.2 0.0 0.0 -0.6 0.0 0.0 0.0 -12.591577726218
0.0 0.0 -0.2 0.0 0.0 -0.2 0.0 0.0 0.0 -12.612701683119
0.0 0.0 -0.2 0.0 0.0 0.2 0.0 0.0 0.0 -12.612650808255
0.0 0.0 -0.2 0.0 0.0 0.6 0.0 0.0 0.0 -12.590996904351
0.0 0.0 -0.2 0.0 0.0 1.0 0.0 0.0 0.0 -12.544611981214
0.0 0.0 0.2 0.0 0.0 -1.0 0.0 0.0 0.0 -12.544612936991
0.0 0.0 0.2 0.0 0.0 -0.6 0.0 0.0 0.0 -12.590997233864
0.0 0.0 0.2 0.0 0.0 -0.2 0.0 0.0 0.0 -12.612650918052
0.0 0.0 0.2 0.0 0.0 0.2 0.0 0.0 0.0 -12.612701733674
0.0 0.0 0.2 0.0 0.0 0.6 0.0 0.0 0.0 -12.591577767299
0.0 0.0 0.2 0.0 0.0 1.0 0.0 0.0 0.0 -12.546534712611
0.0 0.0 0.6 0.0 0.0 -1.0 0.0 0.0 0.0 -12.522325401577
0.0 0.0 0.6 0.0 0.0 -0.6 0.0 0.0 0.0 -12.571405438534
0.0 0.0 0.6 0.0 0.0 -0.2 0.0 0.0 0.0 -12.594655185952
0.0 0.0 0.6 0.0 0.0 0.2 0.0 0.0 0.0 -12.595462524139
0.0 0.0 0.6 0.0 0.0 0.6 0.0 0.0 0.0 -12.575098014819
0.0 0.0 0.6 0.0 0.0 1.0 0.0 0.0 0.0 -12.531293479445
0.0 0.0 1.0 0.0 0.0 -1.0 0.0 0.0 0.0 -12.469896368664
0.0 0.0 1.0 0.0 0.0 -0.6 0.0 0.0 0.0 -12.524233960442
0.0 0.0 1.0 0.0 0.0 -0.2 0.0 0.0 0.0 -12.551503811889
0.0 0.0 1.0 0.0 0.0 0.2 0.0 0.0 0.0 -12.555154447205
0.0 0.0 1.0 0.0 0.0 0.6 0.0 0.0 0.0 -12.537226723544
0.0 0.0 1.0 0.0 0.0 1.0 0.0 0.0 0.0 -12.496004033407
0.0 0.0 -1.0 0.0 0.0 0.0 -1.0 0.0 0.0 -12.508878344167
0.0 0.0 -1.0 0.0 0.0 0.0 -0.6 0.0 0.0 -12.541612423686
0.0 0.0 -1.0 0.0 0.0 0.0 -0.2 0.0 0.0 -12.55620024874
0.0 0.0 -1.0 0.0 0.0 0.0 0.2 0.0 0.0 -12.549999864649
0.0 0.0 -1.0 0.0 0.0 0.0 0.6 0.0 0.0 -12.516118238738
0.0 0.0 -1.0 0.0 0.0 0.0 1.0 0.0 0.0 -12.447505912947
0.0 0.0 -0.6 0.0 0.0 0.0 -1.0 0.0 0.0 -12.5426084337
0.0 0.0 -0.6 0.0 0.0 0.0 -0.6 0.0 0.0 -12.578108989084
0.0 0.0 -0.6 0.0 0.0 0.0 -0.2 0.0 0.0 -12.595936174662
0.0 0.0 -0.6 0.0 0.0 0.0 0.2 0.0 0.0 -12.593793216833
0.0 0.0 -0.6 0.0 0.0 0.0 0.6 0.0 0.0 -12.565419595339
0.0 0.0 -0.6 0.0 0.0 0.0 1.0 0.0 0.0 -12.504838630822
0.0 0.0 -0.2 0.0 0.0 0.0 -1.0 0.0 0.0 -12.556984822479
0.0 0.0 -0.2 0.0 0.0 0.0 -0.6 0.0 0.0 -12.593582747294
0.0 0.0 -0.2 0.0 0.0 0.0 -0.2 0.0 0.0 -12.612720427495
0.0 0.0 -0.2 0.0 0.0 0.0 0.2 0.0 0.0 -12.612259658235
0.0 0.0 -0.2 0.0 0.0 0.0 0.6 0.0 0.0 -12.586251846161
0.0 0.0 -0.2 0.0 0.0 0.0 1.0 0.0 0.0 -12.52924663992
0.0 0.0 0.2 0.0 0.0 0.0 -1.0 0.0 0.0 -12.556985266784
0.0 0.0 0.2 0.0 0.0 0.0 -0.6 0.0 0.0 -12.59358302215
0.0 0.0 0.2 0.0 0.0 0.0 -0.2 0.0 0.0 -12.612720548674
0.0 0.0 0.2 0.0 0.0 0.0 0.2 0.0 0.0 -12.612259690761
0.0 0.0 0.2 0.0 0.0 0.0 0.6 0.0 0.0 -12.5862518939
0.0 0.0 0.2 0.0 0.0 0.0 1.0 0.0 0.0 -12.529246945121
0.0 0.0 0.6 0.0 0.0 0.0 -1.0 0.0 0.0 -12.542611024647
0.0 0.0 0.6 0.0 0.0 0.0 -0.6 0.0 0.0 -12.578111240612
0.0 0.0 0.6 0.0 0.0 0.0 -0.2 0.0 0.0 -12.595938150151
0.0 0.0 0.6 0.0 0.0 0.0 0.2 0.0 0.0 -12.593795138003
0.0 0.0 0.6 0.0 0.0 0.0 0.6 0.0 0.0 -12.565421813649
0.0 0.0 0.6 0.0 0.0 0.0 1.0 0.0 0.0 -12.504841934262
0.0 0.0 1.0 0.0 0.0 0.0 -1.0 0.0 0.0 -12.508887512382
0.0 0.0 1.0 0.0 0.0 0.0 -0.6 0.0 0.0 -12.541621690353
0.0 0.0 1.0 0.0 0.0 0.0 -0.2 0.0 0.0 -12.556209785204
0.0 0.0 1.0 0.0 0.0 0.0 0.2 0.0 0.0 -12.550010140359
0.0 0.0 1.0 0.0 0.0 0.0 0.6 0.0 0.0 -12.516129984218
0.0 0.0 1.0 0.0 0.0 0.0 1.0 0.0 0.0 -12.44752066058
0.0 0.0 -1.0 0.0 0.0 0.0 0.0 -1.0 0.0 -12.478865662896
0.0 0.0 -1.0 0.0 0.0 0.0 0.0 -0.6 0.0 -12.520447103329
0.0 0.0 -1.0 0.0 0.0 0.0 0.0 -0.2 0.0 -12.550532833079
0.0 0.0 -1.0 0.0 0.0 0.0 0.0 0.2 0.0 -12.54996999494
0.0 0.0 -1.0 0.0 0.0 0.0 0.0 0.6 0.0 -12.473705994861
0.0 0.0 -1.0 0.0 0.0 0.0 0.0 1.0 0.0 -12.214429380795
0.0 0.0 -0.6 0.0 0.0 0.0 0.0 -1.0 0.0 -12.523771019871
0.0 0.0 -0.6 0.0 0.0 0.0 0.0 -0.6 0.0 -12.563813113
0.0 0.0 -0.6 0.0 0.0 0.0 0.0 -0.2 0.0 -12.59264095262
0.0 0.0 -0.6 0.0 0.0 0.0 0.0 0.2 0.0 -12.591219206248
0.0 0.0 -0.6 0.0 0.0 0.0 0.0 0.6 0.0 -12.514292472618
0.0 0.0 -0.6 0.0 0.0 0.0 0.0 1.0 0.0 -12.253760535206
0.0 0.0 -0.2 0.0 0.0 0.0 0.0 -1.0 0.0 -12.542608314493
0.0 0.0 -0.2 0.0 0.0 0.0 0.0 -0.6 0.0 -12.582028162515
0.0 0.0 -0.2 0.0 0.0 0.0 0.0 -0.2 0.0 -12.610370923905
0.0 0.0 -0.2 0.0 0.0 0.0 0.0 0.2 0.0 -12.608662079267
0.0 0.0 -0.2 0.0 0.0 0.0 0.0 0.6 0.0 -12.531528506029
0.0 0.0 -0.2 0.0 0.0 0.0 0.0 1.0 0.0 -12.27046948064
0.0 0.0 0.2 0.0 0.0 0.0 0.0 -1.0 0.0 -12.542608282607
0.0 0.0 0.2 0.0 0.0 0.0 0.0 -0.6 0.0 -12.582028151411
0.0 0.0 0.2 0.0 0.0 0.0 0.0 -0.2 0.0 -12.610370957891
0.0 0.0 0.2 0.0 0.0 0.0 0.0 0.2 0.0 -12.608662186811
0.0 0.0 0.2 0.0 0.0 0.0 0.0 0.6 0.0 -12.531528704887
0.0 0.0 0.2 0.0 0.0 0.0 0.0 1.0 0.0 -12.270469748662
0.0 0.0 0.6 0.0 0.0 0.0 0.0 -1.0 0.0 -12.523772789844
0.0 0.0 0.6 0.0 0.0 0.0 0.0 -0.6 0.0 -12.563814874136
0.0 0.0 0.6 0.0 0.0 0.0 0.0 -0.2 0.0 -12.592642791616
0.0 0.0 0.6 0.0 0.0 0.0 0.0 0.2 0.0 -12.591221223398
0.0 0.0 0.6 0.0 0.0 0.0 0.0 0.6 0.0 -12.514294737884
0.0 0.0 0.6 0.0 0.0 0.0 0.0 1.0 0.0 -12.253762995727
0.0 0.0 1.0 0.0 0.0 0.0 0.0 -1.0 0.0 -12.478875872614
0.0 0.0 1.0 0.0 0.0 0.0 0.0 -0.6 0.0 -12.520457016879
0.0 0.0 1.0 0.0 0.0 0.0 0.0 -0.2 0.0 -12.550542640947
0.0 0.0 1.0 0.0 0.0 0.0 0.0 0.2 0.0 -12.549979916112
0.0 0.0 1.0 0.0 0.0 0.0 0.0 0.6 0.0 -12.473716204533
0.0 0.0 1.0 0.0 0.0 0.0 0.0 1.0 0.0 -12.214439837207
0.0 0.0 -1.0 0.0 0.0 0.0 0.0 0.0 -1.0 -12.341804595709
0.0 0.0 -1.0 0.0 0.0 0.0 0.0 0.0 -0.6 -12.496908906732
0.0 0.0 -1.0 0.0 0.0 0.0 0.0 0.0 -0.2 -12.550294239004
0.0 0.0 -1.0 0.0 0.0 0.0 0.0 0.0 0.2 -12.550282756785
0.0 0.0 -1.0 0.0 0.0 0.0 0.0 0.0 0.6 -12.496449328645
0.0 0.0 -1.0 0.0 0.0 0.0 0.0 0.0 1.0 -12.338998906363
0.0 0.0 -0.6 0.0 0.0 0.0 0.0 0.0 -1.0 -12.383064276788
0.0 0.0 -0.6 0.0 0.0 0.0 0.0 0.0 -0.6 -12.538594131268
0.0 0.0 -0.6 0.0 0.0 0.0 0.0 0.0 -0.2 -12.591941002381
0.0 0.0 -0.6 0.0 0.0 0.0 0.0 0.0 0.2 -12.591926634467
0.0 0.0 -0.6 0.0 0.0 0.0 0.0 0.0 0.6 -12.538122509219
0.0 0.0 -0.6 0.0 0.0 0.0 0.0 0.0 1.0 -12.38022208945
0.0 0.0 -0.2 0.0 0.0 0.0 0.0 0.0 -1.0 -12.40042435658
0.0 0.0 -0.2 0.0 0.0 0.0 0.0 0.0 -0.6 -12.556177664457
0.0 0.0 -0.2 0.0 0.0 0.0 0.0 0.0 -0.2 -12.609511364658
0.0 0.0 -0.2 0.0 0.0 0.0 0.0 0.0 0.2 -12.60949603861
0.0 0.0 -0.2 0.0 0.0 0.0 0.0 0.0 0.6 -12.555701455239
0.0 0.0 -0.2 0.0 0.0 0.0 0.0 0.0 1.0 -12.397566295545
0.0 0.0 0.2 0.0 0.0 0.0 0.0 0.0 -1.0 -12.400424485589
0.0 0.0 0.2 0.0 0.0 0.0 0.0 0.0 -0.6 -12.556177750566
0.0 0.0 0.2 0.0 0.0 0.0 0.0 0.0 -0.2 -12.609511443365
0.0 0.0 0.2 0.0 0.0 0.0 0.0 0.0 0.2 -12.609496108102
0.0 0.0 0.2 0.0 0.0 0.0 0.0 0.0 0.6 -12.555701634373
0.0 0.0 0.2 0.0 0.0 0.0 0.0 0.0 1.0 -12.397566727293
0.0 0.0 0.6 0.0 0.0 0.0 0.0 0.0 -1.0 -12.38306673653
0.0 0.0 0.6 0.0 0.0 0.0 0.0 0.0 -0.6 -12.538596316095
0.0 0.0 0.6 0.0 0.0 0.0 0.0 0.0 -0.2 -12.591943021144
0.0 0.0 0.6 0.0 0.0 0.0 0.0 0.0 0.2 -12.591928489696
0.0 0.0 0.6 0.0 0.0 0.0 0.0 0.0 0.6 -12.538124563456
0.0 0.0 0.6 0.0 0.0 0.0 0.0 0.0 1.0 -12.380224775837
0.0 0.0 1.0 0.0 0.0 0.0 0.0 0.0 -1.0 -12.341816673318
0.0 0.0 1.0 0.0 0.0 0.0 0.0 0.0 -0.6 -12.496919986453
0.0 0.0 1.0 0.0 0.0 0.0 0.0 0.0 -0.2 -12.550304506212
0.0 0.0 1.0 0.0 0.0 0.0 0.0 0.0 0.2 -12.550292240244
0.0 0.0 1.0 0.0 0.0 0.0 0.0 0.0 0.6 -12.496458651355
0.0 0.0 1.0 0.0 0.0 0.0 0.0 0.0 1.0 -12.339008804194
0.0 0.0 0.0 -1.0 -1.0 0.0 0.0 0.0 0.0 -12.450992418492
0.0 0.0 0.0 -1.0 -0.6 0.0 0.0 0.0 0.0 -12.511084378723
0.0 0.0 0.0 -1.0 -0.2 0.0 0.0 0.0 0.0 -12.541433199234
0.0 0.0 0.0 -1.0 0.2 0.0 0.0 0.0 0.0 -12.541433081089
0.0 0.0 0.0 -1.0 0.6 0.0 0.0 0.0 0.0 -12.511084154371
0.0 0.0 0.0 -1.0 1.0 0.0 0.0 0.0 0.0 -12.450992518102
0.0 0.0 0.0 -0.6 -1.0 0.0 0.0 0.0 0.0 -12.514949016536
0.0 0.0 0.0 -0.6 -0.6 0.0 0.0 0.0 0.0 -12.566252706049
0.0 0.0 0.0 -0.6 -0.2 0.0 0.0 0.0 0.0 -12.591490451545
0.0 0.0 0.0 -0.6 0.2 0.0 0.0 0.0 0.0 -12.59149039947
0.0 0.0 0.0 -0.6 0.6 0.0 0.0 0.0 0.0 -12.56625266341
0.0 0.0 0.0 -0.6 1.0 0.0 0.0 0.0 0.0 -12.514949283518
0.0 0.0 0.0 -0.2 -1.0 0.0 0.0 0.0 0.0 -12.54672529595
0.0 0.0 0.0 -0.2 -0.6 0.0 0.0 0.0 0.0 -12.591254572794
0.0 0.0 0.0 -0.2 -0.2 0.0 0.0 0.0 0.0 -12.61250816382
0.0 0.0 0.0 -0.2 0.2 0.0 0.0 0.0 0.0 -12.61250815421
0.0 0.0 0.0 -0.2 0.6 0.0 0.0 0.0 0.0 -12.591254668983
0.0 0.0 0.0 -0.2 1.0 0.0 0.0 0.0 0.0 -12.546725745312
0.0 0.0 0.0 0.2 -1.0 0.0 0.0 0.0 0.0 -12.555914195811
0.0 0.0 0.0 0.2 -0.6 0.0 0.0 0.0 0.0 -12.595128089969
0.0 0.0 0.0 0.2 -0.2 0.0 0.0 0.0 0.0 -12.613210084015
0.0 0.0 0.0 0.2 0.2 0.0 0.0 0.0 0.0 -12.613210105517
0.0 0.0 0.0 0.2 0.6 0.0 0.0 0.0 0.0 -12.59512831404
0.0 0.0 0.0 0.2 1.0 0.0 0.0 0.0 0.0 -12.555914876179
0.0 0.0 0.0 0.6 -1.0 0.0 0.0 0.0 0.0 -12.549918226747
0.0 0.0 0.0 0.6 -0.6 0.0 0.0 0.0 0.0 -12.584850872146
0.0 0.0 0.0 0.6 -0.2 0.0 0.0 0.0 0.0 -12.600336234344
0.0 0.0 0.0 0.6 0.2 0.0 0.0 0.0 0.0 -12.600336279305
0.0 0.0 0.0 0.6 0.6 0.0 0.0 0.0 0.0 -12.584851221073
0.0 0.0 0.0 0.6 1.0 0.0 0.0 0.0 0.0 -12.549919186329
0.0 0.0 0.0 1.0 -1.0 0.0 0.0 0.0 0.0 -12.534197563858
0.0 0.0 0.0 1.0 -0.6 0.0 0.0 0.0 0.0 -12.565570606392
0.0 0.0 0.0 1.0 -0.2 0.0 0.0 0.0 0.0 -12.578861778445
0.0 0.0 0.0 1.0 0.2 0.0 0.0 0.0 0.0 -12.578861838899
0.0 0.0 0.0 1.0 0.6 0.0 0.0 0.0 0.0 -12.565571073848
0.0 0.0 0.0 1.0 1.0 0.0 0.0 0.0 0.0 -12.534198836191
0.0 0.0 0.0 -1.0 0.0 -1.0 0.0 0.0 0.0 -12.44313518532
0.0 0.0 0.0 -1.0 0.0 -0.6 0.0 0.0 0.0 -12.508746731746
0.0 0.0 0.0 -1.0 0.0 -0.2 0.0 0.0 0.0 -12.541207217774
0.0 0.0 0.0 -1.0 0.0 0.2 0.0 0.0 0.0 -12.541208720058
0.0 0.0 0.0 -1.0 0.0 0.6 0.0 0.0 0.0 -12.508751294617
0.0 0.0 0.0 -1.0 0.0 1.0 0.0 0.0 0.0 -12.443142165648
0.0 0.0 0.0 -0.6 0.0 -1.0 0.0 0.0 0.0 -12.50896983822
0.0 0.0 0.0 -0.6 0.0 -0.6 0.0 0.0 0.0 -12.564423728566
0.0 0.0 0.0 -0.6 0.0 -0.2 0.0 0.0 0.0 -12.591312935415
0.0 0.0 0.0 -0.6 0.0 0.2 0.0 0.0 0.0 -12.591313424354
0.0 0.0 0.0 -0.6 0.0 0.6 0.0 0.0 0.0 -12.564425236253
0.0 0.0 0.0 -0.6 0.0 1.0 0.0 0.0 0.0 -12.508971921652
0.0 0.0 0.0 -0.2 0.0 -1.0 0.0 0.0 0.0 -12.541061972221
0.0 0.0 0.0 -0.2 0.0 -0.6 0.0 0.0 0.0 -12.589417642497
0.0 0.0 0.0 -0.2 0.0 -0.2 0.0 0.0 0.0 -12.612323964329
0.0 0.0 0.0 -0.2 0.0 0.2 0.0 0.0 0.0 -12.612324054778
0.0 0.0 0.0 -0.2 0.0 0.6 0.0 0.0 0.0 -12.589417903501
0.0 0.0 0.0 -0.2 0.0 1.0 0.0 0.0 0.0 -12.541062083884
0.0 0.0 0.0 0.2 0.0 -1.0 0.0 0.0 0.0 -12.54972060161
0.0 0.0 0.0 0.2 0.0 -0.6 0.0 0.0 0.0 -12.593014430413
0.0 0.0 0.0 0.2 0.0 -0.2 0.0 0.0 0.0 -12.612991197073
0.0 0.0 0.0 0.2 0.0 0.2 0.0 0.0 0.0 -12.612991138189
0.0 0.0 0.0 0.2 0.0 0.6 0.0 0.0 0.0 -12.593014148716
0.0 0.0 0.0 0.2 0.0 1.0 0.0 0.0 0.0 -12.549719809675
0.0 0.0 0.0 0.6 0.0 -1.0 0.0 0.0 0.0 -12.542779270402
0.0 0.0 0.0 0.6 0.0 -0.6 0.0 0.0 0.0 -12.582339639874
0.0 0.0 0.0 0.6 0.0 -0.2 0.0 0.0 0.0 -12.600070796655
0.0 0.0 0.0 0.6 0.0 0.2 0.0 0.0 0.0 -12.600070661649
0.0 0.0 0.0 0.6 0.0 0.6 0.0 0.0 0.0 -12.582338988156
0.0 0.0 0.0 0.6 0.0 1.0 0.0 0.0 0.0 -12.542777752919
0.0 0.0 0.0 1.0 0.0 -1.0 0.0 0.0 0.0 -12.525936061791
0.0 0.0 0.0 1.0 0.0 -0.6 0.0 0.0 0.0 -12.562618552655
0.0 0.0 0.0 1.0 0.0 -0.2 0.0 0.0 0.0 -12.578546299462
0.0 0.0 0.0 1.0 0.0 0.2 0.0 0.0 0.0 -12.578546091397
0.0 0.0 0.0 1.0 0.0 0.6 0.0 0.0 0.0 -12.562617490111
0.0 0.0 0.0 1.0 0.0 1.0 0.0 0.0 0.0 -12.525933639888
0.0 0.0 0.0 -1.0 0.0 0.0 -1.0 0.0 0.0 -12.489955567203
0.0 0.0 0.0 -1.0 0.0 0.0 -0.6 0.0 0.0 -12.524527543412
0.0 0.0 0.0 -1.0 0.0 0.0 -0.2 0.0 0.0 -12.543188970742
0.0 0.0 0.0 -1.0 0.0 0.0 0.2 0.0 0.0 -12.541106978823
0.0 0.0 0.0 -1.0 0.0 0.0 0.6 0.0 0.0 -12.509930180853
0.0 0.0 0.0 -1.0 0.0 0.0 1.0 0.0 0.0 -12.442793227261
0.0 0.0 0.0 -0.6 0.0 0.0 -1.0 0.0 0.0 -12.536098096506
0.0 0.0 0.0 -0.6 0.0 0.0 -0.6 0.0 0.0 -12.572515199731
0.0 0.0 0.0 -0.6 0.0 0.0 -0.2 0.0 0.0 -12.592098613054
0.0 0.0 0.0 -0.6 0.0 0.0 0.2 0.0 0.0 -12.591178912453
0.0 0.0 0.0 -0.6 0.0 0.0 0.6 0.0 0.0 -12.562513824565
0.0 0.0 0.0 -0.6 0.0 0.0 1.0 0.0 0.0 -12.500053755365
0.0 0.0 0.0 -0.2 0.0 0.0 -1.0 0.0 0.0 -12.555992018878
0.0 0.0 0.0 -0.2 0.0 0.0 -0.6 0.0 0.0 -12.592871679482
0.0 0.0 0.0 -0.2 0.0 0.0 -0.2 0.0 0.0 -12.612443047558
0.0 0.0 0.0 -0.2 0.0 0.0 0.2 0.0 0.0 -12.612095769641
0.0 0.0 0.0 -0.2 0.0 0.0 0.6 0.0 0.0 -12.585516183675
0.0 0.0 0.0 -0.2 0.0 0.0 1.0 0.0 0.0 -12.527164752064
0.0 0.0 0.0 0.2 0.0 0.0 -1.0 0.0 0.0 -12.557627968628
0.0 0.0 0.0 0.2 0.0 0.0 -0.6 0.0 0.0 -12.593995814868
0.0 0.0 0.0 0.2 0.0 0.0 -0.2 0.0 0.0 -12.612853490636
0.0 0.0 0.0 0.2 0.0 0.0 0.2 0.0 0.0 -12.612551883289
0.0 0.0 0.0 0.2 0.0 0.0 0.6 0.0 0.0 -12.587549339913
0.0 0.0 0.0 0.2 0.0 0.0 1.0 0.0 0.0 -12.532554838372
0.0 0.0 0.0 0.6 0.0 0.0 -1.0 0.0 0.0 -12.547086465275
0.0 0.0 0.0 0.6 0.0 0.0 -0.6 0.0 0.0 -12.582310159117
0.0 0.0 0.0 0.6 0.0 0.0 -0.2 0.0 0.0 -12.599969041049
0.0 0.0 0.0 0.6 0.0 0.0 0.2 0.0 0.0 -12.59930641908
0.0 0.0 0.0 0.6 0.0 0.0 0.6 0.0 0.0 -12.57542698893
0.0 0.0 0.0 0.6 0.0 0.0 1.0 0.0 0.0 -12.523065088707
0.0 0.0 0.0 1.0 0.0 0.0 -1.0 0.0 0.0 -12.528777788763
0.0 0.0 0.0 1.0 0.0 0.0 -0.6 0.0 0.0 -12.562506060474
0.0 0.0 0.0 1.0 0.0 0.0 -0.2 0.0 0.0 -12.5786739375
0.0 0.0 0.0 1.0 0.0 0.0 0.2 0.0 0.0 -12.577370021631
0.0 0.0 0.0 1.0 0.0 0.0 0.6 0.0 0.0 -12.554259508281
0.0 0.0 0.0 1.0 0.0 0.0 1.0 0.0 0.0 -12.503925136889
0.0 0.0 0.0 -1.0 0.0 0.0 0.0 -1.0 0.0 -12.478285891372
0.0 0.0 0.0 -1.0 0.0 0.0 0.0 -0.6 0.0 -12.515891539214
0.0 0.0 0.0 -1.0 0.0 0.0 0.0 -0.2 0.0 -12.54168579862
0.0 0.0 0.0 -1.0 0.0 0.0 0.0 0.2 0.0 -12.537639270088
0.0 0.0 0.0 -1.0 0.0 0.0 0.0 0.6 0.0 -12.462519664059
0.0 0.0 0.0 -1.0 0.0 0.0 0.0 1.0 0.0 -12.218249613792
0.0 0.0 0.0 -0.6 0.0 0.0 0.0 -1.0 0.0 -12.524588476361
0.0 0.0 0.0 -0.6 0.0 0.0 0.0 -0.6 0.0 -12.563040960939
0.0 0.0 0.0 -0.6 0.0 0.0 0.0 -0.2 0.0 -12.590227240782
0.0 0.0 0.0 -0.6 0.0 0.0 0.0 0.2 0.0 -12.587821530341
0.0 0.0 0.0 -0.6 0.0 0.0 0.0 0.6 0.0 -12.512928023675
0.0 0.0 0.0 -0.6 0.0 0.0 0.0 1.0 0.0 -12.263118194527
0.0 0.0 0.0 -0.2 0.0 0.0 0.0 -1.0 0.0 -12.543245708909
0.0 0.0 0.0 -0.2 0.0 0.0 0.0 -0.6 0.0 -12.582312657751
0.0 0.0 0.0 -0.2 0.0 0.0 0.0 -0.2 0.0 -12.610320206015
0.0 0.0 0.0 -0.2 0.0 0.0 0.0 0.2 0.0 -12.608537965602
0.0 0.0 0.0 -0.2 0.0 0.0 0.0 0.6 0.0 -12.532404826883
0.0 0.0 0.0 -0.2 0.0 0.0 0.0 1.0 0.0 -12.275374027552
0.0 0.0 0.0 0.2 0.0 0.0 0.0 -1.0 0.0 -12.542361175979
0.0 0.0 0.0 0.2 0.0 0.0 0.0 -0.6 0.0 -12.581984996025
0.0 0.0 0.0 0.2 0.0 0.0 0.0 -0.2 0.0 -12.610492113101
0.0 0.0 0.0 0.2 0.0 0.0 0.0 0.2 0.0 -12.608656059552
0.0 0.0 0.0 0.2 0.0 0.0 0.0 0.6 0.0 -12.530266656186
0.0 0.0 0.0 0.2 0.0 0.0 0.0 1.0 0.0 -12.264796525422
0.0 0.0 0.0 0.6 0.0 0.0 0.0 -1.0 0.0 -12.528415356871
0.0 0.0 0.0 0.6 0.0 0.0 0.0 -0.6 0.0 -12.568570261605
0.0 0.0 0.0 0.6 0.0 0.0 0.0 -0.2 0.0 -12.597369565628
0.0 0.0 0.0 0.6 0.0 0.0 0.0 0.2 0.0 -12.594989952556
0.0 0.0 0.0 0.6 0.0 0.0 0.0 0.6 0.0 -12.513601333474
0.0 0.0 0.0 0.6 0.0 0.0 0.0 1.0 0.0 -12.238796872061
0.0 0.0 0.0 1.0 0.0 0.0 0.0 -1.0 0.0 -12.506287522513
0.0 0.0 0.0 1.0 0.0 0.0 0.0 -0.6 0.0 -12.546915242665
0.0 0.0 0.0 1.0 0.0 0.0 0.0 -0.2 0.0 -12.575852879782
0.0 0.0 0.0 1.0 0.0 0.0 0.0 0.2 0.0 -12.572562488592
0.0 0.0 0.0 1.0 0.0 0.0 0.0 0.6 0.0 -12.487616050227
0.0 0.0 0.0 1.0 0.0 0.0 0.0 1.0 0.0 -12.202820736286
0.0 0.0 0.0 -1.0 0.0 0.0 0.0 0.0 -1.0 -12.346743702112
0.0 0.0 0.0 -1.0 0.0 0.0 0.0 0.0 -0.6 -12.489845651598
0.0 0.0 0.0 -1.0 0.0 0.0 0.0 0.0 -0.2 -12.539790989474
0.0 0.0 0.0 -1.0 0.0 0.0 0.0 0.0 0.2 -12.539770396743
0.0 0.0 0.0 -1.0 0.0 0.0 0.0 0.0 0.6 -12.489398140295
0.0 0.0 0.0 -1.0 0.0 0.0 0.0 0.0 1.0 -12.344144436411
0.0 0.0 0.0 -0.6 0.0 0.0 0.0 0.0 -1.0 -12.390352733824
0.0 0.0 0.0 -0.6 0.0 0.0 0.0 0.0 -0.6 -12.538063699809
0.0 0.0 0.0 -0.6 0.0 0.0 0.0 0.0 -0.2 -12.58909013235
0.0 0.0 0.0 -0.6 0.0 0.0 0.0 0.0 0.2 -12.589073589672
0.0 0.0 0.0 -0.6 0.0 0.0 0.0 0.0 0.6 -12.53761045831
0.0 0.0 0.0 -0.6 0.0 0.0 0.0 0.0 1.0 -12.38765910797
0.0 0.0 0.0 -0.2 0.0 0.0 0.0 0.0 -1.0 -12.40400753859
0.0 0.0 0.0 -0.2 0.0 0.0 0.0 0.0 -0.6 -12.556959967603
0.0 0.0 0.0 -0.2 0.0 0.0 0.0 0.0 -0.2 -12.60944412575
0.0 0.0 0.0 -0.2 0.0 0.0 0.0 0.0 0.2 -12.609428819695
0.0 0.0 0.0 -0.2 0.0 0.0 0.0 0.0 0.6 -12.556492534987
0.0 0.0 0.0 -0.2 0.0 0.0 0.0 0.0 1.0 -12.401205506976
0.0 0.0 0.0 0.2 0.0 0.0 0.0 0.0 -1.0 -12.396561695534
0.0 0.0 0.0 0.2 0.0 0.0 0.0 0.0 -0.6 -12.55529610428
0.0 0.0 0.0 0.2 0.0 0.0 0.0 0.0 -0.2 -12.609546299632
0.0 0.0 0.0 0.2 0.0 0.0 0.0 0.0 0.2 -12.609530374451
0.0 0.0 0.0 0.2 0.0 0.0 0.0 0.0 0.6 -12.554809104417
0.0 0.0 0.0 0.2 0.0 0.0 0.0 0.0 1.0 -12.393642296895
0.0 0.0 0.0 0.6 0.0 0.0 0.0 0.0 -1.0 -12.374891156844
0.0 0.0 0.0 0.6 0.0 0.0 0.0 0.0 -0.6 -12.539847928778
0.0 0.0 0.0 0.6 0.0 0.0 0.0 0.0 -0.2 -12.596114275947
0.0 0.0 0.0 0.6 0.0 0.0 0.0 0.0 0.2 -12.596096403487
0.0 0.0 0.0 0.6 0.0 0.0 0.0 0.0 0.6 -12.539337701228
0.0 0.0 0.0 0.6 0.0 0.0 0.0 0.0 1.0 -12.371848339624
0.0 0.0 0.0 1.0 0.0 0.0 0.0 0.0 -1.0 -12.344106732152
0.0 0.0 0.0 1.0 0.0 0.0 0.0 0.0 -0.6 -12.515622363008
0.0 0.0 0.0 1.0 0.0 0.0 0.0 0.0 -0.2 -12.574107102347
0.0 0.0 0.0 1.0 0.0 0.0 0.0 0.0 0.2 -12.574086300197
0.0 0.0 0.0 1.0 0.0 0.0 0.0 0.0 0.6 -12.515086259976
0.0 0.0 0.0 1.0 0.0 0.0 0.0 0.0 1.0 -12.340936164524
0.0 0.0 0.0 0.0 -1.0 -1.0 0.0 0.0 0.0 -12.498691327915
0.0 0.0 0.0 0.0 -1.0 -0.6 0.0 0.0 0.0 -12.531440429023
0.0 0.0 0.0 0.0 -1.0 -0.2 0.0 0.0 0.0 -12.550993633111
0.0 0.0 0.0 0.0 -1.0 0.2 0.0 0.0 0.0 -12.550993418485
0.0 0.0 0.0 0.0 -1.0 0.6 0.0 0.0 0.0 -12.531439688566
0.0 0.0 0.0 0.0 -1.0 1.0 0.0 0.0 0.0 -12.498689899185
0.0 0.0 0.0 0.0 -0.6 -1.0 0.0 0.0 0.0 -12.52830005697
0.0 0.0 0.0 0.0 -0.6 -0.6 0.0 0.0 0.0 -12.569643080648
0.0 0.0 0.0 0.0 -0.6 -0.2 0.0 0.0 0.0 -12.592371227368
0.0 0.0 0.0 0.0 -0.6 0.2 0.0 0.0 0.0 -12.592371170628
0.0 0.0 0.0 0.0 -0.6 0.6 0.0 0.0 0.0 -12.569642771758
0.0 0.0 0.0 0.0 -0.6 1.0 0.0 0.0 0.0 -12.528299201329
0.0 0.0 0.0 0.0 -0.2 -1.0 0.0 0.0 0.0 -12.545494838533
0.0 0.0 0.0 0.0 -0.2 -0.6 0.0 0.0 0.0 -12.590653132947
0.0 0.0 0.0 0.0 -0.2 -0.2 0.0 0.0 0.0 -12.612321421036
0.0 0.0 0.0 0.0 -0.2 0.2 0.0 0.0 0.0 -12.612321416162
0.0 0.0 0.0 0.0 -0.2 0.6 0.0 0.0 0.0 -12.590653049165
0.0 0.0 0.0 0.0 -0.2 1.0 0.0 0.0 0.0 -12.545494381688
0.0 0.0 0.0 0.0 0.2 -1.0 0.0 0.0 0.0 -12.545494949816
0.0 0.0 0.0 0.0 0.2 -0.6 0.0 0.0 0.0 -12.590653219442
0.0 0.0 0.0 0.0 0.2 -0.2 0.0 0.0 0.0 -12.612321441253
0.0 0.0 0.0 0.0 0.2 0.2 0.0 0.0 0.0 -12.612321435836
0.0 0.0 0.0 0.0 0.2 0.6 0.0 0.0 0.0 -12.590653135023
0.0 0.0 0.0 0.0 0.2 1.0 0.0 0.0 0.0 -12.545494489013
0.0 0.0 0.0 0.0 0.6 -1.0 0.0 0.0 0.0 -12.528300374485
0.0 0.0 0.0 0.0 0.6 -0.6 0.0 0.0 0.0 -12.569643353298
0.0 0.0 0.0 0.0 0.6 -0.2 0.0 0.0 0.0 -12.59237140565
0.0 0.0 0.0 0.0 0.6 0.2 0.0 0.0 0.0 -12.592371347129
0.0 0.0 0.0 0.0 0.6 0.6 0.0 0.0 0.0 -12.569643042257
0.0 0.0 0.0 0.0 0.6 1.0 0.0 0.0 0.0 -12.528299512435
0.0 0.0 0.0 0.0 1.0 -1.0 0.0 0.0 0.0 -12.498691826041
0.0 0.0 0.0 0.0 1.0 -0.6 0.0 0.0 0.0 -12.531440952661
0.0 0.0 0.0 0.0 1.0 -0.2 0.0 0.0 0.0 -12.55099418572
0.0 0.0 0.0 0.0 1.0 0.2 0.0 0.0 0.0 -12.550993972761
0.0 0.0 0.0 0.0 1.0 0.6 0.0 0.0 0.0 -12.531440217928
0.0 0.0 0.0 0.0 1.0 1.0 0.0 0.0 0.0 -12.498690404159
0.0 0.0 0.0 0.0 -1.0 0.0 -1.0 0.0 0.0 -12.486301761922
0.0 0.0 0.0 0.0 -1.0 0.0 -0.6 0.0 0.0 -12.524112641586
0.0 0.0 0.0 0.0 -1.0 0.0 -0.2 0.0 0.0 -12.548139753877
0.0 0.0 0.0 0.0 -1.0 0.0 0.2 0.0 0.0 -12.55409226638
0.0 0.0 0.0 0.0 -1.0 0.0 0.6 0.0 0.0 -12.538235484904
0.0 0.0 0.0 0.0 -1.0 0.0 1.0 0.0 0.0 -12.499358641491
0.0 0.0 0.0 0.0 -0.6 0.0 -1.0 0.0 0.0 -12.531897429668
0.0 0.0 0.0 0.0 -0.6 0.0 -0.6 0.0 0.0 -12.569777588221
0.0 0.0 0.0 0.0 -0.6 0.0 -0.2 0.0 0.0 -12.591517138536
0.0 0.0 0.0 0.0 -0.6 0.0 0.2 0.0 0.0 -12.593797605326
0.0 0.0 0.0 0.0 -0.6 0.0 0.6 0.0 0.0 -12.571853009348
0.0 0.0 0.0 0.0 -0.6 0.0 1.0 0.0 0.0 -12.522461139974
0.0 0.0 0.0 0.0 -0.2 0.0 -1.0 0.0 0.0 -12.555671108208
0.0 0.0 0.0 0.0 -0.2 0.0 -0.6 0.0 0.0 -12.592584882117
0.0 0.0 0.0 0.0 -0.2 0.0 -0.2 0.0 0.0 -12.612203750417
0.0 0.0 0.0 0.0 -0.2 0.0 0.2 0.0 0.0 -12.612242021727
0.0 0.0 0.0 0.0 -0.2 0.0 0.6 0.0 0.0 -12.586949849939
0.0 0.0 0.0 0.0 -0.2 0.0 1.0 0.0 0.0 -12.531234986501
0.0 0.0 0.0 0.0 0.2 0.0 -1.0 0.0 0.0 -12.555671135882
0.0 0.0 0.0 0.0 0.2 0.0 -0.6 0.0 0.0 -12.592584910324
0.0 0.0 0.0 0.0 0.2 0.0 -0.2 0.0 0.0 -12.612203765305
0.0 0.0 0.0 0.0 0.2 0.0 0.2 0.0 0.0 -12.612242019011
0.0 0.0 0.0 0.0 0.2 0.0 0.6 0.0 0.0 -12.586949805263
0.0 0.0 0.0 0.0 0.2 0.0 1.0 0.0 0.0 -12.531234850139
0.0 0.0 0.0 0.0 0.6 0.0 -1.0 0.0 0.0 -12.531897569294
0.0 0.0 0.0 0.0 0.6 0.0 -0.6 0.0 0.0 -12.569777766413
0.0 0.0 0.0 0.0 0.6 0.0 -0.2 0.0 0.0 -12.591517312333
0.0 0.0 0.0 0.0 0.6 0.0 0.2 0.0 0.0 -12.593797743056
0.0 0.0 0.0 0.0 0.6 0.0 0.6 0.0 0.0 -12.571853039534
0.0 0.0 0.0 0.0 0.6 0.0 1.0 0.0 0.0 -12.522460939773
0.0 0.0 0.0 0.0 1.0 0.0 -1.0 0.0 0.0 -12.486302129335
0.0 0.0 0.0 0.0 1.0 0.0 -0.6 0.0 0.0 -12.524113141661
0.0 0.0 0.0 0.0 1.0 0.0 -0.2 0.0 0.0 -12.548140313047
0.0 0.0 0.0 0.0 1.0 0.0 0.2 0.0 0.0 -12.554092799988
0.0 0.0 0.0 0.0 1.0 0.0 0.6 0.0 0.0 -12.538235874836
0.0 0.0 0.0 0.0 1.0 0.0 1.0 0.0 0.0 -12.499358735898
0.0 0.0 0.0 0.0 -1.0 0.0 0.0 -1.0 0.0 -12.491318098329
0.0 0.0 0.0 0.0 -1.0 0.0 0.0 -0.6 0.0 -12.522423620127
0.0 0.0 0.0 0.0 -1.0 0.0 0.0 -0.2 0.0 -12.546533238741
0.0 0.0 0.0 0.0 -1.0 0.0 0.0 0.2 0.0 -12.555472046112
0.0 0.0 0.0 0.0 -1.0 0.0 0.0 0.6 0.0 -12.534144048864
0.0 0.0 0.0 0.0 -1.0 0.0 0.0 1.0 0.0 -12.455576974196
0.0 0.0 0.0 0.0 -0.6 0.0 0.0 -1.0 0.0 -12.524729460458
0.0 0.0 0.0 0.0 -0.6 0.0 0.0 -0.6 0.0 -12.561166127564
0.0 0.0 0.0 0.0 -0.6 0.0 0.0 -0.2 0.0 -12.588707053003
0.0 0.0 0.0 0.0 -0.6 0.0 0.0 0.2 0.0 -12.593760889215
0.0 0.0 0.0 0.0 -0.6 0.0 0.0 0.6 0.0 -12.546955227735
0.0 0.0 0.0 0.0 -0.6 0.0 0.0 1.0 0.0 -12.385608283649
0.0 0.0 0.0 0.0 -0.2 0.0 0.0 -1.0 0.0 -12.542527967331
0.0 0.0 0.0 0.0 -0.2 0.0 0.0 -0.6 0.0 -12.581562015702
0.0 0.0 0.0 0.0 -0.2 0.0 0.0 -0.2 0.0 -12.609829484513
0.0 0.0 0.0 0.0 -0.2 0.0 0.0 0.2 0.0 -12.609092253594
0.0 0.0 0.0 0.0 -0.2 0.0 0.0 0.6 0.0 -12.536195056652
0.0 0.0 0.0 0.0 -0.2 0.0 0.0 1.0 0.0 -12.289321921331
0.0 0.0 0.0 0.0 0.2 0.0 0.0 -1.0 0.0 -12.542528039842
0.0 0.0 0.0 0.0 0.2 0.0 0.0 -0.6 0.0 -12.581562093953
0.0 0.0 0.0 0.0 0.2 0.0 0.0 -0.2 0.0 -12.609829535854
0.0 0.0 0.0 0.0 0.2 0.0 0.0 0.2 0.0 -12.609092173216
0.0 0.0 0.0 0.0 0.2 0.0 0.0 0.6 0.0 -12.536194521442
0.0 0.0 0.0 0.0 0.2 0.0 0.0 1.0 0.0 -12.289319961905
0.0 0.0 0.0 0.0 0.6 0.0 0.0 -1.0 0.0 -12.524729688836
0.0 0.0 0.0 0.0 0.6 0.0 0.0 -0.6 0.0 -12.561166389709
0.0 0.0 0.0 0.0 0.6 0.0 0.0 -0.2 0.0 -12.588707287916
0.0 0.0 0.0 0.0 0.6 0.0 0.0 0.2 0.0 -12.593760891805
0.0 0.0 0.0 0.0 0.6 0.0 0.0 0.6 0.0 -12.546954387925
0.0 0.0 0.0 0.0 0.6 0.0 0.0 1.0 0.0 -12.385604915909
0.0 0.0 0.0 0.0 1.0 0.0 0.0 -1.0 0.0 -12.49131849948
0.0 0.0 0.0 0.0 1.0 0.0 0.0 -0.6 0.0 -12.522424113629
0.0 0.0 0.0 0.0 1.0 0.0 0.0 -0.2 0.0 -12.54653380427
0.0 0.0 0.0 0.0 1.0 0.0 0.0 0.2 0.0 -12.555472540493
0.0 0.0 0.0 0.0 1.0 0.0 0.0 0.6 0.0 -12.534144060462
0.0 0.0 0.0 0.0 1.0 0.0 0.0 1.0 0.0 -12.455575465839
0.0 0.0 0.0 0.0 -1.0 0.0 0.0 0.0 -1.0 -12.47411238743
0.0 0.0 0.0 0.0 -1.0 0.0 0.0 0.0 -0.6 -12.528813933651
0.0 0.0 0.0 0.0 -1.0 0.0 0.0 0.0 -0.2 -12.551070296702
0.0 0.0 0.0 0.0 -1.0 0.0 0.0 0.0 0.2 -12.551092462893
0.0 0.0 0.0 0.0 -1.0 0.0 0.0 0.0 0.6 -12.528743562403
0.0 0.0 0.0 0.0 -1.0 0.0 0.0 0.0 1.0 -12.473470220557
0.0 0.0 0.0 0.0 -0.6 0.0 0.0 0.0 -1.0 -12.452530873365
0.0 0.0 0.0 0.0 -0.6 0.0 0.0 0.0 -0.6 -12.55394186474
0.0 0.0 0.0 0.0 -0.6 0.0 0.0 0.0 -0.2 -12.59124693766
0.0 0.0 0.0 0.0 -0.6 0.0 0.0 0.0 0.2 -12.591254537871
0.0 0.0 0.0 0.0 -0.6 0.0 0.0 0.0 0.6 -12.553690571517
0.0 0.0 0.0 0.0 -0.6 0.0 0.0 0.0 1.0 -12.450914588929
0.0 0.0 0.0 0.0 -0.2 0.0 0.0 0.0 -1.0 -12.410247443578
0.0 0.0 0.0 0.0 -0.2 0.0 0.0 0.0 -0.6 -12.558320732158
0.0 0.0 0.0 0.0 -0.2 0.0 0.0 0.0 -0.2 -12.609455323587
0.0 0.0 0.0 0.0 -0.2 0.0 0.0 0.0 0.2 -12.609443222866
0.0 0.0 0.0 0.0 -0.2 0.0 0.0 0.0 0.6 -12.557875914471
0.0 0.0 0.0 0.0 -0.2 0.0 0.0 0.0 1.0 -12.407568336342
0.0 0.0 0.0 0.0 0.2 0.0 0.0 0.0 -1.0 -12.410245691568
0.0 0.0 0.0 0.0 0.2 0.0 0.0 0.0 -0.6 -12.55832027193
0.0 0.0 0.0 0.0 0.2 0.0 0.0 0.0 -0.2 -12.609455259904
0.0 0.0 0.0 0.0 0.2 0.0 0.0 0.0 0.2 -12.609443258674
0.0 0.0 0.0 0.0 0.2 0.0 0.0 0.0 0.6 -12.557875919304
0.0 0.0 0.0 0.0 0.2 0.0 0.0 0.0 1.0 -12.40756813535
0.0 0.0 0.0 0.0 0.6 0.0 0.0 0.0 -1.0 -12.452527853629
0.0 0.0 0.0 0.0 0.6 0.0 0.0 0.0 -0.6 -12.553941143289
0.0 0.0 0.0 0.0 0.6 0.0 0.0 0.0 -0.2 -12.591246964072
0.0 0.0 0.0 0.0 0.6 0.0 0.0 0.0 0.2 -12.591254751376
0.0 0.0 0.0 0.0 0.6 0.0 0.0 0.0 0.6 -12.553690721269
0.0 0.0 0.0 0.0 0.6 0.0 0.0 0.0 1.0 -12.450914368933
0.0 0.0 0.0 0.0 1.0 0.0 0.0 0.0 -1.0 -12.474110967303
0.0 0.0 0.0 0.0 1.0 0.0 0.0 0.0 -0.6 -12.528813934164
0.0 0.0 0.0 0.0 1.0 0.0 0.0 0.0 -0.2 -12.551070776339
0.0 0.0 0.0 0.0 1.0 0.0 0.0 0.0 0.2 -12.551093045264
0.0 0.0 0.0 0.0 1.0 0.0 0.0 0.0 0.6 -12.528744081458
0.0 0.0 0.0 0.0 1.0 0.0 0.0 0.0 1.0 -12.473470505524
0.0 0.0 0.0 0.0 0.0 -1.0 -1.0 0.0 0.0 -12.489306296904
0.0 0.0 0.0 0.0 0.0 -1.0 -0.6 0.0 0.0 -12.525494256125
0.0 0.0 0.0 0.0 0.0 -1.0 -0.2 0.0 0.0 -12.545448711425
0.0 0.0 0.0 0.0 0.0 -1.0 0.2 0.0 0.0 -12.544206469753
0.0 0.0 0.0 0.0 0.0 -1.0 0.6 0.0 0.0 -12.517551277908
0.0 0.0 0.0 0.0 0.0 -1.0 1.0 0.0 0.0 -12.465932673072
0.0 0.0 0.0 0.0 0.0 -0.6 -1.0 0.0 0.0 -12.533365461298
0.0 0.0 0.0 0.0 0.0 -0.6 -0.6 0.0 0.0 -12.570706356759
0.0 0.0 0.0 0.0 0.0 -0.6 -0.2 0.0 0.0 -12.590871012662
0.0 0.0 0.0 0.0 0.0 -0.6 0.2 0.0 0.0 -12.590111833374
0.0 0.0 0.0 0.0 0.0 -0.6 0.6 0.0 0.0 -12.563250321929
0.0 0.0 0.0 0.0 0.0 -0.6 1.0 0.0 0.0 -12.507647736615
0.0 0.0 0.0 0.0 0.0 -0.2 -1.0 0.0 0.0 -12.555863434668
0.0 0.0 0.0 0.0 0.0 -0.2 -0.6 0.0 0.0 -12.592722752303
0.0 0.0 0.0 0.0 0.0 -0.2 -0.2 0.0 0.0 -12.612161655079
0.0 0.0 0.0 0.0 0.0 -0.2 0.2 0.0 0.0 -12.61182832848
0.0 0.0 0.0 0.0 0.0 -0.2 0.6 0.0 0.0 -12.585905853163
0.0 0.0 0.0 0.0 0.0 -0.2 1.0 0.0 0.0 -12.529369771975
0.0 0.0 0.0 0.0 0.0 0.2 -1.0 0.0 0.0 -12.555863566524
0.0 0.0 0.0 0.0 0.0 0.2 -0.6 0.0 0.0 -12.592722768398
0.0 0.0 0.0 0.0 0.0 0.2 -0.2 0.0 0.0 -12.61216163411
0.0 0.0 0.0 0.0 0.0 0.2 0.2 0.0 0.0 -12.611828370752
0.0 0.0 0.0 0.0 0.0 0.2 0.6 0.0 0.0 -12.585906022482
0.0 0.0 0.0 0.0 0.0 0.2 1.0 0.0 0.0 -12.529370028817
0.0 0.0 0.0 0.0 0.0 0.6 -1.0 0.0 0.0 -12.533365738822
0.0 0.0 0.0 0.0 0.0 0.6 -0.6 0.0 0.0 -12.570706333865
0.0 0.0 0.0 0.0 0.0 0.6 -0.2 0.0 0.0 -12.590870903555
0.0 0.0 0.0 0.0 0.0 0.6 0.2 0.0 0.0 -12.590111889979
0.0 0.0 0.0 0.0 0.0 0.6 0.6 0.0 0.0 -12.563250696942
0.0 0.0 0.0 0.0 0.0 0.6 1.0 0.0 0.0 -12.507648284971
0.0 0.0 0.0 0.0 0.0 1.0 -1.0 0.0 0.0 -12.489306308395
0.0 0.0 0.0 0.0 0.0 1.0 -0.6 0.0 0.0 -12.525493873161
0.0 0.0 0.0 0.0 0.0 1.0 -0.2 0.0 0.0 -12.545448233273
0.0 0.0 0.0 0.0 0.0 1.0 0.2 0.0 0.0 -12.544206214848
0.0 0.0 0.0 0.0 0.0 1.0 0.6 0.0 0.0 -12.517551399909
0.0 0.0 0.0 0.0 0.0 1.0 1.0 0.0 0.0 -12.465932825271
0.0 0.0 0.0 0.0 0.0 -1.0 0.0 -1.0 0.0 -12.485783612139
0.0 0.0 0.0 0.0 0.0 -1.0 0.0 -0.6 0.0 -12.51679039525
0.0 0.0 0.0 0.0 0.0 -1.0 0.0 -0.2 0.0 -12.540763575386
0.0 0.0 0.0 0.0 0.0 -1.0 0.0 0.2 0.0 -12.549497839809
0.0 0.0 0.0 0.0 0.0 -1.0 0.0 0.6 0.0 -12.527987924867
0.0 0.0 0.0 0.0 0.0 -1.0 0.0 1.0 0.0 -12.450082671367
0.0 0.0 0.0 0.0 0.0 -0.6 0.0 -1.0 0.0 -12.52271184569
0.0 0.0 0.0 0.0 0.0 -0.6 0.0 -0.6 0.0 -12.55912851964
0.0 0.0 0.0 0.0 0.0 -0.6 0.0 -0.2 0.0 -12.58670060768
0.0 0.0 0.0 0.0 0.0 -0.6 0.0 0.2 0.0 -12.591936202426
0.0 0.0 0.0 0.0 0.0 -0.6 0.0 0.6 0.0 -12.545983573145
0.0 0.0 0.0 0.0 0.0 -0.6 0.0 1.0 0.0 -12.38781967879
0.0 0.0 0.0 0.0 0.0 -0.2 0.0 -1.0 0.0 -12.542302885287
0.0 0.0 0.0 0.0 0.0 -0.2 0.0 -0.6 0.0 -12.581336156591
0.0 0.0 0.0 0.0 0.0 -0.2 0.0 -0.2 0.0 -12.609614515339
0.0 0.0 0.0 0.0 0.0 -0.2 0.0 0.2 0.0 -12.608926729936
0.0 0.0 0.0 0.0 0.0 -0.2 0.0 0.6 0.0 -12.536232354615
0.0 0.0 0.0 0.0 0.0 -0.2 0.0 1.0 0.0 -12.290106225972
0.0 0.0 0.0 0.0 0.0 0.2 0.0 -1.0 0.0 -12.542302981702
0.0 0.0 0.0 0.0 0.0 0.2 0.0 -0.6 0.0 -12.581336249157
0.0 0.0 0.0 0.0 0.0 0.2 0.0 -0.2 0.0 -12.609614566801
0.0 0.0 0.0 0.0 0.0 0.2 0.0 0.2 0.0 -12.608926632603
0.0 0.0 0.0 0.0 0.0 0.2 0.0 0.6 0.0 -12.536231781121
0.0 0.0 0.0 0.0 0.0 0.2 0.0 1.0 0.0 -12.290104191479
0.0 0.0 0.0 0.0 0.0 0.6 0.0 -1.0 0.0 -12.522712043571
0.0 0.0 0.0 0.0 0.0 0.6 0.0 -0.6 0.0 -12.559128691678
0.0 0.0 0.0 0.0 0.0 0.6 0.0 -0.2 0.0 -12.586700671363
0.0 0.0 0.0 0.0 0.0 0.6 0.0 0.2 0.0 -12.591935945307
0.0 0.0 0.0 0.0 0.0 0.6 0.0 0.6 0.0 -12.545982405607
0.0 0.0 0.0 0.0 0.0 0.6 0.0 1.0 0.0 -12.387816008495
0.0 0.0 0.0 0.0 0.0 1.0 0.0 -1.0 0.0 -12.485783648005
0.0 0.0 0.0 0.0 0.0 1.0 0.0 -0.6 0.0 -12.516790333265
0.0 0.0 0.0 0.0 0.0 1.0 0.0 -0.2 0.0 -12.540763329476
0.0 0.0 0.0 0.0 0.0 1.0 0.0 0.2 0.0 -12.549497220649
0.0 0.0 0.0 0.0 0.0 1.0 0.0 0.6 0.0 -12.527986539972
0.0 0.0 0.0 0.0 0.0 1.0 0.0 1.0 0.0 -12.450079665109
0.0 0.0 0.0 0.0 0.0 -1.0 0.0 0.0 -1.0 -12.475780399038
0.0 0.0 0.0 0.0 0.0 -1.0 0.0 0.0 -0.6 -12.525204327858
0.0 0.0 0.0 0.0 0.0 -1.0 0.0 0.0 -0.2 -12.545439689033
0.0 0.0 0.0 0.0 0.0 -1.0 0.0 0.0 0.2 -12.545461763829
0.0 0.0 0.0 0.0 0.0 -1.0 0.0 0.0 0.6 -12.525147906229
0.0 0.0 0.0 0.0 0.0 -1.0 0.0 0.0 1.0 -12.47522181842
0.0 0.0 0.0 0.0 0.0 -0.6 0.0 0.0 -1.0 -12.456530270427
0.0 0.0 0.0 0.0 0.0 -0.6 0.0 0.0 -0.6 -12.553594548946
0.0 0.0 0.0 0.0 0.0 -0.6 0.0 0.0 -0.2 -12.589448103825
0.0 0.0 0.0 0.0 0.0 -0.6 0.0 0.0 0.2 -12.589456564239
0.0 0.0 0.0 0.0 0.0 -0.6 0.0 0.0 0.6 -12.553357955769
0.0 0.0 0.0 0.0 0.0 -0.6 0.0 0.0 1.0 -12.454999292674
0.0 0.0 0.0 0.0 0.0 -0.2 0.0 0.0 -1.0 -12.411104295353
0.0 0.0 0.0 0.0 0.0 -0.2 0.0 0.0 -0.6 -12.558388007202
0.0 0.0 0.0 0.0 0.0 -0.2 0.0 0.0 -0.2 -12.609280800154
0.0 0.0 0.0 0.0 0.0 -0.2 0.0 0.0 0.2 -12.609268887082
0.0 0.0 0.0 0.0 0.0 -0.2 0.0 0.0 0.6 -12.557945921725
0.0 0.0 0.0 0.0 0.0 -0.2 0.0 0.0 1.0 -12.408441950203
0.0 0.0 0.0 0.0 0.0 0.2 0.0 0.0 -1.0 -12.411101907159
0.0 0.0 0.0 0.0 0.0 0.2 0.0 0.0 -0.6 -12.558387358348
0.0 0.0 0.0 0.0 0.0 0.2 0.0 0.0 -0.2 -12.609280702599
0.0 0.0 0.0 0.0 0.0 0.2 0.0 0.0 0.2 -12.609268920787
0.0 0.0 0.0 0.0 0.0 0.2 0.0 0.0 0.6 -12.557945908776
0.0 0.0 0.0 0.0 0.0 0.2 0.0 0.0 1.0 -12.408441768735
0.0 0.0 0.0 0.0 0.0 0.6 0.0 0.0 -1.0 -12.456525809141
0.0 0.0 0.0 0.0 0.0 0.6 0.0 0.0 -0.6 -12.553593224956
0.0 0.0 0.0 0.0 0.0 0.6 0.0 0.0 -0.2 -12.589447862332
0.0 0.0 0.0 0.0 0.0 0.6 0.0 0.0 0.2 -12.589456559696
0.0 0.0 0.0 0.0 0.0 0.6 0.0 0.0 0.6 -12.553357776318
0.0 0.0 0.0 0.0 0.0 0.6 0.0 0.0 1.0 -12.454998646378
0.0 0.0 0.0 0.0 0.0 1.0 0.0 0.0 -1.0 -12.475776670896
0.0 0.0 0.0 0.0 0.0 1.0 0.0 0.0 -0.6 -12.525202897968
0.0 0.0 0.0 0.0 0.0 1.0 0.0 0.0 -0.2 -12.545439154396
0.0 0.0 0.0 0.0 0.0 1.0 0.0 0.0 0.2 -12.545461349487
0.0 0.0 0.0 0.0 0.0 1.0 0.0 0.0 0.6 -12.525147114083
0.0 0.0 0.0 0.0 0.0 1.0 0.0 0.0 1.0 -12.475220267933
0.0 0.0 0.0 0.0 0.0 0.0 -1.0 -1.0 0.0 -12.495086525184
0.0 0.0 0.0 0.0 0.0 0.0 -1.0 -0.6 0.0 -12.52664814057
0.0 0.0 0.0 0.0 0.0 0.0 -1.0 -0.2 0.0 -12.551351825753
0.0 0.0 0.0 0.0 0.0 0.0 -1.0 0.2 0.0 -12.560793444337
0.0 0.0 0.0 0.0 0.0 0.0 -1.0 0.6 0.0 -12.54061394695
0.0 0.0 0.0 0.0 0.0 0.0 -1.0 1.0 0.0 -12.465081363902
0.0 0.0 0.0 0.0 0.0 0.0 -0.6 -1.0 0.0 -12.525844554948
0.0 0.0 0.0 0.0 0.0 0.0 -0.6 -0.6 0.0 -12.562077888463
0.0 0.0 0.0 0.0 0.0 0.0 -0.6 -0.2 0.0 -12.589123993962
0.0 0.0 0.0 0.0 0.0 0.0 -0.6 0.2 0.0 -12.593361344733
0.0 0.0 0.0 0.0 0.0 0.0 -0.6 0.6 0.0 -12.545404581749
0.0 0.0 0.0 0.0 0.0 0.0 -0.6 1.0 0.0 -12.383584898645
0.0 0.0 0.0 0.0 0.0 0.0 -0.2 -1.0 0.0 -12.542679905413
0.0 0.0 0.0 0.0 0.0 0.0 -0.2 -0.6 0.0 -12.581608887943
0.0 0.0 0.0 0.0 0.0 0.0 -0.2 -0.2 0.0 -12.609690776604
0.0 0.0 0.0 0.0 0.0 0.0 -0.2 0.2 0.0 -12.608707988459
0.0 0.0 0.0 0.0 0.0 0.0 -0.2 0.6 0.0 -12.535503000473
0.0 0.0 0.0 0.0 0.0 0.0 -0.2 1.0 0.0 -12.289005960249
0.0 0.0 0.0 0.0 0.0 0.0 0.2 -1.0 0.0 -12.542330534124
0.0 0.0 0.0 0.0 0.0 0.0 0.2 -0.6 0.0 -12.581332231374
0.0 0.0 0.0 0.0 0.0 0.0 0.2 -0.2 0.0 -12.609466089527
0.0 0.0 0.0 0.0 0.0 0.0 0.2 0.2 0.0 -12.608323303081
0.0 0.0 0.0 0.0 0.0 0.0 0.2 0.6 0.0 -12.534369770018
0.0 0.0 0.0 0.0 0.0 0.0 0.2 1.0 0.0 -12.284229291668
0.0 0.0 0.0 0.0 0.0 0.0 0.6 -1.0 0.0 -12.523082163312
0.0 0.0 0.0 0.0 0.0 0.0 0.6 -0.6 0.0 -12.558571634469
0.0 0.0 0.0 0.0 0.0 0.0 0.6 -0.2 0.0 -12.583927483307
0.0 0.0 0.0 0.0 0.0 0.0 0.6 0.2 0.0 -12.584374648375
0.0 0.0 0.0 0.0 0.0 0.0 0.6 0.6 0.0 -12.528080548557
0.0 0.0 0.0 0.0 0.0 0.0 0.6 1.0 0.0 -12.346503246091
0.0 0.0 0.0 0.0 0.0 0.0 1.0 -1.0 0.0 -12.485359004888
0.0 0.0 0.0 0.0 0.0 0.0 1.0 -0.6 0.0 -12.513214271673
0.0 0.0 0.0 0.0 0.0 0.0 1.0 -0.2 0.0 -12.530431559127
0.0 0.0 0.0 0.0 0.0 0.0 1.0 0.2 0.0 -12.52663233734
0.0 0.0 0.0 0.0 0.0 0.0 1.0 0.6 0.0 -12.482243907068
0.0 0.0 0.0 0.0 0.0 0.0 1.0 1.0 0.0 -12.358885070599
0.0 0.0 0.0 0.0 0.0 0.0 -1.0 0.0 -1.0 -12.468909747288
0.0 0.0 0.0 0.0 0.0 0.0 -1.0 0.0 -0.6 -12.531337483481
0.0 0.0 0.0 0.0 0.0 0.0 -1.0 0.0 -0.2 -12.555903954985
0.0 0.0 0.0 0.0 0.0 0.0 -1.0 0.0 0.2 -12.555926686754
0.0 0.0 0.0 0.0 0.0 0.0 -1.0 0.0 0.6 -12.53125254785
0.0 0.0 0.0 0.0 0.0 0.0 -1.0 0.0 1.0 -12.468162094093
0.0 0.0 0.0 0.0 0.0 0.0 -0.6 0.0 -1.0 -12.435874190275
0.0 0.0 0.0 0.0 0.0 0.0 -0.6 0.0 -0.6 -12.549757834255
0.0 0.0 0.0 0.0 0.0 0.0 -0.6 0.0 -0.2 -12.59090814168
0.0 0.0 0.0 0.0 0.0 0.0 -0.6 0.0 0.2 -12.590912263415
0.0 0.0 0.0 0.0 0.0 0.0 -0.6 0.0 0.6 -12.549469671037
0.0 0.0 0.0 0.0 0.0 0.0 -0.6 0.0 1.0 -12.434060852879
0.0 0.0 0.0 0.0 0.0 0.0 -0.2 0.0 -1.0 -12.40084928884
0.0 0.0 0.0 0.0 0.0 0.0 -0.2 0.0 -0.6 -12.55573481945
0.0 0.0 0.0 0.0 0.0 0.0 -0.2 0.0 -0.2 -12.608986026157
0.0 0.0 0.0 0.0 0.0 0.0 -0.2 0.0 0.2 -12.608972653371
0.0 0.0 0.0 0.0 0.0 0.0 -0.2 0.0 0.6 -12.555271898079
0.0 0.0 0.0 0.0 0.0 0.0 -0.2 0.0 1.0 -12.398061215179
0.0 0.0 0.0 0.0 0.0 0.0 0.2 0.0 -1.0 -12.419539873458
0.0 0.0 0.0 0.0 0.0 0.0 0.2 0.0 -0.6 -12.560474588142
0.0 0.0 0.0 0.0 0.0 0.0 0.2 0.0 -0.2 -12.609197340069
0.0 0.0 0.0 0.0 0.0 0.0 0.2 0.0 0.2 -12.609184783423
0.0 0.0 0.0 0.0 0.0 0.0 0.2 0.0 0.6 -12.560042964072
0.0 0.0 0.0 0.0 0.0 0.0 0.2 0.0 1.0 -12.416959956162
0.0 0.0 0.0 0.0 0.0 0.0 0.6 0.0 -1.0 -12.470381808604
0.0 0.0 0.0 0.0 0.0 0.0 0.6 0.0 -0.6 -12.55491542761
0.0 0.0 0.0 0.0 0.0 0.0 0.6 0.0 -0.2 -12.585381175076
0.0 0.0 0.0 0.0 0.0 0.0 0.6 0.0 0.2 -12.585377201269
0.0 0.0 0.0 0.0 0.0 0.0 0.6 0.0 0.6 -12.554660541407
0.0 0.0 0.0 0.0 0.0 0.0 0.6 0.0 1.0 -12.468898764627
0.0 0.0 0.0 0.0 0.0 0.0 1.0 0.0 -1.0 -12.488287520908
0.0 0.0 0.0 0.0 0.0 0.0 1.0 0.0 -0.6 -12.520036811141
0.0 0.0 0.0 0.0 0.0 0.0 1.0 0.0 -0.2 -12.530973628167
0.0 0.0 0.0 0.0 0.0 0.0 1.0 0.0 0.2 -12.530960973032
0.0 0.0 0.0 0.0 0.0 0.0 1.0 0.0 0.6 -12.519897426827
0.0 0.0 0.0 0.0 0.0 0.0 1.0 0.0 1.0 -12.48765759685
0.0 0.0 0.0 0.0 0.0 0.0 0.0 -1.0 -1.0 -12.529370221196
0.0 0.0 0.0 0.0 0.0 0.0 0.0 -1.0 -0.6 -12.541025082018
0.0 0.0 0.0 0.0 0.0 0.0 0.0 -1.0 -0.2 -12.54438913472
0.0 0.0 0.0 0.0 0.0 0.0 0.0 -1.0 0.2 -12.544487929226
0.0 0.0 0.0 0.0 0.0 0.0 0.0 -1.0 0.6 -12.541245370559
0.0 0.0 0.0 0.0 0.0 0.0 0.0 -1.0 1.0 -12.529361961834
0.0 0.0 0.0 0.0 0.0 0.0 0.0 -0.6 -1.0 -12.533624700462
0.0 0.0 0.0 0.0 0.0 0.0 0.0 -0.6 -0.6 -12.570794249101
0.0 0.0 0.0 0.0 0.0 0.0 0.0 -0.6 -0.2 -12.58287703919
0.0 0.0 0.0 0.0 0.0 0.0 0.0 -0.6 0.2 -12.582932125969
0.0 0.0 0.0 0.0 0.0 0.0 0.0 -0.6 0.6 -12.570793344464
0.0 0.0 0.0 0.0 0.0 0.0 0.0 -0.6 1.0 -12.532859807247
0.0 0.0 0.0 0.0 0.0 0.0 0.0 -0.2 -1.0 -12.477535057098
0.0 0.0 0.0 0.0 0.0 0.0 0.0 -0.2 -0.6 -12.57564656949
0.0 0.0 0.0 0.0 0.0 0.0 0.0 -0.2 -0.2 -12.608905048396
0.0 0.0 0.0 0.0 0.0 0.0 0.0 -0.2 0.2 -12.608905076491
0.0 0.0 0.0 0.0 0.0 0.0 0.0 -0.2 0.6 -12.575328786978
0.0 0.0 0.0 0.0 0.0 0.0 0.0 -0.2 1.0 -12.475505770241
0.0 0.0 0.0 0.0 0.0 0.0 0.0 0.2 -1.0 -12.271612359071
0.0 0.0 0.0 0.0 0.0 0.0 0.0 0.2 -0.6 -12.517053549749
0.0 0.0 0.0 0.0 0.0 0.0 0.0 0.2 -0.2 -12.601634309162
0.0 0.0 0.0 0.0 0.0 0.0 0.0 0.2 0.2 -12.601635003212
0.0 0.0 0.0 0.0 0.0 0.0 0.0 0.2 0.6 -12.516485013419
0.0 0.0 0.0 0.0 0.0 0.0 0.0 0.2 1.0 -12.267870964978
0.0 0.0 0.0 0.0 0.0 0.0 0.0 0.6 -1.0 -11.700766424293
0.0 0.0 0.0 0.0 0.0 0.0 0.0 0.6 -0.6 -12.302312952656
0.0 0.0 0.0 0.0 0.0 0.0 0.0 0.6 -0.2 -12.510973396646
0.0 0.0 0.0 0.0 0.0 0.0 0.0 0.6 0.2 -12.511293082672
0.0 0.0 0.0 0.0 0.0 0.0 0.0 0.6 0.6 -12.302366849053
0.0 0.0 0.0 0.0 0.0 0.0 0.0 0.6 1.0 -11.696086618821
0.0 0.0 0.0 0.0 0.0 0.0 0.0 1.0 -1.0 -10.219146441808
0.0 0.0 0.0 0.0 0.0 0.0 0.0 1.0 -0.6 -11.708386512205
0.0 0.0 0.0 0.0 0.0 0.0 0.0 1.0 -0.2 -12.217040887442
0.0 0.0 0.0 0.0 0.0 0.0 0.0 1.0 0.2 -12.218887146385
0.0 0.0 0.0 0.0 0.0 0.0 0.0 1.0 0.6 -11.712900396411
0.0 0.0 0.0 0.0 0.0 0.0 0.0 1.0 1.0 -10.220000279142
