# header
0.0 0.0 0.0 0.0 0.0 0.0 -7.175648086847
-1.0 0.0 0.0 0.0 0.0 0.0 -7.11361937318
-0.6 0.0 0.0 0.0 0.0 0.0 -7.155007097192
-0.2 0.0 0.0 0.0 0.0 0.0 -7.173540922767
0.2 0.0 0.0 0.0 0.0 0.0 -7.173540929554
0.6 0.0 0.0 0.0 0.0 0.0 -7.155007235655
1.0 0.0 0.0 0.0 0.0 0.0 -7.113619757863
0.0 -1.0 0.0 0.0 0.0 0.0 -7.111357343787
0.0 -0.6 0.0 0.0 0.0 0.0 -7.153767142256
0.0 -0.2 0.0 0.0 0.0 0.0 -7.173324132893
0.0 0.2 0.0 0.0 0.0 0.0 -7.173334896957
0.0 0.6 0.0 0.0 0.0 0.0 -7.153801696154
0.0 1.0 0.0 0.0 0.0 0.0 -7.111418476411
0.0 0.0 -1.0 0.0 0.0 0.0 -7.090823151036
0.0 0.0 -0.6 0.0 0.0 0.0 -7.146938406947
0.0 0.0 -0.2 0.0 0.0 0.0 -7.172695620828
0.0 0.0 0.2 0.0 0.0 0.0 -7.172877497763
0.0 0.0 0.6 0.0 0.0 0.0 -7.151465874786
0.0 0.0 1.0 0.0 0.0 0.0 -7.109420736107
0.0 0.0 0.0 -1.0 0.0 0.0 -7.020023493425
0.0 0.0 0.0 -0.6 0.0 0.0 -7.132003331455
0.0 0.0 0.0 -0.2 0.0 0.0 -7.171795541145
0.0 0.0 0.0 0.2 0.0 0.0 -7.172532642249
0.0 0.0 0.0 0.6 0.0 0.0 -7.152545050146
0.0 0.0 0.0 1.0 0.0 0.0 -7.121932051889
0.0 0.0 0.0 0.0 -1.0 0.0 -6.956869579411
0.0 0.0 0.0 0.0 -0.6 0.0 -7.117571932884
0.0 0.0 0.0 0.0 -0.2 0.0 -7.170186274093
0.0 0.0 0.0 0.0 0.2 0.0 -7.170198772291
0.0 0.0 0.0 0.0 0.6 0.0 -7.118256325762
0.0 0.0 0.0 0.0 1.0 0.0 -6.961178733271
0.0 0.0 0.0 0.0 0.0 -1.0 -6.82960264853
0.0 0.0 0.0 0.0 0.0 -0.6 -7.092765048116
0.0 0.0 0.0 0.0 0.0 -0.2 -7.169240687055
0.0 0.0 0.0 0.0 0.0 0.2 -7.17099658818
0.0 0.0 0.0 0.0 0.0 0.6 -7.144099431841
0.0 0.0 0.0 0.0 0.0 1.0 -7.107662128062
-1.0 -1.0 0.0 0.0 0.0 0.0 -7.050865397397
-1.0 -0.6 0.0 0.0 0.0 0.0 -7.090974997192
-1.0 -0.2 0.0 0.0 0.0 0.0 -7.111110007806
-1.0 0.2 0.0 0.0 0.0 0.0 -7.111121886191
-1.0 0.6 0.0 0.0 0.0 0.0 -7.091010723716
-1.0 1.0 0.0 0.0 0.0 0.0 -7.050924036543
-0.6 -1.0 0.0 0.0 0.0 0.0 -7.08932767136
-0.6 -0.6 0.0 0.0 0.0 0.0 -7.131913281052
-0.6 -0.2 0.0 0.0 0.0 0.0 -7.152493247584
-0.6 0.2 0.0 0.0 0.0 0.0 -7.152504888397
-0.6 0.6 0.0 0.0 0.0 0.0 -7.131949289094
-0.6 1.0 0.0 0.0 0.0 0.0 -7.089388844856
-0.2 -1.0 0.0 0.0 0.0 0.0 -7.108927252499
-0.2 -0.6 0.0 0.0 0.0 0.0 -7.151443020163
-0.2 -0.2 0.0 0.0 0.0 0.0 -7.171185035812
-0.2 0.2 0.0 0.0 0.0 0.0 -7.17119593834
-0.2 0.6 0.0 0.0 0.0 0.0 -7.151477823946
-0.2 1.0 0.0 0.0 0.0 0.0 -7.10898846809
0.2 -1.0 0.0 0.0 0.0 0.0 -7.108927233561
0.2 -0.6 0.0 0.0 0.0 0.0 -7.151443022813
0.2 -0.2 0.0 0.0 0.0 0.0 -7.171185042439
0.2 0.2 0.0 0.0 0.0 0.0 -7.17119594523
0.2 0.6 0.0 0.0 0.0 0.0 -7.151477826565
0.2 1.0 0.0 0.0 0.0 0.0 -7.108988447333
0.6 -1.0 0.0 0.0 0.0 0.0 -7.089327661332
0.6 -0.6 0.0 0.0 0.0 0.0 -7.131913372762
0.6 -0.2 0.0 0.0 0.0 0.0 -7.152493381436
0.6 0.2 0.0 0.0 0.0 0.0 -7.152505022081
0.6 0.6 0.0 0.0 0.0 0.0 -7.131949378712
0.6 1.0 0.0 0.0 0.0 0.0 -7.089388827832
1.0 -1.0 0.0 0.0 0.0 0.0 -7.050865448471
1.0 -0.6 0.0 0.0 0.0 0.0 -7.090975257999
1.0 -0.2 0.0 0.0 0.0 0.0 -7.111110379196
1.0 0.2 0.0 0.0 0.0 0.0 -7.111122255726
1.0 0.6 0.0 0.0 0.0 0.0 -7.091010977791
1.0 1.0 0.0 0.0 0.0 0.0 -7.05092407389
-1.0 0.0 -1.0 0.0 0.0 0.0 -7.022596475084
-1.0 0.0 -0.6 0.0 0.0 0.0 -7.078565629519
-1.0 0.0 -0.2 0.0 0.0 0.0 -7.108495469192
-1.0 0.0 0.2 0.0 0.0 0.0 -7.112569494861
-1.0 0.0 0.6 0.0 0.0 0.0 -7.093489608426
-1.0 0.0 1.0 0.0 0.0 0.0 -7.054935377842
-0.6 0.0 -1.0 0.0 0.0 0.0 -7.065780216291
-0.6 0.0 -0.6 0.0 0.0 0.0 -7.122855189137
-0.6 0.0 -0.2 0.0 0.0 0.0 -7.151041908389
-0.6 0.0 0.2 0.0 0.0 0.0 -7.152855027748
-0.6 0.0 0.6 0.0 0.0 0.0 -7.131642918895
-0.6 0.0 1.0 0.0 0.0 0.0 -7.089839747021
-0.2 0.0 -1.0 0.0 0.0 0.0 -7.088041041495
-0.2 0.0 -0.6 0.0 0.0 0.0 -7.14434859572
-0.2 0.0 -0.2 0.0 0.0 0.0 -7.170455848983
-0.2 0.0 0.2 0.0 0.0 0.0 -7.170838896066
-0.2 0.0 0.6 0.0 0.0 0.0 -7.149393608488
-0.2 0.0 1.0 0.0 0.0 0.0 -7.107288145788
0.2 0.0 -1.0 0.0 0.0 0.0 -7.088041184306
0.2 0.0 -0.6 0.0 0.0 0.0 -7.144348699044
0.2 0.0 -0.2 0.0 0.0 0.0 -7.170455887633
0.2 0.0 0.2 0.0 0.0 0.0 -7.170838875517
0.2 0.0 0.6 0.0 0.0 0.0 -7.149393547542
0.2 0.0 1.0 0.0 0.0 0.0 -7.107288046658
0.6 0.0 -1.0 0.0 0.0 0.0 -7.065780645036
0.6 0.0 -0.6 0.0 0.0 0.0 -7.122855548888
0.6 0.0 -0.2 0.0 0.0 0.0 -7.15104212595
0.6 0.0 0.2 0.0 0.0 0.0 -7.152855089872
0.6 0.0 0.6 0.0 0.0 0.0 -7.131642839356
0.6 0.0 1.0 0.0 0.0 0.0 -7.08983951229
1.0 0.0 -1.0 0.0 0.0 0.0 -7.022597129559
1.0 0.0 -0.6 0.0 0.0 0.0 -7.07856625683
1.0 0.0 -0.2 0.0 0.0 0.0 -7.108495953499
1.0 0.0 0.2 0.0 0.0 0.0 -7.112569767514
1.0 0.0 0.6 0.0 0.0 0.0 -7.093489624926
1.0 0.0 1.0 0.0 0.0 0.0 -7.054935082866
-1.0 0.0 0.0 -1.0 0.0 0.0 -6.967580877646
-1.0 0.0 0.0 -0.6 0.0 0.0 -7.071405948419
-1.0 0.0 0.0 -0.2 0.0 0.0 -7.109405877772
-1.0 0.0 0.0 0.2 0.0 0.0 -7.111358847187
-1.0 0.0 0.0 0.6 0.0 0.0 -7.093952033687
-1.0 0.0 0.0 1.0 0.0 0.0 -7.066442096363
-0.6 0.0 0.0 -1.0 0.0 0.0 -7.001885650314
-0.6 0.0 0.0 -0.6 0.0 0.0 -7.111279587098
-0.6 0.0 0.0 -0.2 0.0 0.0 -7.150825526366
-0.6 0.0 0.0 0.2 0.0 0.0 -7.152391084058
-0.6 0.0 0.0 0.6 0.0 0.0 -7.133675574924
-0.6 0.0 0.0 1.0 0.0 0.0 -7.104443900752
-0.2 0.0 0.0 -1.0 0.0 0.0 -7.018115478529
-0.2 0.0 0.0 -0.6 0.0 0.0 -7.129838313276
-0.2 0.0 0.0 -0.2 0.0 0.0 -7.169635885701
-0.2 0.0 0.0 0.2 0.0 0.0 -7.17049606222
-0.2 0.0 0.0 0.6 0.0 0.0 -7.150676051414
-0.2 0.0 0.0 1.0 0.0 0.0 -7.120235611701
0.2 0.0 0.0 -1.0 0.0 0.0 -7.018115364288
0.2 0.0 0.0 -0.6 0.0 0.0 -7.129838275896
0.2 0.0 0.0 -0.2 0.0 0.0 -7.169635883624
0.2 0.0 0.0 0.2 0.0 0.0 -7.170496074172
0.2 0.0 0.0 0.6 0.0 0.0 -7.15067606655
0.2 0.0 0.0 1.0 0.0 0.0 -7.120235624633
0.6 0.0 0.0 -1.0 0.0 0.0 -7.001885418891
0.6 0.0 0.0 -0.6 0.0 0.0 -7.11127958953
0.6 0.0 0.0 -0.2 0.0 0.0 -7.150825637785
0.6 0.0 0.0 0.2 0.0 0.0 -7.1523912374
0.6 0.0 0.0 0.6 0.0 0.0 -7.13367573279
0.6 0.0 0.0 1.0 0.0 0.0 -7.104444041632
1.0 0.0 0.0 -1.0 0.0 0.0 -6.967580638469
1.0 0.0 0.0 -0.6 0.0 0.0 -7.071406097781
1.0 0.0 0.0 -0.2 0.0 0.0 -7.109406214532
1.0 0.0 0.0 0.2 0.0 0.0 -7.111359258647
1.0 0.0 0.0 0.6 0.0 0.0 -7.09395245229
1.0 0.0 0.0 1.0 0.0 0.0 -7.066442478739
-1.0 0.0 0.0 0.0 -1.0 0.0 -7.061987430895
-1.0 0.0 0.0 0.0 -0.6 0.0 -7.098252530287
-1.0 0.0 0.0 0.0 -0.2 0.0 -7.112098541297
-1.0 0.0 0.0 0.0 0.2 0.0 -7.11204770205
-1.0 0.0 0.0 0.0 0.6 0.0 -7.098243334287
-1.0 0.0 0.0 0.0 1.0 0.0 -7.062513968825
-0.6 0.0 0.0 0.0 -1.0 0.0 -7.031332870194
-0.6 0.0 0.0 0.0 -0.6 0.0 -7.120254380711
-0.6 0.0 0.0 0.0 -0.2 0.0 -7.151661471538
-0.6 0.0 0.0 0.0 0.2 0.0 -7.151631854167
-0.6 0.0 0.0 0.0 0.6 0.0 -7.120524384857
-0.6 0.0 0.0 0.0 1.0 0.0 -7.033342641966
-0.2 0.0 0.0 0.0 -1.0 0.0 -6.968879634277
-0.2 0.0 0.0 0.0 -0.6 0.0 -7.11880608163
-0.2 0.0 0.0 0.0 -0.2 0.0 -7.168377717583
-0.2 0.0 0.0 0.0 0.2 0.0 -7.168383783058
-0.2 0.0 0.0 0.0 0.6 0.0 -7.119428235465
-0.2 0.0 0.0 0.0 1.0 0.0 -6.972830669186
0.2 0.0 0.0 0.0 -1.0 0.0 -6.968878573572
0.2 0.0 0.0 0.0 -0.6 0.0 -7.11880579318
0.2 0.0 0.0 0.0 -0.2 0.0 -7.168377693059
0.2 0.0 0.0 0.0 0.2 0.0 -7.168383769329
0.2 0.0 0.0 0.0 0.6 0.0 -7.119428002451
0.2 0.0 0.0 0.0 1.0 0.0 -6.972829811765
0.6 0.0 0.0 0.0 -1.0 0.0 -7.031331209204
0.6 0.0 0.0 0.0 -0.6 0.0 -7.120253981741
0.6 0.0 0.0 0.0 -0.2 0.0 -7.151661551853
0.6 0.0 0.0 0.0 0.2 0.0 -7.151631952243
0.6 0.0 0.0 0.0 0.6 0.0 -7.120524077451
0.6 0.0 0.0 0.0 1.0 0.0 -7.033341301798
1.0 0.0 0.0 0.0 -1.0 0.0 -7.061986655658
1.0 0.0 0.0 0.0 -0.6 0.0 -7.09825253323
1.0 0.0 0.0 0.0 -0.2 0.0 -7.112098884743
1.0 0.0 0.0 0.0 0.2 0.0 -7.112048051455
1.0 0.0 0.0 0.0 0.6 0.0 -7.098243377874
1.0 0.0 0.0 0.0 1.0 0.0 -7.06251334843
-1.0 0.0 0.0 0.0 0.0 -1.0 -7.042725758095
-1.0 0.0 0.0 0.0 0.0 -0.6 -7.104047926953
-1.0 0.0 0.0 0.0 0.0 -0.2 -7.117361480681
-1.0 0.0 0.0 0.0 0.0 0.2 -7.105641185132
-1.0 0.0 0.0 0.0 0.0 0.6 -7.08222876168
-1.0 0.0 0.0 0.0 0.0 1.0 -7.054060176061
-0.6 0.0 0.0 0.0 0.0 -1.0 -6.970416077066
-0.6 0.0 0.0 0.0 0.0 -0.6 -7.115114144434
-0.6 0.0 0.0 0.0 0.0 -0.2 -7.154925555122
-0.6 0.0 0.0 0.0 0.0 0.2 -7.14773308338
-0.6 0.0 0.0 0.0 0.0 0.6 -7.12097415055
-0.6 0.0 0.0 0.0 0.0 1.0 -7.087400818003
-0.2 0.0 0.0 0.0 0.0 -1.0 -6.851701485483
-0.2 0.0 0.0 0.0 0.0 -0.6 -7.096985260167
-0.2 0.0 0.0 0.0 0.0 -0.2 -7.168076187082
-0.2 0.0 0.0 0.0 0.0 0.2 -7.168472546406
-0.2 0.0 0.0 0.0 0.0 0.6 -7.14149395919
-0.2 0.0 0.0 0.0 0.0 1.0 -7.105358173768
0.2 0.0 0.0 0.0 0.0 -1.0 -6.85169897539
0.2 0.0 0.0 0.0 0.0 -0.6 -7.096984579627
0.2 0.0 0.0 0.0 0.0 -0.2 -7.168076083427
0.2 0.0 0.0 0.0 0.0 0.2 -7.168472609603
0.2 0.0 0.0 0.0 0.0 0.6 -7.141494057311
0.2 0.0 0.0 0.0 0.0 1.0 -7.105358266769
0.6 0.0 0.0 0.0 0.0 -1.0 -6.970412095959
0.6 0.0 0.0 0.0 0.0 -0.6 -7.115113089625
0.6 0.0 0.0 0.0 0.0 -0.2 -7.154925498203
0.6 0.0 0.0 0.0 0.0 0.2 -7.147733319672
0.6 0.0 0.0 0.0 0.0 0.6 -7.120974436571
0.6 0.0 0.0 0.0 0.0 1.0 -7.087401080331
1.0 0.0 0.0 0.0 0.0 -1.0 -7.042723861453
1.0 0.0 0.0 0.0 0.0 -0.6 -7.104047617271
1.0 0.0 0.0 0.0 0.0 -0.2 -7.117361754708
1.0 0.0 0.0 0.0 0.0 0.2 -7.105641616518
1.0 0.0 0.0 0.0 0.0 0.6 -7.082229186978
1.0 0.0 0.0 0.0 0.0 1.0 -7.054060554626
0.0 -1.0 -1.0 0.0 0.0 0.0 -7.063633996534
0.0 -1.0 -0.6 0.0 0.0 0.0 -7.099402682241
0.0 -1.0 -0.2 0.0 0.0 0.0 -7.113443860744
0.0 -1.0 0.2 0.0 0.0 0.0 -7.103328824528
0.0 -1.0 0.6 0.0 0.0 0.0 -7.072416574893
0.0 -1.0 1.0 0.0 0.0 0.0 -7.030217976578
0.0 -0.6 -1.0 0.0 0.0 0.0 -7.081999869645
0.0 -0.6 -0.6 0.0 0.0 0.0 -7.130654479215
0.0 -0.6 -0.2 0.0 0.0 0.0 -7.152795901596
0.0 -0.6 0.2 0.0 0.0 0.0 -7.148388608745
0.0 -0.6 0.6 0.0 0.0 0.0 -7.121206226316
0.0 -0.6 1.0 0.0 0.0 0.0 -7.077861468884
0.0 -0.2 -1.0 0.0 0.0 0.0 -7.089906376913
0.0 -0.2 -0.6 0.0 0.0 0.0 -7.145182476148
0.0 -0.2 -0.2 0.0 0.0 0.0 -7.17060087857
0.0 -0.2 0.2 0.0 0.0 0.0 -7.170206020442
0.0 -0.2 0.6 0.0 0.0 0.0 -7.147971372424
0.0 -0.2 1.0 0.0 0.0 0.0 -7.105714728023
0.0 0.2 -1.0 0.0 0.0 0.0 -7.089913428536
0.0 0.2 -0.6 0.0 0.0 0.0 -7.145193341681
0.0 0.2 -0.2 0.0 0.0 0.0 -7.170611673932
0.0 0.2 0.2 0.0 0.0 0.0 -7.170217560976
0.0 0.2 0.6 0.0 0.0 0.0 -7.147986610285
0.0 0.2 1.0 0.0 0.0 0.0 -7.10573177539
0.0 0.6 -1.0 0.0 0.0 0.0 -7.082020553275
0.0 0.6 -0.6 0.0 0.0 0.0 -7.130685983967
0.0 0.6 -0.2 0.0 0.0 0.0 -7.152829837979
0.0 0.6 0.2 0.0 0.0 0.0 -7.1484247433
0.0 0.6 0.6 0.0 0.0 0.0 -7.121248781664
0.0 0.6 1.0 0.0 0.0 0.0 -7.077907393192
0.0 1.0 -1.0 0.0 0.0 0.0 -7.063666554638
0.0 1.0 -0.6 0.0 0.0 0.0 -7.099452130404
0.0 1.0 -0.2 0.0 0.0 0.0 -7.113502465649
0.0 1.0 0.2 0.0 0.0 0.0 -7.103391579061
0.0 1.0 0.6 0.0 0.0 0.0 -7.072480876573
0.0 1.0 1.0 0.0 0.0 0.0 -7.03028074815
0.0 -1.0 0.0 -1.0 0.0 0.0 -6.95840430131
0.0 -1.0 0.0 -0.6 0.0 0.0 -7.065086488161
0.0 -1.0 0.0 -0.2 0.0 0.0 -7.105961396331
0.0 -1.0 0.0 0.2 0.0 0.0 -7.110016628391
0.0 -1.0 0.0 0.6 0.0 0.0 -7.093518914015
0.0 -1.0 0.0 1.0 0.0 0.0 -7.065632741465
0.0 -0.6 0.0 -1.0 0.0 0.0 -6.999032861243
0.0 -0.6 0.0 -0.6 0.0 0.0 -7.109186342439
0.0 -0.6 0.0 -0.2 0.0 0.0 -7.149399567699
0.0 -0.6 0.0 0.2 0.0 0.0 -7.151199267382
0.0 -0.6 0.0 0.6 0.0 0.0 -7.132114112859
0.0 -0.6 0.0 1.0 0.0 0.0 -7.101904053936
0.0 -0.2 0.0 -1.0 0.0 0.0 -7.017788565307
0.0 -0.2 0.0 -0.6 0.0 0.0 -7.129574673346
0.0 -0.2 0.0 -0.2 0.0 0.0 -7.169417705668
0.0 -0.2 0.0 0.2 0.0 0.0 -7.170261453477
0.0 -0.2 0.0 0.6 0.0 0.0 -7.150342503527
0.0 -0.2 0.0 1.0 0.0 0.0 -7.119723583804
0.0 0.2 0.0 -1.0 0.0 0.0 -7.017796475415
0.0 0.2 0.0 -0.6 0.0 0.0 -7.129585566851
0.0 0.2 0.0 -0.2 0.0 0.0 -7.169428828525
0.0 0.2 0.0 0.2 0.0 0.0 -7.170271727592
0.0 0.2 0.0 0.6 0.0 0.0 -7.150351731588
0.0 0.2 0.0 1.0 0.0 0.0 -7.119731968998
0.0 0.6 0.0 -1.0 0.0 0.0 -6.999058589639
0.0 0.6 0.0 -0.6 0.0 0.0 -7.109221101978
0.0 0.6 0.0 -0.2 0.0 0.0 -7.149435198316
0.0 0.6 0.0 0.2 0.0 0.0 -7.151232248798
0.0 0.6 0.0 0.6 0.0 0.0 -7.132143398674
0.0 0.6 0.0 1.0 0.0 0.0 -7.101929825783
0.0 1.0 0.0 -1.0 0.0 0.0 -6.958451004429
0.0 1.0 0.0 -0.6 0.0 0.0 -7.065147732141
0.0 1.0 0.0 -0.2 0.0 0.0 -7.106024262525
0.0 1.0 0.0 0.2 0.0 0.0 -7.110075088198
0.0 1.0 0.0 0.6 0.0 0.0 -7.093570606564
0.0 1.0 0.0 1.0 0.0 0.0 -7.065677204401
0.0 -1.0 0.0 0.0 -1.0 0.0 -7.051255972014
0.0 -1.0 0.0 0.0 -0.6 0.0 -7.099318675325
0.0 -1.0 0.0 0.0 -0.2 0.0 -7.112794399138
0.0 -1.0 0.0 0.0 0.2 0.0 -7.105434402682
0.0 -1.0 0.0 0.0 0.6 0.0 -7.078479132563
0.0 -1.0 0.0 0.0 1.0 0.0 -7.019785002118
0.0 -0.6 0.0 0.0 -1.0 0.0 -7.009277478927
0.0 -0.6 0.0 0.0 -0.6 0.0 -7.115345237151
0.0 -0.6 0.0 0.0 -0.2 0.0 -7.150833117374
0.0 -0.6 0.0 0.0 0.2 0.0 -7.148906614014
0.0 -0.6 0.0 0.0 0.6 0.0 -7.111520735295
0.0 -0.6 0.0 0.0 1.0 0.0 -7.009323863361
0.0 -0.2 0.0 0.0 -1.0 0.0 -6.962447805149
0.0 -0.2 0.0 0.0 -0.6 0.0 -7.117214706617
0.0 -0.2 0.0 0.0 -0.2 0.0 -7.168093283545
0.0 -0.2 0.0 0.0 0.2 0.0 -7.168053661669
0.0 -0.2 0.0 0.0 0.6 0.0 -7.11859856898
0.0 -0.2 0.0 0.0 1.0 0.0 -6.970721558657
0.0 0.2 0.0 0.0 -1.0 0.0 -6.966734744394
0.0 0.2 0.0 0.0 -0.6 0.0 -7.117985698991
0.0 0.2 0.0 0.0 -0.2 0.0 -7.168057890705
0.0 0.2 0.0 0.0 0.2 0.0 -7.168113786755
0.0 0.2 0.0 0.0 0.6 0.0 -7.117883150299
0.0 0.2 0.0 0.0 1.0 0.0 -6.966566040379
0.0 0.6 0.0 0.0 -1.0 0.0 -7.006906181493
0.0 0.6 0.0 0.0 -0.6 0.0 -7.111208591131
0.0 0.6 0.0 0.0 -0.2 0.0 -7.148961354202
0.0 0.6 0.0 0.0 0.2 0.0 -7.150852341421
0.0 0.6 0.0 0.0 0.6 0.0 -7.115775632516
0.0 0.6 0.0 0.0 1.0 0.0 -7.011888849246
0.0 1.0 0.0 0.0 -1.0 0.0 -7.018768066043
0.0 1.0 0.0 0.0 -0.6 0.0 -7.078424810183
0.0 1.0 0.0 0.0 -0.2 0.0 -7.105531401964
0.0 1.0 0.0 0.0 0.2 0.0 -7.112818259686
0.0 1.0 0.0 0.0 0.6 0.0 -7.099478856881
0.0 1.0 0.0 0.0 1.0 0.0 -7.052301021279
0.0 -1.0 0.0 0.0 0.0 -1.0 -7.004953109251
0.0 -1.0 0.0 0.0 0.0 -0.6 -7.089716408628
0.0 -1.0 0.0 0.0 0.0 -0.2 -7.112724435818
0.0 -1.0 0.0 0.0 0.0 0.2 -7.104847897236
0.0 -1.0 0.0 0.0 0.0 0.6 -7.082755719021
0.0 -1.0 0.0 0.0 0.0 1.0 -7.054911019651
0.0 -0.6 0.0 0.0 0.0 -1.0 -6.933831089045
0.0 -0.6 0.0 0.0 0.0 -0.6 -7.103316598435
0.0 -0.6 0.0 0.0 0.0 -0.2 -7.151825849421
0.0 -0.6 0.0 0.0 0.0 0.2 -7.147546995338
0.0 -0.6 0.0 0.0 0.0 0.6 -7.121641054838
0.0 -0.6 0.0 0.0 0.0 1.0 -7.088168163332
0.0 -0.2 0.0 0.0 0.0 -1.0 -6.844850050452
0.0 -0.2 0.0 0.0 0.0 -0.6 -7.094914018196
0.0 -0.2 0.0 0.0 0.0 -0.2 -7.167546022333
0.0 -0.2 0.0 0.0 0.0 0.2 -7.168429094629
0.0 -0.2 0.0 0.0 0.0 0.6 -7.141588569461
0.0 -0.2 0.0 0.0 0.0 1.0 -7.105469839551
0.0 0.2 0.0 0.0 0.0 -1.0 -6.844495348995
0.0 0.2 0.0 0.0 0.0 -0.6 -7.094854039764
0.0 0.2 0.0 0.0 0.0 -0.2 -7.167551540244
0.0 0.2 0.0 0.0 0.0 0.2 -7.168438634278
0.0 0.2 0.0 0.0 0.0 0.6 -7.141590204361
0.0 0.2 0.0 0.0 0.0 1.0 -7.105466627066
0.0 0.6 0.0 0.0 0.0 -1.0 -6.933274029642
0.0 0.6 0.0 0.0 0.0 -0.6 -7.103245297086
0.0 0.6 0.0 0.0 0.0 -0.2 -7.151858591554
0.0 0.6 0.0 0.0 0.0 0.2 -7.14757158756
0.0 0.6 0.0 0.0 0.0 0.6 -7.121638304588
0.0 0.6 0.0 0.0 0.0 1.0 -7.088151854938
0.0 1.0 0.0 0.0 0.0 -1.0 -7.00482568754
0.0 1.0 0.0 0.0 0.0 -0.6 -7.089800157754
0.0 1.0 0.0 0.0 0.0 -0.2 -7.112812532639
0.0 1.0 0.0 0.0 0.0 0.2 -7.104877343407
0.0 1.0 0.0 0.0 0.0 0.6 -7.082730517167
0.0 1.0 0.0 0.0 0.0 1.0 -7.054865435202
0.0 0.0 -1.0 -1.0 0.0 0.0 -6.907806749916
0.0 0.0 -1.0 -0.6 0.0 0.0 -7.028756333925
0.0 0.0 -1.0 -0.2 0.0 0.0 -7.080625355697
0.0 0.0 -1.0 0.2 0.0 0.0 -7.094033126797
0.0 0.0 -1.0 0.6 0.0 0.0 -7.086342812805
0.0 0.0 -1.0 1.0 0.0 0.0 -7.067362424081
0.0 0.0 -0.6 -1.0 0.0 0.0 -6.984964038691
0.0 0.0 -0.6 -0.6 0.0 0.0 -7.097472780524
0.0 0.0 -0.6 -0.2 0.0 0.0 -7.140835218027
0.0 0.0 -0.6 0.2 0.0 0.0 -7.146197322961
0.0 0.0 -0.6 0.6 0.0 0.0 -7.131055517648
0.0 0.0 -0.6 1.0 0.0 0.0 -7.10520299447
0.0 0.0 -0.2 -1.0 0.0 0.0 -7.018533137024
0.0 0.0 -0.2 -0.6 0.0 0.0 -7.129018367001
0.0 0.0 -0.2 -0.2 0.0 0.0 -7.168661597595
0.0 0.0 -0.2 0.2 0.0 0.0 -7.169862008402
0.0 0.0 -0.2 0.6 0.0 0.0 -7.150631340963
0.0 0.0 -0.2 1.0 0.0 0.0 -7.120943403045
0.0 0.0 0.2 -1.0 0.0 0.0 -7.012586217365
0.0 0.0 0.2 -0.6 0.0 0.0 -7.127601317049
0.0 0.0 0.2 -0.2 0.0 0.0 -7.168731406415
0.0 0.0 0.2 0.2 0.0 0.0 -7.169882379219
0.0 0.0 0.2 0.6 0.0 0.0 -7.149744764868
0.0 0.0 0.2 1.0 0.0 0.0 -7.118586704001
0.0 0.0 0.6 -1.0 0.0 0.0 -6.974666309916
0.0 0.0 0.6 -0.6 0.0 0.0 -7.099410668886
0.0 0.0 0.6 -0.2 0.0 0.0 -7.145792779076
0.0 0.0 0.6 0.2 0.0 0.0 -7.149454447689
0.0 0.0 0.6 0.6 0.0 0.0 -7.130023655717
0.0 0.0 0.6 1.0 0.0 0.0 -7.098327553025
0.0 0.0 1.0 -1.0 0.0 0.0 -6.910590945481
0.0 0.0 1.0 -0.6 0.0 0.0 -7.04799179707
0.0 0.0 1.0 -0.2 0.0 0.0 -7.101536724376
0.0 0.0 1.0 0.2 0.0 0.0 -7.108953585597
0.0 0.0 1.0 0.6 0.0 0.0 -7.091136588856
0.0 0.0 1.0 1.0 0.0 0.0 -7.059741078379
0.0 0.0 -1.0 0.0 -1.0 0.0 -7.043754837872
0.0 0.0 -1.0 0.0 -0.6 0.0 -7.079682149273
0.0 0.0 -1.0 0.0 -0.2 0.0 -7.089906334051
0.0 0.0 -1.0 0.0 0.2 0.0 -7.089935782177
0.0 0.0 -1.0 0.0 0.6 0.0 -7.079933331367
0.0 0.0 -1.0 0.0 1.0 0.0 -7.044854424595
0.0 0.0 -0.6 0.0 -1.0 0.0 -7.021618561293
0.0 0.0 -0.6 0.0 -0.6 0.0 -7.113210187496
0.0 0.0 -0.6 0.0 -0.2 0.0 -7.14377799682
0.0 0.0 -0.6 0.0 0.2 0.0 -7.143780980409
0.0 0.0 -0.6 0.0 0.6 0.0 -7.113593662367
0.0 0.0 -0.6 0.0 1.0 0.0 -7.023950933586
0.0 0.0 -0.2 0.0 -1.0 0.0 -6.973271397659
0.0 0.0 -0.2 0.0 -0.6 0.0 -7.119632278524
0.0 0.0 -0.2 0.0 -0.2 0.0 -7.167708725318
0.0 0.0 -0.2 0.0 0.2 0.0 -7.167716352813
0.0 0.0 -0.2 0.0 0.6 0.0 -7.120243852097
0.0 0.0 -0.2 0.0 1.0 0.0 -6.97713922047
0.0 0.0 0.2 0.0 -1.0 0.0 -6.953516983372
0.0 0.0 0.2 0.0 -0.6 0.0 -7.11430007117
0.0 0.0 0.2 0.0 -0.2 0.0 -7.167347756294
0.0 0.0 0.2 0.0 0.2 0.0 -7.167361610407
0.0 0.0 0.2 0.0 0.6 0.0 -7.11499155603
0.0 0.0 0.2 0.0 1.0 0.0 -6.957830509881
0.0 0.0 0.6 0.0 -1.0 0.0 -6.979794984049
0.0 0.0 0.6 0.0 -0.6 0.0 -7.10384505395
0.0 0.0 0.6 0.0 -0.2 0.0 -7.146887226232
0.0 0.0 0.6 0.0 0.2 0.0 -7.146889784004
0.0 0.0 0.6 0.0 0.6 0.0 -7.104359424394
0.0 0.0 0.6 0.0 1.0 0.0 -6.982952339481
0.0 0.0 1.0 0.0 -1.0 0.0 -7.006380774586
0.0 0.0 1.0 0.0 -0.6 0.0 -7.07912244576
0.0 0.0 1.0 0.0 -0.2 0.0 -7.106424120377
0.0 0.0 1.0 0.0 0.2 0.0 -7.106411868622
0.0 0.0 1.0 0.0 0.6 0.0 -7.079380886029
0.0 0.0 1.0 0.0 1.0 0.0 -7.008001838217
0.0 0.0 -1.0 0.0 0.0 -1.0 -6.905270878671
0.0 0.0 -1.0 0.0 0.0 -0.6 -7.035596117322
0.0 0.0 -1.0 0.0 0.0 -0.2 -7.084062535413
0.0 0.0 -1.0 0.0 0.0 0.2 -7.090277768772
0.0 0.0 -1.0 0.0 0.0 0.6 -7.075573335345
0.0 0.0 -1.0 0.0 0.0 1.0 -7.051351973799
0.0 0.0 -0.6 0.0 0.0 -1.0 -6.893423579101
0.0 0.0 -0.6 0.0 0.0 -0.6 -7.083164161544
0.0 0.0 -0.6 0.0 0.0 -0.2 -7.141927359018
0.0 0.0 -0.6 0.0 0.0 0.2 -7.142900720454
0.0 0.0 -0.6 0.0 0.0 0.6 -7.119574645704
0.0 0.0 -0.6 0.0 0.0 1.0 -7.087241529861
0.0 0.0 -0.2 0.0 0.0 -1.0 -6.841344323736
0.0 0.0 -0.2 0.0 0.0 -0.6 -7.093109354888
0.0 0.0 -0.2 0.0 0.0 -0.2 -7.166624143333
0.0 0.0 -0.2 0.0 0.0 0.2 -7.168019489871
0.0 0.0 -0.2 0.0 0.0 0.6 -7.141422005019
0.0 0.0 -0.2 0.0 0.0 1.0 -7.105353972817
0.0 0.0 0.2 0.0 0.0 -1.0 -6.839880261436
0.0 0.0 0.2 0.0 0.0 -0.6 -7.093039845909
0.0 0.0 0.2 0.0 0.0 -0.2 -7.166845113578
0.0 0.0 0.2 0.0 0.0 0.2 -7.16813834641
0.0 0.0 0.2 0.0 0.0 0.6 -7.141508576159
0.0 0.0 0.2 0.0 0.0 1.0 -7.105586971103
0.0 0.0 0.6 0.0 0.0 -1.0 -6.912291924665
0.0 0.0 0.6 0.0 0.0 -0.6 -7.094280446441
0.0 0.0 0.6 0.0 0.0 -0.2 -7.148145965425
0.0 0.0 0.6 0.0 0.0 0.2 -7.14620020371
0.0 0.0 0.6 0.0 0.0 0.6 -7.121608386173
0.0 0.0 0.6 0.0 0.0 1.0 -7.089166067334
0.0 0.0 1.0 0.0 0.0 -1.0 -6.978298428651
0.0 0.0 1.0 0.0 0.0 -0.6 -7.078465146672
0.0 0.0 1.0 0.0 0.0 -0.2 -7.108716438896
0.0 0.0 1.0 0.0 0.0 0.2 -7.104457895433
0.0 0.0 1.0 0.0 0.0 0.6 -7.084665914385
0.0 0.0 1.0 0.0 0.0 1.0 -7.058795810134
0.0 0.0 0.0 -1.0 -1.0 0.0 -6.857461432214
0.0 0.0 0.0 -1.0 -0.6 0.0 -6.97718899508
0.0 0.0 0.0 -1.0 -0.2 0.0 -7.016050260212
0.0 0.0 0.0 -1.0 0.2 0.0 -7.016029420692
0.0 0.0 0.0 -1.0 0.6 0.0 -6.977595386442
0.0 0.0 0.0 -1.0 1.0 0.0 -6.860423908458
0.0 0.0 0.0 -0.6 -1.0 0.0 -6.943392715022
0.0 0.0 0.0 -0.6 -0.6 0.0 -7.082168269059
0.0 0.0 0.0 -0.6 -0.2 0.0 -7.127349331843
0.0 0.0 0.0 -0.6 0.2 0.0 -7.127349516586
0.0 0.0 0.0 -0.6 0.6 0.0 -7.082720425214
0.0 0.0 0.0 -0.6 1.0 0.0 -6.94700843788
0.0 0.0 0.0 -0.2 -1.0 0.0 -6.961617420127
0.0 0.0 0.0 -0.2 -0.6 0.0 -7.116113386025
0.0 0.0 0.0 -0.2 -0.2 0.0 -7.166570504068
0.0 0.0 0.0 -0.2 0.2 0.0 -7.166580514561
0.0 0.0 0.0 -0.2 0.6 0.0 -7.116763568772
0.0 0.0 0.0 -0.2 1.0 0.0 -6.965738264102
0.0 0.0 0.0 0.2 -1.0 0.0 -6.946903534256
0.0 0.0 0.0 0.2 -0.6 0.0 -7.11248304725
0.0 0.0 0.0 0.2 -0.2 0.0 -7.166872607436
0.0 0.0 0.0 0.2 0.2 0.0 -7.166886474894
0.0 0.0 0.0 0.2 0.6 0.0 -7.113192313678
0.0 0.0 0.0 0.2 1.0 0.0 -6.951352544311
0.0 0.0 0.0 0.6 -1.0 0.0 -6.919180182939
0.0 0.0 0.0 0.6 -0.6 0.0 -7.089988208651
0.0 0.0 0.0 0.6 -0.2 0.0 -7.146620668128
0.0 0.0 0.0 0.6 0.2 0.0 -7.146634591027
0.0 0.0 0.0 0.6 0.6 0.0 -7.090719354139
0.0 0.0 0.0 0.6 1.0 0.0 -6.923750346316
0.0 0.0 0.0 1.0 -1.0 0.0 -6.889420389204
0.0 0.0 0.0 1.0 -0.6 0.0 -7.058966496789
0.0 0.0 0.0 1.0 -0.2 0.0 -7.115936413979
0.0 0.0 0.0 1.0 0.2 0.0 -7.115947154313
0.0 0.0 0.0 1.0 0.6 0.0 -7.059682249643
0.0 0.0 0.0 1.0 1.0 0.0 -6.893892031755
0.0 0.0 0.0 -1.0 0.0 -1.0 -6.732605987649
0.0 0.0 0.0 -1.0 0.0 -0.6 -6.953785149282
0.0 0.0 0.0 -1.0 0.0 -0.2 -7.01686370033
0.0 0.0 0.0 -1.0 0.0 0.2 -7.012709791158
0.0 0.0 0.0 -1.0 0.0 0.6 -6.980031535144
0.0 0.0 0.0 -1.0 0.0 1.0 -6.935877441613
0.0 0.0 0.0 -0.6 0.0 -1.0 -6.814892066517
0.0 0.0 0.0 -0.6 0.0 -0.6 -7.056476373883
0.0 0.0 0.0 -0.6 0.0 -0.2 -7.126672075342
0.0 0.0 0.0 -0.6 0.0 0.2 -7.126731674906
0.0 0.0 0.0 -0.6 0.0 0.6 -7.098664791865
0.0 0.0 0.0 -0.6 0.0 1.0 -7.060278265085
0.0 0.0 0.0 -0.2 0.0 -1.0 -6.83302060796
0.0 0.0 0.0 -0.2 0.0 -0.6 -7.090620480769
0.0 0.0 0.0 -0.2 0.0 -0.2 -7.16555643855
0.0 0.0 0.0 -0.2 0.0 0.2 -7.167131766891
0.0 0.0 0.0 -0.2 0.0 0.6 -7.140298240951
0.0 0.0 0.0 -0.2 0.0 1.0 -7.103753807844
0.0 0.0 0.0 0.2 0.0 -1.0 -6.821956354996
0.0 0.0 0.0 0.2 0.0 -0.6 -7.088667706384
0.0 0.0 0.0 0.2 0.0 -0.2 -7.166096523891
0.0 0.0 0.0 0.2 0.0 0.2 -7.167776377044
0.0 0.0 0.0 0.2 0.0 0.6 -7.140559840782
0.0 0.0 0.0 0.2 0.0 1.0 -7.103908568705
0.0 0.0 0.0 0.6 0.0 -1.0 -6.802029717258
0.0 0.0 0.0 0.6 0.0 -0.6 -7.068987313925
0.0 0.0 0.0 0.6 0.0 -0.2 -7.146405769979
0.0 0.0 0.0 0.6 0.0 0.2 -7.147357074906
0.0 0.0 0.0 0.6 0.0 0.6 -7.119111396509
0.0 0.0 0.0 0.6 0.0 1.0 -7.081511208206
0.0 0.0 0.0 1.0 0.0 -1.0 -6.784370208489
0.0 0.0 0.0 1.0 0.0 -0.6 -7.041879963031
0.0 0.0 0.0 1.0 0.0 -0.2 -7.116530944055
0.0 0.0 0.0 1.0 0.0 0.2 -7.116121574902
0.0 0.0 0.0 1.0 0.0 0.6 -7.086706630939
0.0 0.0 0.0 1.0 0.0 1.0 -7.047964914175
0.0 0.0 0.0 0.0 -1.0 -1.0 -4.639856349005
0.0 0.0 0.0 0.0 -1.0 -0.6 -6.215375299377
0.0 0.0 0.0 0.0 -1.0 -0.2 -6.818723409377
0.0 0.0 0.0 0.0 -1.0 0.2 -7.036349458812
0.0 0.0 0.0 0.0 -1.0 0.6 -7.096921257489
0.0 0.0 0.0 0.0 -1.0 1.0 -7.095143799336
0.0 0.0 0.0 0.0 -0.6 -1.0 -6.24254319368
0.0 0.0 0.0 0.0 -0.6 -0.6 -6.854710515017
0.0 0.0 0.0 0.0 -0.6 -0.2 -7.075149611004
0.0 0.0 0.0 0.0 -0.6 0.2 -7.13589638926
0.0 0.0 0.0 0.0 -0.6 0.6 -7.132738394067
0.0 0.0 0.0 0.0 -0.6 1.0 -7.105299566105
0.0 0.0 0.0 0.0 -0.2 -1.0 -6.774211384965
0.0 0.0 0.0 0.0 -0.2 -0.6 -7.070140134348
0.0 0.0 0.0 0.0 -0.2 -0.2 -7.16032780576
0.0 0.0 0.0 0.0 -0.2 0.2 -7.167739438441
0.0 0.0 0.0 0.0 -0.2 0.6 -7.143147681004
0.0 0.0 0.0 0.0 -0.2 1.0 -7.107492877702
0.0 0.0 0.0 0.0 0.2 -1.0 -6.771288111492
0.0 0.0 0.0 0.0 0.2 -0.6 -7.069623246673
0.0 0.0 0.0 0.0 0.2 -0.2 -7.160313715026
0.0 0.0 0.0 0.0 0.2 0.2 -7.167729701796
0.0 0.0 0.0 0.0 0.2 0.6 -7.143058678309
0.0 0.0 0.0 0.0 0.2 1.0 -7.107349010431
0.0 0.0 0.0 0.0 0.6 -1.0 -6.235244190185
0.0 0.0 0.0 0.0 0.6 -0.6 -6.854524215648
0.0 0.0 0.0 0.0 0.6 -0.2 -7.075968503182
0.0 0.0 0.0 0.0 0.6 0.2 -7.136342314307
0.0 0.0 0.0 0.0 0.6 0.6 -7.132713974869
0.0 0.0 0.0 0.0 0.6 1.0 -7.104968738885
0.0 0.0 0.0 0.0 1.0 -1.0 -4.637806413958
0.0 0.0 0.0 0.0 1.0 -0.6 -6.222436725523
0.0 0.0 0.0 0.0 1.0 -0.2 -6.82439460128
0.0 0.0 0.0 0.0 1.0 0.2 -7.039379914874
0.0 0.0 0.0 0.0 1.0 0.6 -7.098024648897
0.0 0.0 0.0 0.0 1.0 1.0 -7.095130758712
