# header
0.0 0.0 0.0 -5.070544447731
-1.0 0.0 0.0 -5.006228499774
-0.6 0.0 0.0 -5.046490135176
-0.2 0.0 0.0 -5.067728453199
0.2 0.0 0.0 -5.067438708614
0.6 0.0 0.0 -5.040140456612
1.0 0.0 0.0 -4.986215245944
0.0 -1.0 0.0 -4.595910514996
0.0 -0.6 0.0 -4.960712449622
0.0 -0.2 0.0 -5.062255803245
0.0 0.2 0.0 -5.064610629571
0.0 0.6 0.0 -5.030557519175
0.0 1.0 0.0 -4.984012705493
0.0 0.0 -1.0 -4.784469419871
0.0 0.0 -0.6 -4.994986223227
0.0 0.0 -0.2 -5.063414523748
0.0 0.0 0.2 -5.063407808349
0.0 0.0 0.6 -4.994773686413
0.0 0.0 1.0 -4.783141534302
-1.0 -1.0 0.0 -4.960949343432
-1.0 -0.6 0.0 -5.018564846737
-1.0 -0.2 0.0 -5.017363227052
-1.0 0.2 0.0 -4.991636470516
-1.0 0.6 0.0 -4.957183726009
-1.0 1.0 0.0 -4.919323249801
-0.6 -1.0 0.0 -4.783477493731
-0.6 -0.6 0.0 -4.993397648382
-0.6 -0.2 0.0 -5.04691142502
-0.6 0.2 0.0 -5.036652510248
-0.6 0.6 0.0 -5.002053030936
-0.6 1.0 0.0 -4.958873953323
-0.2 -1.0 0.0 -4.612606892113
-0.2 -0.6 0.0 -4.96339131055
-0.2 -0.2 0.0 -5.06038623059
-0.2 0.2 0.0 -5.061303088412
-0.2 0.6 0.0 -5.027060304988
-0.2 1.0 0.0 -4.980878422265
0.2 -1.0 0.0 -4.634266769757
0.2 -0.6 0.0 -4.966817093737
0.2 -0.2 0.0 -5.060179536432
0.2 0.2 0.0 -5.061267757585
0.2 0.6 0.0 -5.027608884048
0.2 1.0 0.0 -4.98160300066
0.6 -1.0 0.0 -4.766041765962
0.6 -0.6 0.0 -4.975853960561
0.6 -0.2 0.0 -5.036851655786
0.6 0.2 0.0 -5.033398068538
0.6 0.6 0.0 -5.002726693784
0.6 1.0 0.0 -4.960793580978
1.0 -1.0 0.0 -4.746658017308
1.0 -0.6 0.0 -4.931048478051
1.0 -0.2 0.0 -4.981964140422
1.0 0.2 0.0 -4.982044557904
1.0 0.6 0.0 -4.958445156151
1.0 1.0 0.0 -4.923679388239
-1.0 0.0 -1.0 -4.912407176108
-1.0 0.0 -0.6 -4.978586091081
-1.0 0.0 -0.2 -5.0034712729
-1.0 0.0 0.2 -5.003493424436
-1.0 0.0 0.6 -4.978594414294
-1.0 0.0 1.0 -4.912185168953
-0.6 0.0 -1.0 -4.844078380591
-0.6 0.0 -0.6 -4.990850162695
-0.6 0.0 -0.2 -5.041135591989
-0.6 0.0 0.2 -5.041141283111
-0.6 0.0 0.6 -4.990734567565
-0.6 0.0 1.0 -4.843266171878
-0.2 0.0 -1.0 -4.779508279715
-0.2 0.0 -0.6 -4.991616164766
-0.2 0.0 -0.2 -5.06054570951
-0.2 0.0 0.2 -5.060539969555
-0.2 0.0 0.6 -4.991405691676
-0.2 0.0 1.0 -4.778180673012
0.2 0.0 -1.0 -4.816880776145
0.2 0.0 -0.6 -5.000319691267
0.2 0.0 -0.2 -5.061064139149
0.2 0.0 0.2 -5.061059462492
0.2 0.0 0.6 -5.000137533759
0.2 0.0 1.0 -4.815747588378
0.6 0.0 -1.0 -4.903413403809
0.6 0.0 -0.6 -5.001474494105
0.6 0.0 -0.2 -5.036375549929
0.6 0.0 0.2 -5.036377176992
0.6 0.0 0.6 -5.001389822754
0.6 0.0 1.0 -4.902874415423
1.0 0.0 -1.0 -4.935698929881
1.0 0.0 -0.6 -4.97126763976
1.0 0.0 -0.2 -4.984734306484
1.0 0.0 0.2 -4.984734148438
1.0 0.0 0.6 -4.971237040735
1.0 0.0 1.0 -4.935526440675
0.0 -1.0 -1.0 -1.348616313809
0.0 -1.0 -0.6 -3.732564702509
0.0 -1.0 -0.2 -4.513318502656
0.0 -1.0 0.2 -4.514256531854
0.0 -1.0 0.6 -3.73488224357
0.0 -1.0 1.0 -1.348885907854
0.0 -0.6 -1.0 -3.729578803818
0.0 -0.6 -0.6 -4.631373808341
0.0 -0.6 -0.2 -4.929364515214
0.0 -0.6 0.2 -4.929516253177
0.0 -0.6 0.6 -4.631390471051
0.0 -0.6 1.0 -3.727147220474
0.0 -0.2 -1.0 -4.595082750337
0.0 -0.2 -0.6 -4.938263420099
0.0 -0.2 -0.2 -5.050526077082
0.0 -0.2 0.2 -5.050526330986
0.0 -0.2 0.6 -4.93800082043
0.0 -0.2 1.0 -4.593283727539
0.0 0.2 -1.0 -4.890495981266
0.0 0.2 -0.6 -5.018900508841
0.0 0.2 -0.2 -5.06031214689
0.0 0.2 0.2 -5.060312031248
0.0 0.2 0.6 -5.018763012165
0.0 0.2 1.0 -4.88958383313
0.0 0.6 -1.0 -4.968371228099
0.0 0.6 -0.6 -5.01454513629
0.0 0.6 -0.2 -5.029069776442
0.0 0.6 0.2 -5.029091155283
0.0 0.6 0.6 -5.014542959531
0.0 0.6 1.0 -4.968044677136
0.0 1.0 -1.0 -4.965339526234
0.0 1.0 -0.6 -4.97947292665
0.0 1.0 -0.2 -4.983575714859
0.0 1.0 0.2 -4.983613380386
0.0 1.0 0.6 -4.97955645196
0.0 1.0 1.0 -4.965330918512
