# header
0.0 0.0 0.0 0.0 0.0 0.0 0.0 0.0 0.0 0.0 -9.72663052947
-1.0 0.0 0.0 0.0 0.0 0.0 0.0 0.0 0.0 0.0 -9.681254754709
-0.6 0.0 0.0 0.0 0.0 0.0 0.0 0.0 0.0 0.0 -9.71741484964
-0.2 0.0 0.0 0.0 0.0 0.0 0.0 0.0 0.0 0.0 -9.726169627306
0.2 0.0 0.0 0.0 0.0 0.0 0.0 0.0 0.0 0.0 -9.726169618925
0.6 0.0 0.0 0.0 0.0 0.0 0.0 0.0 0.0 0.0 -9.717414676423
1.0 0.0 0.0 0.0 0.0 0.0 0.0 0.0 0.0 0.0 -9.681254282932
0.0 -1.0 0.0 0.0 0.0 0.0 0.0 0.0 0.0 0.0 -9.681254900774
0.0 -0.6 0.0 0.0 0.0 0.0 0.0 0.0 0.0 0.0 -9.717414903111
0.0 -0.2 0.0 0.0 0.0 0.0 0.0 0.0 0.0 0.0 -9.726169629895
0.0 0.2 0.0 0.0 0.0 0.0 0.0 0.0 0.0 0.0 -9.72616961635
0.0 0.6 0.0 0.0 0.0 0.0 0.0 0.0 0.0 0.0 -9.717414623328
0.0 1.0 0.0 0.0 0.0 0.0 0.0 0.0 0.0 0.0 -9.681254138776
0.0 0.0 -1.0 0.0 0.0 0.0 0.0 0.0 0.0 0.0 -9.692156024901
0.0 0.0 -0.6 0.0 0.0 0.0 0.0 0.0 0.0 0.0 -9.71674892619
0.0 0.0 -0.2 0.0 0.0 0.0 0.0 0.0 0.0 0.0 -9.725703525795
0.0 0.0 0.2 0.0 0.0 0.0 0.0 0.0 0.0 0.0 -9.72570352301
0.0 0.0 0.6 0.0 0.0 0.0 0.0 0.0 0.0 0.0 -9.716748854433
0.0 0.0 1.0 0.0 0.0 0.0 0.0 0.0 0.0 0.0 -9.692155722124
0.0 0.0 0.0 -1.0 0.0 0.0 0.0 0.0 0.0 0.0 -9.692156081466
0.0 0.0 0.0 -0.6 0.0 0.0 0.0 0.0 0.0 0.0 -9.716748939599
0.0 0.0 0.0 -0.2 0.0 0.0 0.0 0.0 0.0 0.0 -9.72570352632
0.0 0.0 0.0 0.2 0.0 0.0 0.0 0.0 0.0 0.0 -9.725703522486
0.0 0.0 0.0 0.6 0.0 0.0 0.0 0.0 0.0 0.0 -9.716748841064
0.0 0.0 0.0 1.0 0.0 0.0 0.0 0.0 0.0 0.0 -9.692155665777
0.0 0.0 0.0 0.0 -1.0 0.0 0.0 0.0 0.0 0.0 -9.653948626656
0.0 0.0 0.0 0.0 -0.6 0.0 0.0 0.0 0.0 0.0 -9.704407052424
0.0 0.0 0.0 0.0 -0.2 0.0 0.0 0.0 0.0 0.0 -9.725137184491
0.0 0.0 0.0 0.0 0.2 0.0 0.0 0.0 0.0 0.0 -9.72513719121
0.0 0.0 0.0 0.0 0.6 0.0 0.0 0.0 0.0 0.0 -9.70440714885
0.0 0.0 0.0 0.0 1.0 0.0 0.0 0.0 0.0 0.0 -9.653948793267
0.0 0.0 0.0 0.0 0.0 -1.0 0.0 0.0 0.0 0.0 -9.653948654415
0.0 0.0 0.0 0.0 0.0 -0.6 0.0 0.0 0.0 0.0 -9.704407068453
0.0 0.0 0.0 0.0 0.0 -0.2 0.0 0.0 0.0 0.0 -9.725137185607
0.0 0.0 0.0 0.0 0.0 0.2 0.0 0.0 0.0 0.0 -9.725137190103
0.0 0.0 0.0 0.0 0.0 0.6 0.0 0.0 0.0 0.0 -9.704407132946
0.0 0.0 0.0 0.0 0.0 1.0 0.0 0.0 0.0 0.0 -9.653948765846
0.0 0.0 0.0 0.0 0.0 0.0 -1.0 0.0 0.0 0.0 -9.662990825786
0.0 0.0 0.0 0.0 0.0 0.0 -0.6 0.0 0.0 0.0 -9.70703948004
0.0 0.0 0.0 0.0 0.0 0.0 -0.2 0.0 0.0 0.0 -9.724749990788
0.0 0.0 0.0 0.0 0.0 0.0 0.2 0.0 0.0 0.0 -9.724991679466
0.0 0.0 0.0 0.0 0.0 0.0 0.6 0.0 0.0 0.0 -9.713652573848
0.0 0.0 0.0 0.0 0.0 0.0 1.0 0.0 0.0 0.0 -9.694661486429
0.0 0.0 0.0 0.0 0.0 0.0 0.0 -1.0 0.0 0.0 -9.645498049042
0.0 0.0 0.0 0.0 0.0 0.0 0.0 -0.6 0.0 0.0 -9.69448653904
0.0 0.0 0.0 0.0 0.0 0.0 0.0 -0.2 0.0 0.0 -9.722641341612
0.0 0.0 0.0 0.0 0.0 0.0 0.0 0.2 0.0 0.0 -9.722111733221
0.0 0.0 0.0 0.0 0.0 0.0 0.0 0.6 0.0 0.0 -9.679881800071
0.0 0.0 0.0 0.0 0.0 0.0 0.0 1.0 0.0 0.0 -9.575309091205
0.0 0.0 0.0 0.0 0.0 0.0 0.0 0.0 -1.0 0.0 -9.641188857842
0.0 0.0 0.0 0.0 0.0 0.0 0.0 0.0 -0.6 0.0 -9.692832672558
0.0 0.0 0.0 0.0 0.0 0.0 0.0 0.0 -0.2 0.0 -9.722397447262
0.0 0.0 0.0 0.0 0.0 0.0 0.0 0.0 0.2 0.0 -9.721756493693
0.0 0.0 0.0 0.0 0.0 0.0 0.0 0.0 0.6 0.0 -9.675145616644
0.0 0.0 0.0 0.0 0.0 0.0 0.0 0.0 1.0 0.0 -9.555953584838
0.0 0.0 0.0 0.0 0.0 0.0 0.0 0.0 0.0 -1.0 -9.652977361247
0.0 0.0 0.0 0.0 0.0 0.0 0.0 0.0 0.0 -0.6 -9.691788200714
0.0 0.0 0.0 0.0 0.0 0.0 0.0 0.0 0.0 -0.2 -9.721260846264
0.0 0.0 0.0 0.0 0.0 0.0 0.0 0.0 0.0 0.2 -9.718644099684
0.0 0.0 0.0 0.0 0.0 0.0 0.0 0.0 0.0 0.6 -9.610705793448
0.0 0.0 0.0 0.0 0.0 0.0 0.0 0.0 0.0 1.0 -9.161795146377
-1.0 -1.0 0.0 0.0 0.0 0.0 0.0 0.0 0.0 0.0 -9.601945886906
-1.0 -0.6 0.0 0.0 0.0 0.0 0.0 0.0 0.0 0.0 -9.654558220883
-1.0 -0.2 0.0 0.0 0.0 0.0 0.0 0.0 0.0 0.0 -9.67845093996
-1.0 0.2 0.0 0.0 0.0 0.0 0.0 0.0 0.0 0.0 -9.678450786654
-1.0 0.6 0.0 0.0 0.0 0.0 0.0 0.0 0.0 0.0 -9.654557760969
-1.0 1.0 0.0 0.0 0.0 0.0 0.0 0.0 0.0 0.0 -9.601945243679
-0.6 -1.0 0.0 0.0 0.0 0.0 0.0 0.0 0.0 0.0 -9.654558279974
-0.6 -0.6 0.0 0.0 0.0 0.0 0.0 0.0 0.0 0.0 -9.699366627206
-0.6 -0.2 0.0 0.0 0.0 0.0 0.0 0.0 0.0 0.0 -9.71577815628
-0.6 0.2 0.0 0.0 0.0 0.0 0.0 0.0 0.0 0.0 -9.7157780559
-0.6 0.6 0.0 0.0 0.0 0.0 0.0 0.0 0.0 0.0 -9.69936621206
-0.6 1.0 0.0 0.0 0.0 0.0 0.0 0.0 0.0 0.0 -9.654557513447
-0.2 -1.0 0.0 0.0 0.0 0.0 0.0 0.0 0.0 0.0 -9.678451057676
-0.2 -0.6 0.0 0.0 0.0 0.0 0.0 0.0 0.0 0.0 -9.715778194483
-0.2 -0.2 0.0 0.0 0.0 0.0 0.0 0.0 0.0 0.0 -9.725552525588
-0.2 0.2 0.0 0.0 0.0 0.0 0.0 0.0 0.0 0.0 -9.725552499394
-0.2 0.6 0.0 0.0 0.0 0.0 0.0 0.0 0.0 0.0 -9.715777893945
-0.2 1.0 0.0 0.0 0.0 0.0 0.0 0.0 0.0 0.0 -9.678450291128
0.2 -1.0 0.0 0.0 0.0 0.0 0.0 0.0 0.0 0.0 -9.67845096276
0.2 -0.6 0.0 0.0 0.0 0.0 0.0 0.0 0.0 0.0 -9.715778132586
0.2 -0.2 0.0 0.0 0.0 0.0 0.0 0.0 0.0 0.0 -9.725552509376
0.2 0.2 0.0 0.0 0.0 0.0 0.0 0.0 0.0 0.0 -9.725552483177
0.2 0.6 0.0 0.0 0.0 0.0 0.0 0.0 0.0 0.0 -9.715777831732
0.2 1.0 0.0 0.0 0.0 0.0 0.0 0.0 0.0 0.0 -9.678450196205
0.6 -1.0 0.0 0.0 0.0 0.0 0.0 0.0 0.0 0.0 -9.654557995231
0.6 -0.6 0.0 0.0 0.0 0.0 0.0 0.0 0.0 0.0 -9.69936637018
0.6 -0.2 0.0 0.0 0.0 0.0 0.0 0.0 0.0 0.0 -9.715777969967
0.6 0.2 0.0 0.0 0.0 0.0 0.0 0.0 0.0 0.0 -9.715777869884
0.6 0.6 0.0 0.0 0.0 0.0 0.0 0.0 0.0 0.0 -9.699365955014
0.6 1.0 0.0 0.0 0.0 0.0 0.0 0.0 0.0 0.0 -9.654557228684
1.0 -1.0 0.0 0.0 0.0 0.0 0.0 0.0 0.0 0.0 -9.601945488673
1.0 -0.6 0.0 0.0 0.0 0.0 0.0 0.0 0.0 0.0 -9.654557746303
1.0 -0.2 0.0 0.0 0.0 0.0 0.0 0.0 0.0 0.0 -9.678450465366
1.0 0.2 0.0 0.0 0.0 0.0 0.0 0.0 0.0 0.0 -9.678450312052
1.0 0.6 0.0 0.0 0.0 0.0 0.0 0.0 0.0 0.0 -9.654557286372
1.0 1.0 0.0 0.0 0.0 0.0 0.0 0.0 0.0 0.0 -9.601944845421
-1.0 0.0 -1.0 0.0 0.0 0.0 0.0 0.0 0.0 0.0 -9.629235507432
-1.0 0.0 -0.6 0.0 0.0 0.0 0.0 0.0 0.0 0.0 -9.664396778404
-1.0 0.0 -0.2 0.0 0.0 0.0 0.0 0.0 0.0 0.0 -9.679737844591
-1.0 0.0 0.2 0.0 0.0 0.0 0.0 0.0 0.0 0.0 -9.679136433583
-1.0 0.0 0.6 0.0 0.0 0.0 0.0 0.0 0.0 0.0 -9.663812610067
-1.0 0.0 1.0 0.0 0.0 0.0 0.0 0.0 0.0 0.0 -9.630932572598
-0.6 0.0 -1.0 0.0 0.0 0.0 0.0 0.0 0.0 0.0 -9.672968171689
-0.6 0.0 -0.6 0.0 0.0 0.0 0.0 0.0 0.0 0.0 -9.703725801088
-0.6 0.0 -0.2 0.0 0.0 0.0 0.0 0.0 0.0 0.0 -9.716200844947
-0.6 0.0 0.2 0.0 0.0 0.0 0.0 0.0 0.0 0.0 -9.715837025903
-0.6 0.0 0.6 0.0 0.0 0.0 0.0 0.0 0.0 0.0 -9.703639272049
-0.6 0.0 1.0 0.0 0.0 0.0 0.0 0.0 0.0 0.0 -9.674977936813
-0.2 0.0 -1.0 0.0 0.0 0.0 0.0 0.0 0.0 0.0 -9.689796519239
-0.2 0.0 -0.6 0.0 0.0 0.0 0.0 0.0 0.0 0.0 -9.715587115801
-0.2 0.0 -0.2 0.0 0.0 0.0 0.0 0.0 0.0 0.0 -9.725181439796
-0.2 0.0 0.2 0.0 0.0 0.0 0.0 0.0 0.0 0.0 -9.725175926519
-0.2 0.0 0.6 0.0 0.0 0.0 0.0 0.0 0.0 0.0 -9.71593657231
-0.2 0.0 1.0 0.0 0.0 0.0 0.0 0.0 0.0 0.0 -9.69113170871
0.2 0.0 -1.0 0.0 0.0 0.0 0.0 0.0 0.0 0.0 -9.691132076551
0.2 0.0 -0.6 0.0 0.0 0.0 0.0 0.0 0.0 0.0 -9.715936672127
0.2 0.0 -0.2 0.0 0.0 0.0 0.0 0.0 0.0 0.0 -9.72517592839
0.2 0.0 0.2 0.0 0.0 0.0 0.0 0.0 0.0 0.0 -9.725181427277
0.2 0.0 0.6 0.0 0.0 0.0 0.0 0.0 0.0 0.0 -9.715587050293
0.2 0.0 1.0 0.0 0.0 0.0 0.0 0.0 0.0 0.0 -9.689796257636
0.6 0.0 -1.0 0.0 0.0 0.0 0.0 0.0 0.0 0.0 -9.674978391901
0.6 0.0 -0.6 0.0 0.0 0.0 0.0 0.0 0.0 0.0 -9.703639360362
0.6 0.0 -0.2 0.0 0.0 0.0 0.0 0.0 0.0 0.0 -9.715836907693
0.6 0.0 0.2 0.0 0.0 0.0 0.0 0.0 0.0 0.0 -9.716200636257
0.6 0.0 0.6 0.0 0.0 0.0 0.0 0.0 0.0 0.0 -9.703725530181
0.6 0.0 1.0 0.0 0.0 0.0 0.0 0.0 0.0 0.0 -9.672967768395
1.0 0.0 -1.0 0.0 0.0 0.0 0.0 0.0 0.0 0.0 -9.630933108307
1.0 0.0 -0.6 0.0 0.0 0.0 0.0 0.0 0.0 0.0 -9.663812645673
1.0 0.0 -0.2 0.0 0.0 0.0 0.0 0.0 0.0 0.0 -9.6791360958
1.0 0.0 0.2 0.0 0.0 0.0 0.0 0.0 0.0 0.0 -9.679737271027
1.0 0.0 0.6 0.0 0.0 0.0 0.0 0.0 0.0 0.0 -9.664396070138
1.0 0.0 1.0 0.0 0.0 0.0 0.0 0.0 0.0 0.0 -9.629234690481
-1.0 0.0 0.0 -1.0 0.0 0.0 0.0 0.0 0.0 0.0 -9.617924418875
-1.0 0.0 0.0 -0.6 0.0 0.0 0.0 0.0 0.0 0.0 -9.656850358776
-1.0 0.0 0.0 -0.2 0.0 0.0 0.0 0.0 0.0 0.0 -9.677904285287
-1.0 0.0 0.0 0.2 0.0 0.0 0.0 0.0 0.0 0.0 -9.679417951378
-1.0 0.0 0.0 0.6 0.0 0.0 0.0 0.0 0.0 0.0 -9.659101715911
-1.0 0.0 0.0 1.0 0.0 0.0 0.0 0.0 0.0 0.0 -9.616059980934
-0.6 0.0 0.0 -1.0 0.0 0.0 0.0 0.0 0.0 0.0 -9.66757791505
-0.6 0.0 0.0 -0.6 0.0 0.0 0.0 0.0 0.0 0.0 -9.699411226686
-0.6 0.0 0.0 -0.2 0.0 0.0 0.0 0.0 0.0 0.0 -9.715049127749
-0.6 0.0 0.0 0.2 0.0 0.0 0.0 0.0 0.0 0.0 -9.715949023662
-0.6 0.0 0.0 0.6 0.0 0.0 0.0 0.0 0.0 0.0 -9.69975664192
-0.6 0.0 0.0 1.0 0.0 0.0 0.0 0.0 0.0 0.0 -9.662860725179
-0.2 0.0 0.0 -1.0 0.0 0.0 0.0 0.0 0.0 0.0 -9.690793719322
-0.2 0.0 0.0 -0.6 0.0 0.0 0.0 0.0 0.0 0.0 -9.715570659375
-0.2 0.0 0.0 -0.2 0.0 0.0 0.0 0.0 0.0 0.0 -9.725092965234
-0.2 0.0 0.0 0.2 0.0 0.0 0.0 0.0 0.0 0.0 -9.725106603941
-0.2 0.0 0.0 0.6 0.0 0.0 0.0 0.0 0.0 0.0 -9.714714536663
-0.2 0.0 0.0 1.0 0.0 0.0 0.0 0.0 0.0 0.0 -9.687509462529
0.2 0.0 0.0 -1.0 0.0 0.0 0.0 0.0 0.0 0.0 -9.687510080801
0.2 0.0 0.0 -0.6 0.0 0.0 0.0 0.0 0.0 0.0 -9.714714788
0.2 0.0 0.0 -0.2 0.0 0.0 0.0 0.0 0.0 0.0 -9.725106648772
0.2 0.0 0.0 0.2 0.0 0.0 0.0 0.0 0.0 0.0 -9.725092921361
0.2 0.0 0.0 0.6 0.0 0.0 0.0 0.0 0.0 0.0 -9.715570519449
0.2 0.0 0.0 1.0 0.0 0.0 0.0 0.0 0.0 0.0 -9.690793306337
0.6 0.0 0.0 -1.0 0.0 0.0 0.0 0.0 0.0 0.0 -9.662862104109
0.6 0.0 0.0 -0.6 0.0 0.0 0.0 0.0 0.0 0.0 -9.699757466454
0.6 0.0 0.0 -0.2 0.0 0.0 0.0 0.0 0.0 0.0 -9.715949166432
0.6 0.0 0.0 0.2 0.0 0.0 0.0 0.0 0.0 0.0 -9.715048693397
0.6 0.0 0.0 0.6 0.0 0.0 0.0 0.0 0.0 0.0 -9.699410473779
0.6 0.0 0.0 1.0 0.0 0.0 0.0 0.0 0.0 0.0 -9.667577009907
1.0 0.0 0.0 -1.0 0.0 0.0 0.0 0.0 0.0 0.0 -9.616061897502
1.0 0.0 0.0 -0.6 0.0 0.0 0.0 0.0 0.0 0.0 -9.659102860501
1.0 0.0 0.0 -0.2 0.0 0.0 0.0 0.0 0.0 0.0 -9.679418016981
1.0 0.0 0.0 0.2 0.0 0.0 0.0 0.0 0.0 0.0 -9.67790334892
1.0 0.0 0.0 0.6 0.0 0.0 0.0 0.0 0.0 0.0 -9.656848857694
1.0 0.0 0.0 1.0 0.0 0.0 0.0 0.0 0.0 0.0 -9.617922854081
-1.0 0.0 0.0 0.0 -1.0 0.0 0.0 0.0 0.0 0.0 -9.611366818724
-1.0 0.0 0.0 0.0 -0.6 0.0 0.0 0.0 0.0 0.0 -9.65927095468
-1.0 0.0 0.0 0.0 -0.2 0.0 0.0 0.0 0.0 0.0 -9.679548015049
-1.0 0.0 0.0 0.0 0.2 0.0 0.0 0.0 0.0 0.0 -9.679607356254
-1.0 0.0 0.0 0.0 0.6 0.0 0.0 0.0 0.0 0.0 -9.658874608563
-1.0 0.0 0.0 0.0 1.0 0.0 0.0 0.0 0.0 0.0 -9.61072565115
-0.6 0.0 0.0 0.0 -1.0 0.0 0.0 0.0 0.0 0.0 -9.645644881585
-0.6 0.0 0.0 0.0 -0.6 0.0 0.0 0.0 0.0 0.0 -9.695277202366
-0.6 0.0 0.0 0.0 -0.2 0.0 0.0 0.0 0.0 0.0 -9.715835147056
-0.6 0.0 0.0 0.0 0.2 0.0 0.0 0.0 0.0 0.0 -9.715838766448
-0.6 0.0 0.0 0.0 0.6 0.0 0.0 0.0 0.0 0.0 -9.694890193825
-0.6 0.0 0.0 0.0 1.0 0.0 0.0 0.0 0.0 0.0 -9.645000311984
-0.2 0.0 0.0 0.0 -1.0 0.0 0.0 0.0 0.0 0.0 -9.65367987505
-0.2 0.0 0.0 0.0 -0.6 0.0 0.0 0.0 0.0 0.0 -9.70401375109
-0.2 0.0 0.0 0.0 -0.2 0.0 0.0 0.0 0.0 0.0 -9.724671217561
-0.2 0.0 0.0 0.0 0.2 0.0 0.0 0.0 0.0 0.0 -9.724660152329
-0.2 0.0 0.0 0.0 0.6 0.0 0.0 0.0 0.0 0.0 -9.703838242815
-0.2 0.0 0.0 0.0 1.0 0.0 0.0 0.0 0.0 0.0 -9.653385912714
0.2 0.0 0.0 0.0 -1.0 0.0 0.0 0.0 0.0 0.0 -9.653385885106
0.2 0.0 0.0 0.0 -0.6 0.0 0.0 0.0 0.0 0.0 -9.703838253737
0.2 0.0 0.0 0.0 -0.2 0.0 0.0 0.0 0.0 0.0 -9.724660163487
0.2 0.0 0.0 0.0 0.2 0.0 0.0 0.0 0.0 0.0 -9.724671226679
0.2 0.0 0.0 0.0 0.6 0.0 0.0 0.0 0.0 0.0 -9.704013909042
0.2 0.0 0.0 0.0 1.0 0.0 0.0 0.0 0.0 0.0 -9.653680107014
0.6 0.0 0.0 0.0 -1.0 0.0 0.0 0.0 0.0 0.0 -9.645000565095
0.6 0.0 0.0 0.0 -0.6 0.0 0.0 0.0 0.0 0.0 -9.694890359929
0.6 0.0 0.0 0.0 -0.2 0.0 0.0 0.0 0.0 0.0 -9.715838697263
0.6 0.0 0.0 0.0 0.2 0.0 0.0 0.0 0.0 0.0 -9.715834973763
0.6 0.0 0.0 0.0 0.6 0.0 0.0 0.0 0.0 0.0 -9.69527721311
0.6 0.0 0.0 0.0 1.0 0.0 0.0 0.0 0.0 0.0 -9.645644909473
1.0 0.0 0.0 0.0 -1.0 0.0 0.0 0.0 0.0 0.0 -9.610726041524
1.0 0.0 0.0 0.0 -0.6 0.0 0.0 0.0 0.0 0.0 -9.658874777052
1.0 0.0 0.0 0.0 -0.2 0.0 0.0 0.0 0.0 0.0 -9.679607072181
1.0 0.0 0.0 0.0 0.2 0.0 0.0 0.0 0.0 0.0 -9.679547507326
1.0 0.0 0.0 0.0 0.6 0.0 0.0 0.0 0.0 0.0 -9.659270612442
1.0 0.0 0.0 0.0 1.0 0.0 0.0 0.0 0.0 0.0 -9.611366419103
-1.0 0.0 0.0 0.0 0.0 -1.0 0.0 0.0 0.0 0.0 -9.601431797724
-1.0 0.0 0.0 0.0 0.0 -0.6 0.0 0.0 0.0 0.0 -9.651658275008
-1.0 0.0 0.0 0.0 0.0 -0.2 0.0 0.0 0.0 0.0 -9.679605948119
-1.0 0.0 0.0 0.0 0.0 0.2 0.0 0.0 0.0 0.0 -9.677675366384
-1.0 0.0 0.0 0.0 0.0 0.6 0.0 0.0 0.0 0.0 -9.660973879331
-1.0 0.0 0.0 0.0 0.0 1.0 0.0 0.0 0.0 0.0 -9.618306616232
-0.6 0.0 0.0 0.0 0.0 -1.0 0.0 0.0 0.0 0.0 -9.635279753209
-0.6 0.0 0.0 0.0 0.0 -0.6 0.0 0.0 0.0 0.0 -9.688542206789
-0.6 0.0 0.0 0.0 0.0 -0.2 0.0 0.0 0.0 0.0 -9.715513248644
-0.6 0.0 0.0 0.0 0.0 0.2 0.0 0.0 0.0 0.0 -9.715350300151
-0.6 0.0 0.0 0.0 0.0 0.6 0.0 0.0 0.0 0.0 -9.699114946165
-0.6 0.0 0.0 0.0 0.0 1.0 0.0 0.0 0.0 0.0 -9.653477539603
-0.2 0.0 0.0 0.0 0.0 -1.0 0.0 0.0 0.0 0.0 -9.649189286933
-0.2 0.0 0.0 0.0 0.0 -0.6 0.0 0.0 0.0 0.0 -9.70127361267
-0.2 0.0 0.0 0.0 0.0 -0.2 0.0 0.0 0.0 0.0 -9.72445946146
-0.2 0.0 0.0 0.0 0.0 0.2 0.0 0.0 0.0 0.0 -9.724772178157
-0.2 0.0 0.0 0.0 0.0 0.6 0.0 0.0 0.0 0.0 -9.706256123846
-0.2 0.0 0.0 0.0 0.0 1.0 0.0 0.0 0.0 0.0 -9.657563347071
0.2 0.0 0.0 0.0 0.0 -1.0 0.0 0.0 0.0 0.0 -9.65756340896
0.2 0.0 0.0 0.0 0.0 -0.6 0.0 0.0 0.0 0.0 -9.706256176229
0.2 0.0 0.0 0.0 0.0 -0.2 0.0 0.0 0.0 0.0 -9.724772185496
0.2 0.0 0.0 0.0 0.0 0.2 0.0 0.0 0.0 0.0 -9.724459481746
0.2 0.0 0.0 0.0 0.0 0.6 0.0 0.0 0.0 0.0 -9.701273771121
0.2 0.0 0.0 0.0 0.0 1.0 0.0 0.0 0.0 0.0 -9.649189519235
0.6 0.0 0.0 0.0 0.0 -1.0 0.0 0.0 0.0 0.0 -9.653477879839
0.6 0.0 0.0 0.0 0.0 -0.6 0.0 0.0 0.0 0.0 -9.699115090893
0.6 0.0 0.0 0.0 0.0 -0.2 0.0 0.0 0.0 0.0 -9.715350158325
0.6 0.0 0.0 0.0 0.0 0.2 0.0 0.0 0.0 0.0 -9.715513151973
0.6 0.0 0.0 0.0 0.0 0.6 0.0 0.0 0.0 0.0 -9.688542298834
0.6 0.0 0.0 0.0 0.0 1.0 0.0 0.0 0.0 0.0 -9.635279871563
1.0 0.0 0.0 0.0 0.0 -1.0 0.0 0.0 0.0 0.0 -9.618307044168
1.0 0.0 0.0 0.0 0.0 -0.6 0.0 0.0 0.0 0.0 -9.660973871299
1.0 0.0 0.0 0.0 0.0 -0.2 0.0 0.0 0.0 0.0 -9.677674891573
1.0 0.0 0.0 0.0 0.0 0.2 0.0 0.0 0.0 0.0 -9.679605590358
1.0 0.0 0.0 0.0 0.0 0.6 0.0 0.0 0.0 0.0 -9.651658031351
1.0 0.0 0.0 0.0 0.0 1.0 0.0 0.0 0.0 0.0 -9.601431424404
-1.0 0.0 0.0 0.0 0.0 0.0 -1.0 0.0 0.0 0.0 -9.657522158347
-1.0 0.0 0.0 0.0 0.0 0.0 -0.6 0.0 0.0 0.0 -9.683098759008
-1.0 0.0 0.0 0.0 0.0 0.0 -0.2 0.0 0.0 0.0 -9.685810502414
-1.0 0.0 0.0 0.0 0.0 0.0 0.2 0.0 0.0 0.0 -9.673791848782
-1.0 0.0 0.0 0.0 0.0 0.0 0.6 0.0 0.0 0.0 -9.652414890441
-1.0 0.0 0.0 0.0 0.0 0.0 1.0 0.0 0.0 0.0 -9.625229099853
-0.6 0.0 0.0 0.0 0.0 0.0 -1.0 0.0 0.0 0.0 -9.671803120933
-0.6 0.0 0.0 0.0 0.0 0.0 -0.6 0.0 0.0 0.0 -9.707577320861
-0.6 0.0 0.0 0.0 0.0 0.0 -0.2 0.0 0.0 0.0 -9.718483208783
-0.6 0.0 0.0 0.0 0.0 0.0 0.2 0.0 0.0 0.0 -9.713089575831
-0.6 0.0 0.0 0.0 0.0 0.0 0.6 0.0 0.0 0.0 -9.697070792086
-0.6 0.0 0.0 0.0 0.0 0.0 1.0 0.0 0.0 0.0 -9.674196693619
-0.2 0.0 0.0 0.0 0.0 0.0 -1.0 0.0 0.0 0.0 -9.664810690635
-0.2 0.0 0.0 0.0 0.0 0.0 -0.6 0.0 0.0 0.0 -9.707816489939
-0.2 0.0 0.0 0.0 0.0 0.0 -0.2 0.0 0.0 0.0 -9.72466449095
-0.2 0.0 0.0 0.0 0.0 0.0 0.2 0.0 0.0 0.0 -9.72418779176
-0.2 0.0 0.0 0.0 0.0 0.0 0.6 0.0 0.0 0.0 -9.7122485023
-0.2 0.0 0.0 0.0 0.0 0.0 1.0 0.0 0.0 0.0 -9.692756033245
0.2 0.0 0.0 0.0 0.0 0.0 -1.0 0.0 0.0 0.0 -9.664810622241
0.2 0.0 0.0 0.0 0.0 0.0 -0.6 0.0 0.0 0.0 -9.707816460675
0.2 0.0 0.0 0.0 0.0 0.0 -0.2 0.0 0.0 0.0 -9.724664479242
0.2 0.0 0.0 0.0 0.0 0.0 0.2 0.0 0.0 0.0 -9.724187784099
0.2 0.0 0.0 0.0 0.0 0.0 0.6 0.0 0.0 0.0 -9.712248490501
0.2 0.0 0.0 0.0 0.0 0.0 1.0 0.0 0.0 0.0 -9.692756012574
0.6 0.0 0.0 0.0 0.0 0.0 -1.0 0.0 0.0 0.0 -9.671802706977
0.6 0.0 0.0 0.0 0.0 0.0 -0.6 0.0 0.0 0.0 -9.707577049642
0.6 0.0 0.0 0.0 0.0 0.0 -0.2 0.0 0.0 0.0 -9.718483014219
0.6 0.0 0.0 0.0 0.0 0.0 0.2 0.0 0.0 0.0 -9.713089415701
0.6 0.0 0.0 0.0 0.0 0.0 0.6 0.0 0.0 0.0 -9.697070640049
0.6 0.0 0.0 0.0 0.0 0.0 1.0 0.0 0.0 0.0 -9.674196533707
1.0 0.0 0.0 0.0 0.0 0.0 -1.0 0.0 0.0 0.0 -9.657521199384
1.0 0.0 0.0 0.0 0.0 0.0 -0.6 0.0 0.0 0.0 -9.683098071998
1.0 0.0 0.0 0.0 0.0 0.0 -0.2 0.0 0.0 0.0 -9.685809977915
1.0 0.0 0.0 0.0 0.0 0.0 0.2 0.0 0.0 0.0 -9.673791415642
1.0 0.0 0.0 0.0 0.0 0.0 0.6 0.0 0.0 0.0 -9.652414503232
1.0 0.0 0.0 0.0 0.0 0.0 1.0 0.0 0.0 0.0 -9.625228730117
-1.0 0.0 0.0 0.0 0.0 0.0 0.0 -1.0 0.0 0.0 -9.603106627836
-1.0 0.0 0.0 0.0 0.0 0.0 0.0 -0.6 0.0 0.0 -9.64205307412
-1.0 0.0 0.0 0.0 0.0 0.0 0.0 -0.2 0.0 0.0 -9.671153806523
-1.0 0.0 0.0 0.0 0.0 0.0 0.0 0.2 0.0 0.0 -9.687807582345
-1.0 0.0 0.0 0.0 0.0 0.0 0.0 0.6 0.0 0.0 -9.687885355277
-1.0 0.0 0.0 0.0 0.0 0.0 0.0 1.0 0.0 0.0 -9.665375749491
-0.6 0.0 0.0 0.0 0.0 0.0 0.0 -1.0 0.0 0.0 -9.634813842873
-0.6 0.0 0.0 0.0 0.0 0.0 0.0 -0.6 0.0 0.0 -9.680201821161
-0.6 0.0 0.0 0.0 0.0 0.0 0.0 -0.2 0.0 0.0 -9.709934152613
-0.6 0.0 0.0 0.0 0.0 0.0 0.0 0.2 0.0 0.0 -9.718800127247
-0.6 0.0 0.0 0.0 0.0 0.0 0.0 0.6 0.0 0.0 -9.698356349463
-0.6 0.0 0.0 0.0 0.0 0.0 0.0 1.0 0.0 0.0 -9.63570999755
-0.2 0.0 0.0 0.0 0.0 0.0 0.0 -1.0 0.0 0.0 -9.644657652202
-0.2 0.0 0.0 0.0 0.0 0.0 0.0 -0.6 0.0 0.0 -9.693254931166
-0.2 0.0 0.0 0.0 0.0 0.0 0.0 -0.2 0.0 0.0 -9.721688004379
-0.2 0.0 0.0 0.0 0.0 0.0 0.0 0.2 0.0 0.0 -9.722461733393
-0.2 0.0 0.0 0.0 0.0 0.0 0.0 0.6 0.0 0.0 -9.68318636267
-0.2 0.0 0.0 0.0 0.0 0.0 0.0 1.0 0.0 0.0 -9.584303749234
0.2 0.0 0.0 0.0 0.0 0.0 0.0 -1.0 0.0 0.0 -9.644657222707
0.2 0.0 0.0 0.0 0.0 0.0 0.0 -0.6 0.0 0.0 -9.693254636397
0.2 0.0 0.0 0.0 0.0 0.0 0.0 -0.2 0.0 0.0 -9.721687881774
0.2 0.0 0.0 0.0 0.0 0.0 0.0 0.2 0.0 0.0 -9.72246186857
0.2 0.0 0.0 0.0 0.0 0.0 0.0 0.6 0.0 0.0 -9.683186918617
0.2 0.0 0.0 0.0 0.0 0.0 0.0 1.0 0.0 0.0 -9.584305015996
0.6 0.0 0.0 0.0 0.0 0.0 0.0 -1.0 0.0 0.0 -9.634812772814
0.6 0.0 0.0 0.0 0.0 0.0 0.0 -0.6 0.0 0.0 -9.680201046259
0.6 0.0 0.0 0.0 0.0 0.0 0.0 -0.2 0.0 0.0 -9.709933742103
0.6 0.0 0.0 0.0 0.0 0.0 0.0 0.2 0.0 0.0 -9.718800249246
0.6 0.0 0.0 0.0 0.0 0.0 0.0 0.6 0.0 0.0 -9.69835732395
0.6 0.0 0.0 0.0 0.0 0.0 0.0 1.0 0.0 0.0 -9.635712381046
1.0 0.0 0.0 0.0 0.0 0.0 0.0 -1.0 0.0 0.0 -9.603105420577
1.0 0.0 0.0 0.0 0.0 0.0 0.0 -0.6 0.0 0.0 -9.642052125305
1.0 0.0 0.0 0.0 0.0 0.0 0.0 -0.2 0.0 0.0 -9.671153150822
1.0 0.0 0.0 0.0 0.0 0.0 0.0 0.2 0.0 0.0 -9.687807336181
1.0 0.0 0.0 0.0 0.0 0.0 0.0 0.6 0.0 0.0 -9.687885751131
1.0 0.0 0.0 0.0 0.0 0.0 0.0 1.0 0.0 0.0 -9.665377185126
-1.0 0.0 0.0 0.0 0.0 0.0 0.0 0.0 -1.0 0.0 -9.572203286829
-1.0 0.0 0.0 0.0 0.0 0.0 0.0 0.0 -0.6 0.0 -9.626121308067
-1.0 0.0 0.0 0.0 0.0 0.0 0.0 0.0 -0.2 0.0 -9.666718201504
-1.0 0.0 0.0 0.0 0.0 0.0 0.0 0.0 0.2 0.0 -9.691053025539
-1.0 0.0 0.0 0.0 0.0 0.0 0.0 0.0 0.6 0.0 -9.692157747596
-1.0 0.0 0.0 0.0 0.0 0.0 0.0 0.0 1.0 0.0 -9.658404856319
-0.6 0.0 0.0 0.0 0.0 0.0 0.0 0.0 -1.0 0.0 -9.618878630754
-0.6 0.0 0.0 0.0 0.0 0.0 0.0 0.0 -0.6 0.0 -9.672588271715
-0.6 0.0 0.0 0.0 0.0 0.0 0.0 0.0 -0.2 0.0 -9.708087634032
-0.6 0.0 0.0 0.0 0.0 0.0 0.0 0.0 0.2 0.0 -9.719589439538
-0.6 0.0 0.0 0.0 0.0 0.0 0.0 0.0 0.6 0.0 -9.695375472427
-0.6 0.0 0.0 0.0 0.0 0.0 0.0 0.0 1.0 0.0 -9.615878324999
-0.2 0.0 0.0 0.0 0.0 0.0 0.0 0.0 -1.0 0.0 -9.638930418941
-0.2 0.0 0.0 0.0 0.0 0.0 0.0 0.0 -0.6 0.0 -9.690898514874
-0.2 0.0 0.0 0.0 0.0 0.0 0.0 0.0 -0.2 0.0 -9.72126856757
-0.2 0.0 0.0 0.0 0.0 0.0 0.0 0.0 0.2 0.0 -9.722208405312
-0.2 0.0 0.0 0.0 0.0 0.0 0.0 0.0 0.6 0.0 -9.678468870024
-0.2 0.0 0.0 0.0 0.0 0.0 0.0 0.0 1.0 0.0 -9.564347475698
0.2 0.0 0.0 0.0 0.0 0.0 0.0 0.0 -1.0 0.0 -9.638930386218
0.2 0.0 0.0 0.0 0.0 0.0 0.0 0.0 -0.6 0.0 -9.690898524301
0.2 0.0 0.0 0.0 0.0 0.0 0.0 0.0 -0.2 0.0 -9.72126857977
0.2 0.0 0.0 0.0 0.0 0.0 0.0 0.0 0.2 0.0 -9.722208354686
0.2 0.0 0.0 0.0 0.0 0.0 0.0 0.0 0.6 0.0 -9.678468634862
0.2 0.0 0.0 0.0 0.0 0.0 0.0 0.0 1.0 0.0 -9.564346827507
0.6 0.0 0.0 0.0 0.0 0.0 0.0 0.0 -1.0 0.0 -9.61887841654
0.6 0.0 0.0 0.0 0.0 0.0 0.0 0.0 -0.6 0.0 -9.67258815892
0.6 0.0 0.0 0.0 0.0 0.0 0.0 0.0 -0.2 0.0 -9.70808751781
0.6 0.0 0.0 0.0 0.0 0.0 0.0 0.0 0.2 0.0 -9.719589156429
0.6 0.0 0.0 0.0 0.0 0.0 0.0 0.0 0.6 0.0 -9.695374731195
0.6 0.0 0.0 0.0 0.0 0.0 0.0 0.0 1.0 0.0 -9.615876596407
1.0 0.0 0.0 0.0 0.0 0.0 0.0 0.0 -1.0 0.0 -9.572202767743
1.0 0.0 0.0 0.0 0.0 0.0 0.0 0.0 -0.6 0.0 -9.626120917153
1.0 0.0 0.0 0.0 0.0 0.0 0.0 0.0 -0.2 0.0 -9.666717800219
1.0 0.0 0.0 0.0 0.0 0.0 0.0 0.0 0.2 0.0 -9.69105242437
1.0 0.0 0.0 0.0 0.0 0.0 0.0 0.0 0.6 0.0 -9.692156633804
1.0 0.0 0.0 0.0 0.0 0.0 0.0 0.0 1.0 0.0 -9.658402692562
-1.0 0.0 0.0 0.0 0.0 0.0 0.0 0.0 0.0 -1.0 -9.627175571705
-1.0 0.0 0.0 0.0 0.0 0.0 0.0 0.0 0.0 -0.6 -9.655511038131
-1.0 0.0 0.0 0.0 0.0 0.0 0.0 0.0 0.0 -0.2 -9.67751843085
-1.0 0.0 0.0 0.0 0.0 0.0 0.0 0.0 0.0 0.2 -9.674455088796
-1.0 0.0 0.0 0.0 0.0 0.0 0.0 0.0 0.0 0.6 -9.590025009095
-1.0 0.0 0.0 0.0 0.0 0.0 0.0 0.0 0.0 1.0 -9.261361063512
-0.6 0.0 0.0 0.0 0.0 0.0 0.0 0.0 0.0 -1.0 -9.653867170461
-0.6 0.0 0.0 0.0 0.0 0.0 0.0 0.0 0.0 -0.6 -9.687474156597
-0.6 0.0 0.0 0.0 0.0 0.0 0.0 0.0 0.0 -0.2 -9.713097142377
-0.6 0.0 0.0 0.0 0.0 0.0 0.0 0.0 0.0 0.2 -9.709509529695
-0.6 0.0 0.0 0.0 0.0 0.0 0.0 0.0 0.0 0.6 -9.610167025636
-0.6 0.0 0.0 0.0 0.0 0.0 0.0 0.0 0.0 1.0 -9.209361330654
-0.2 0.0 0.0 0.0 0.0 0.0 0.0 0.0 0.0 -1.0 -9.653887795425
-0.2 0.0 0.0 0.0 0.0 0.0 0.0 0.0 0.0 -0.6 -9.692004369545
-0.2 0.0 0.0 0.0 0.0 0.0 0.0 0.0 0.0 -0.2 -9.720955090779
-0.2 0.0 0.0 0.0 0.0 0.0 0.0 0.0 0.0 0.2 -9.718162126801
-0.2 0.0 0.0 0.0 0.0 0.0 0.0 0.0 0.0 0.6 -9.611172456755
-0.2 0.0 0.0 0.0 0.0 0.0 0.0 0.0 0.0 1.0 -9.167906865386
0.2 0.0 0.0 0.0 0.0 0.0 0.0 0.0 0.0 -1.0 -9.653888124259
0.2 0.0 0.0 0.0 0.0 0.0 0.0 0.0 0.0 -0.6 -9.692004600036
0.2 0.0 0.0 0.0 0.0 0.0 0.0 0.0 0.0 -0.2 -9.720955189468
0.2 0.0 0.0 0.0 0.0 0.0 0.0 0.0 0.0 0.2 -9.718161948696
0.2 0.0 0.0 0.0 0.0 0.0 0.0 0.0 0.0 0.6 -9.611171492222
0.2 0.0 0.0 0.0 0.0 0.0 0.0 0.0 0.0 1.0 -9.167903401668
0.6 0.0 0.0 0.0 0.0 0.0 0.0 0.0 0.0 -1.0 -9.653867788404
0.6 0.0 0.0 0.0 0.0 0.0 0.0 0.0 0.0 -0.6 -9.687474569581
0.6 0.0 0.0 0.0 0.0 0.0 0.0 0.0 0.0 -0.2 -9.713097243981
0.6 0.0 0.0 0.0 0.0 0.0 0.0 0.0 0.0 0.2 -9.709508905984
0.6 0.0 0.0 0.0 0.0 0.0 0.0 0.0 0.0 0.6 -9.610164281333
0.6 0.0 0.0 0.0 0.0 0.0 0.0 0.0 0.0 1.0 -9.209351999425
1.0 0.0 0.0 0.0 0.0 0.0 0.0 0.0 0.0 -1.0 -9.627175968166
1.0 0.0 0.0 0.0 0.0 0.0 0.0 0.0 0.0 -0.6 -9.655511266158
1.0 0.0 0.0 0.0 0.0 0.0 0.0 0.0 0.0 -0.2 -9.677518312565
1.0 0.0 0.0 0.0 0.0 0.0 0.0 0.0 0.0 0.2 -9.674454009498
1.0 0.0 0.0 0.0 0.0 0.0 0.0 0.0 0.0 0.6 -9.590021031201
1.0 0.0 0.0 0.0 0.0 0.0 0.0 0.0 0.0 1.0 -9.26134850645
0.0 -1.0 -1.0 0.0 0.0 0.0 0.0 0.0 0.0 0.0 -9.617924605152
0.0 -1.0 -0.6 0.0 0.0 0.0 0.0 0.0 0.0 0.0 -9.656850560835
0.0 -1.0 -0.2 0.0 0.0 0.0 0.0 0.0 0.0 0.0 -9.677904457979
0.0 -1.0 0.2 0.0 0.0 0.0 0.0 0.0 0.0 0.0 -9.679418064845
0.0 -1.0 0.6 0.0 0.0 0.0 0.0 0.0 0.0 0.0 -9.659101749853
0.0 -1.0 1.0 0.0 0.0 0.0 0.0 0.0 0.0 0.0 -9.616059922759
0.0 -0.6 -1.0 0.0 0.0 0.0 0.0 0.0 0.0 0.0 -9.66757798121
0.0 -0.6 -0.6 0.0 0.0 0.0 0.0 0.0 0.0 0.0 -9.699411324006
0.0 -0.6 -0.2 0.0 0.0 0.0 0.0 0.0 0.0 0.0 -9.715049204691
0.0 -0.6 0.2 0.0 0.0 0.0 0.0 0.0 0.0 0.0 -9.715949048711
0.0 -0.6 0.6 0.0 0.0 0.0 0.0 0.0 0.0 0.0 -9.699756607023
0.0 -0.6 1.0 0.0 0.0 0.0 0.0 0.0 0.0 0.0 -9.662860644606
0.0 -0.2 -1.0 0.0 0.0 0.0 0.0 0.0 0.0 0.0 -9.690793667585
0.0 -0.2 -0.6 0.0 0.0 0.0 0.0 0.0 0.0 0.0 -9.71557065471
0.0 -0.2 -0.2 0.0 0.0 0.0 0.0 0.0 0.0 0.0 -9.725092970944
0.0 -0.2 0.2 0.0 0.0 0.0 0.0 0.0 0.0 0.0 -9.725106601896
0.0 -0.2 0.6 0.0 0.0 0.0 0.0 0.0 0.0 0.0 -9.714714533082
0.0 -0.2 1.0 0.0 0.0 0.0 0.0 0.0 0.0 0.0 -9.687509483759
0.0 0.2 -1.0 0.0 0.0 0.0 0.0 0.0 0.0 0.0 -9.687510059598
0.0 0.2 -0.6 0.0 0.0 0.0 0.0 0.0 0.0 0.0 -9.714714791665
0.0 0.2 -0.2 0.0 0.0 0.0 0.0 0.0 0.0 0.0 -9.725106650854
0.0 0.2 0.2 0.0 0.0 0.0 0.0 0.0 0.0 0.0 -9.725092915652
0.0 0.2 0.6 0.0 0.0 0.0 0.0 0.0 0.0 0.0 -9.71557052407
0.0 0.2 1.0 0.0 0.0 0.0 0.0 0.0 0.0 0.0 -9.690793357834
0.0 0.6 -1.0 0.0 0.0 0.0 0.0 0.0 0.0 0.0 -9.662862185884
0.0 0.6 -0.6 0.0 0.0 0.0 0.0 0.0 0.0 0.0 -9.699757502216
0.0 0.6 -0.2 0.0 0.0 0.0 0.0 0.0 0.0 0.0 -9.71594914188
0.0 0.6 0.2 0.0 0.0 0.0 0.0 0.0 0.0 0.0 -9.715048616772
0.0 0.6 0.6 0.0 0.0 0.0 0.0 0.0 0.0 0.0 -9.699410376792
0.0 0.6 1.0 0.0 0.0 0.0 0.0 0.0 0.0 0.0 -9.667576944004
0.0 1.0 -1.0 0.0 0.0 0.0 0.0 0.0 0.0 0.0 -9.616061958987
0.0 1.0 -0.6 0.0 0.0 0.0 0.0 0.0 0.0 0.0 -9.659102829371
0.0 1.0 -0.2 0.0 0.0 0.0 0.0 0.0 0.0 0.0 -9.679417905698
0.0 1.0 0.2 0.0 0.0 0.0 0.0 0.0 0.0 0.0 -9.677903177927
0.0 1.0 0.6 0.0 0.0 0.0 0.0 0.0 0.0 0.0 -9.656848657104
0.0 1.0 1.0 0.0 0.0 0.0 0.0 0.0 0.0 0.0 -9.617922669056
0.0 -1.0 0.0 -1.0 0.0 0.0 0.0 0.0 0.0 0.0 -9.630933736417
0.0 -1.0 0.0 -0.6 0.0 0.0 0.0 0.0 0.0 0.0 -9.66381343838
0.0 -1.0 0.0 -0.2 0.0 0.0 0.0 0.0 0.0 0.0 -9.679136839702
0.0 -1.0 0.0 0.2 0.0 0.0 0.0 0.0 0.0 0.0 -9.679737704448
0.0 -1.0 0.0 0.6 0.0 0.0 0.0 0.0 0.0 0.0 -9.664396042534
0.0 -1.0 0.0 1.0 0.0 0.0 0.0 0.0 0.0 0.0 -9.629234239717
0.0 -0.6 0.0 -1.0 0.0 0.0 0.0 0.0 0.0 0.0 -9.674978673003
0.0 -0.6 0.0 -0.6 0.0 0.0 0.0 0.0 0.0 0.0 -9.703639705384
0.0 -0.6 0.0 -0.2 0.0 0.0 0.0 0.0 0.0 0.0 -9.715837213373
0.0 -0.6 0.0 0.2 0.0 0.0 0.0 0.0 0.0 0.0 -9.716200746574
0.0 -0.6 0.0 0.6 0.0 0.0 0.0 0.0 0.0 0.0 -9.703725342502
0.0 -0.6 0.0 1.0 0.0 0.0 0.0 0.0 0.0 0.0 -9.672967298506
0.0 -0.2 0.0 -1.0 0.0 0.0 0.0 0.0 0.0 0.0 -9.69113209546
0.0 -0.2 0.0 -0.6 0.0 0.0 0.0 0.0 0.0 0.0 -9.715936687872
0.0 -0.2 0.0 -0.2 0.0 0.0 0.0 0.0 0.0 0.0 -9.725175948347
0.0 -0.2 0.0 0.2 0.0 0.0 0.0 0.0 0.0 0.0 -9.725181417341
0.0 -0.2 0.0 0.6 0.0 0.0 0.0 0.0 0.0 0.0 -9.71558696385
0.0 -0.2 0.0 1.0 0.0 0.0 0.0 0.0 0.0 0.0 -9.689796067622
0.0 0.2 0.0 -1.0 0.0 0.0 0.0 0.0 0.0 0.0 -9.689796709632
0.0 0.2 0.0 -0.6 0.0 0.0 0.0 0.0 0.0 0.0 -9.715587202358
0.0 0.2 0.0 -0.2 0.0 0.0 0.0 0.0 0.0 0.0 -9.725181449757
0.0 0.2 0.0 0.2 0.0 0.0 0.0 0.0 0.0 0.0 -9.725175906572
0.0 0.2 0.0 0.6 0.0 0.0 0.0 0.0 0.0 0.0 -9.715936556599
0.0 0.2 0.0 1.0 0.0 0.0 0.0 0.0 0.0 0.0 -9.691131689971
0.0 0.6 0.0 -1.0 0.0 0.0 0.0 0.0 0.0 0.0 -9.672968642757
0.0 0.6 0.0 -0.6 0.0 0.0 0.0 0.0 0.0 0.0 -9.703725989456
0.0 0.6 0.0 -0.2 0.0 0.0 0.0 0.0 0.0 0.0 -9.716200735058
0.0 0.6 0.0 0.2 0.0 0.0 0.0 0.0 0.0 0.0 -9.71583672058
0.0 0.6 0.0 0.6 0.0 0.0 0.0 0.0 0.0 0.0 -9.70363892743
0.0 0.6 0.0 1.0 0.0 0.0 0.0 0.0 0.0 0.0 -9.674977656271
0.0 1.0 0.0 -1.0 0.0 0.0 0.0 0.0 0.0 0.0 -9.629235961234
0.0 1.0 0.0 -0.6 0.0 0.0 0.0 0.0 0.0 0.0 -9.664396808455
0.0 1.0 0.0 -0.2 0.0 0.0 0.0 0.0 0.0 0.0 -9.679737413202
0.0 1.0 0.0 0.2 0.0 0.0 0.0 0.0 0.0 0.0 -9.679135691519
0.0 1.0 0.0 0.6 0.0 0.0 0.0 0.0 0.0 0.0 -9.663811819184
0.0 1.0 0.0 1.0 0.0 0.0 0.0 0.0 0.0 0.0 -9.630931946432
0.0 -1.0 0.0 0.0 -1.0 0.0 0.0 0.0 0.0 0.0 -9.601431903129
0.0 -1.0 0.0 0.0 -0.6 0.0 0.0 0.0 0.0 0.0 -9.65165834388
0.0 -1.0 0.0 0.0 -0.2 0.0 0.0 0.0 0.0 0.0 -9.679606055614
0.0 -1.0 0.0 0.0 0.2 0.0 0.0 0.0 0.0 0.0 -9.677675518421
0.0 -1.0 0.0 0.0 0.6 0.0 0.0 0.0 0.0 0.0 -9.660973896382
0.0 -1.0 0.0 0.0 1.0 0.0 0.0 0.0 0.0 0.0 -9.618306504893
0.0 -0.6 0.0 0.0 -1.0 0.0 0.0 0.0 0.0 0.0 -9.635279719028
0.0 -0.6 0.0 0.0 -0.6 0.0 0.0 0.0 0.0 0.0 -9.68854217881
0.0 -0.6 0.0 0.0 -0.2 0.0 0.0 0.0 0.0 0.0 -9.715513277203
0.0 -0.6 0.0 0.0 0.2 0.0 0.0 0.0 0.0 0.0 -9.715350346557
0.0 -0.6 0.0 0.0 0.6 0.0 0.0 0.0 0.0 0.0 -9.699114907716
0.0 -0.6 0.0 0.0 1.0 0.0 0.0 0.0 0.0 0.0 -9.653477444053
0.0 -0.2 0.0 0.0 -1.0 0.0 0.0 0.0 0.0 0.0 -9.649189223465
0.0 -0.2 0.0 0.0 -0.6 0.0 0.0 0.0 0.0 0.0 -9.701273568247
0.0 -0.2 0.0 0.0 -0.2 0.0 0.0 0.0 0.0 0.0 -9.724459455451
0.0 -0.2 0.0 0.0 0.2 0.0 0.0 0.0 0.0 0.0 -9.72477217615
0.0 -0.2 0.0 0.0 0.6 0.0 0.0 0.0 0.0 0.0 -9.706256105845
0.0 -0.2 0.0 0.0 1.0 0.0 0.0 0.0 0.0 0.0 -9.657563324912
0.0 0.2 0.0 0.0 -1.0 0.0 0.0 0.0 0.0 0.0 -9.657563430302
0.0 0.2 0.0 0.0 -0.6 0.0 0.0 0.0 0.0 0.0 -9.70625619384
0.0 0.2 0.0 0.0 -0.2 0.0 0.0 0.0 0.0 0.0 -9.724772187473
0.0 0.2 0.0 0.0 0.2 0.0 0.0 0.0 0.0 0.0 -9.724459487817
0.0 0.2 0.0 0.0 0.6 0.0 0.0 0.0 0.0 0.0 -9.701273815784
0.0 0.2 0.0 0.0 1.0 0.0 0.0 0.0 0.0 0.0 -9.649189582916
0.0 0.6 0.0 0.0 -1.0 0.0 0.0 0.0 0.0 0.0 -9.653477974294
0.0 0.6 0.0 0.0 -0.6 0.0 0.0 0.0 0.0 0.0 -9.699115129116
0.0 0.6 0.0 0.0 -0.2 0.0 0.0 0.0 0.0 0.0 -9.715350112249
0.0 0.6 0.0 0.0 0.2 0.0 0.0 0.0 0.0 0.0 -9.715513123995
0.0 0.6 0.0 0.0 0.6 0.0 0.0 0.0 0.0 0.0 -9.688542328095
0.0 0.6 0.0 0.0 1.0 0.0 0.0 0.0 0.0 0.0 -9.635279907136
0.0 1.0 0.0 0.0 -1.0 0.0 0.0 0.0 0.0 0.0 -9.61830715563
0.0 1.0 0.0 0.0 -0.6 0.0 0.0 0.0 0.0 0.0 -9.660973855683
0.0 1.0 0.0 0.0 -0.2 0.0 0.0 0.0 0.0 0.0 -9.677674741374
0.0 1.0 0.0 0.0 0.2 0.0 0.0 0.0 0.0 0.0 -9.679605485195
0.0 1.0 0.0 0.0 0.6 0.0 0.0 0.0 0.0 0.0 -9.651657965781
0.0 1.0 0.0 0.0 1.0 0.0 0.0 0.0 0.0 0.0 -9.601431322148
0.0 -1.0 0.0 0.0 0.0 -1.0 0.0 0.0 0.0 0.0 -9.610725984731
0.0 -1.0 0.0 0.0 0.0 -0.6 0.0 0.0 0.0 0.0 -9.658874845431
0.0 -1.0 0.0 0.0 0.0 -0.2 0.0 0.0 0.0 0.0 -9.679607566545
0.0 -1.0 0.0 0.0 0.0 0.2 0.0 0.0 0.0 0.0 -9.679548048963
0.0 -1.0 0.0 0.0 0.0 0.6 0.0 0.0 0.0 0.0 -9.659270768126
0.0 -1.0 0.0 0.0 0.0 1.0 0.0 0.0 0.0 0.0 -9.611366481952
0.0 -0.6 0.0 0.0 0.0 -1.0 0.0 0.0 0.0 0.0 -9.645000359281
0.0 -0.6 0.0 0.0 0.0 -0.6 0.0 0.0 0.0 0.0 -9.694890227974
0.0 -0.6 0.0 0.0 0.0 -0.2 0.0 0.0 0.0 0.0 -9.715838844573
0.0 -0.6 0.0 0.0 0.0 0.2 0.0 0.0 0.0 0.0 -9.715835142811
0.0 -0.6 0.0 0.0 0.0 0.6 0.0 0.0 0.0 0.0 -9.695277108807
0.0 -0.6 0.0 0.0 0.0 1.0 0.0 0.0 0.0 0.0 -9.645644737706
0.0 -0.2 0.0 0.0 0.0 -1.0 0.0 0.0 0.0 0.0 -9.653385770722
0.0 -0.2 0.0 0.0 0.0 -0.6 0.0 0.0 0.0 0.0 -9.703838154185
0.0 -0.2 0.0 0.0 0.0 -0.2 0.0 0.0 0.0 0.0 -9.724660149568
0.0 -0.2 0.0 0.0 0.0 0.2 0.0 0.0 0.0 0.0 -9.724671213669
0.0 -0.2 0.0 0.0 0.0 0.6 0.0 0.0 0.0 0.0 -9.704013785472
0.0 -0.2 0.0 0.0 0.0 1.0 0.0 0.0 0.0 0.0 -9.653679949424
0.0 0.2 0.0 0.0 0.0 -1.0 0.0 0.0 0.0 0.0 -9.653680033026
0.0 0.2 0.0 0.0 0.0 -0.6 0.0 0.0 0.0 0.0 -9.704013874828
0.0 0.2 0.0 0.0 0.0 -0.2 0.0 0.0 0.0 0.0 -9.724671230601
0.0 0.2 0.0 0.0 0.0 0.2 0.0 0.0 0.0 0.0 -9.724660166272
0.0 0.2 0.0 0.0 0.0 0.6 0.0 0.0 0.0 0.0 -9.70383834251
0.0 0.2 0.0 0.0 0.0 1.0 0.0 0.0 0.0 0.0 -9.653386027445
0.0 0.6 0.0 0.0 0.0 -1.0 0.0 0.0 0.0 0.0 -9.645645054237
0.0 0.6 0.0 0.0 0.0 -0.6 0.0 0.0 0.0 0.0 -9.695277307343
0.0 0.6 0.0 0.0 0.0 -0.2 0.0 0.0 0.0 0.0 -9.715834978429
0.0 0.6 0.0 0.0 0.0 0.2 0.0 0.0 0.0 0.0 -9.715838619548
0.0 0.6 0.0 0.0 0.0 0.6 0.0 0.0 0.0 0.0 -9.694890326382
0.0 0.6 0.0 0.0 0.0 1.0 0.0 0.0 0.0 0.0 -9.645000518571
0.0 1.0 0.0 0.0 0.0 -1.0 0.0 0.0 0.0 0.0 -9.611366758437
0.0 1.0 0.0 0.0 0.0 -0.6 0.0 0.0 0.0 0.0 -9.659270801394
0.0 1.0 0.0 0.0 0.0 -0.2 0.0 0.0 0.0 0.0 -9.679547475409
0.0 1.0 0.0 0.0 0.0 0.2 0.0 0.0 0.0 0.0 -9.679606863879
0.0 1.0 0.0 0.0 0.0 0.6 0.0 0.0 0.0 0.0 -9.658874542486
0.0 1.0 0.0 0.0 0.0 1.0 0.0 0.0 0.0 0.0 -9.610725710339
0.0 -1.0 0.0 0.0 0.0 0.0 -1.0 0.0 0.0 0.0 -9.657522453812
0.0 -1.0 0.0 0.0 0.0 0.0 -0.6 0.0 0.0 0.0 -9.683098971027
0.0 -1.0 0.0 0.0 0.0 0.0 -0.2 0.0 0.0 0.0 -9.685810664619
0.0 -1.0 0.0 0.0 0.0 0.0 0.2 0.0 0.0 0.0 -9.673791983032
0.0 -1.0 0.0 0.0 0.0 0.0 0.6 0.0 0.0 0.0 -9.652415010687
0.0 -1.0 0.0 0.0 0.0 0.0 1.0 0.0 0.0 0.0 -9.625229214829
0.0 -0.6 0.0 0.0 0.0 0.0 -1.0 0.0 0.0 0.0 -9.671803248199
0.0 -0.6 0.0 0.0 0.0 0.0 -0.6 0.0 0.0 0.0 -9.707577404339
0.0 -0.6 0.0 0.0 0.0 0.0 -0.2 0.0 0.0 0.0 -9.718483268779
0.0 -0.6 0.0 0.0 0.0 0.0 0.2 0.0 0.0 0.0 -9.713089625316
0.0 -0.6 0.0 0.0 0.0 0.0 0.6 0.0 0.0 0.0 -9.69707083915
0.0 -0.6 0.0 0.0 0.0 0.0 1.0 0.0 0.0 0.0 -9.674196743164
0.0 -0.2 0.0 0.0 0.0 0.0 -1.0 0.0 0.0 0.0 -9.66481071164
0.0 -0.2 0.0 0.0 0.0 0.0 -0.6 0.0 0.0 0.0 -9.707816498929
0.0 -0.2 0.0 0.0 0.0 0.0 -0.2 0.0 0.0 0.0 -9.724664494555
0.0 -0.2 0.0 0.0 0.0 0.0 0.2 0.0 0.0 0.0 -9.724187794134
0.0 -0.2 0.0 0.0 0.0 0.0 0.6 0.0 0.0 0.0 -9.712248505957
0.0 -0.2 0.0 0.0 0.0 0.0 1.0 0.0 0.0 0.0 -9.69275603964
0.0 0.2 0.0 0.0 0.0 0.0 -1.0 0.0 0.0 0.0 -9.664810601194
0.0 0.2 0.0 0.0 0.0 0.0 -0.6 0.0 0.0 0.0 -9.707816451667
0.0 0.2 0.0 0.0 0.0 0.0 -0.2 0.0 0.0 0.0 -9.724664475641
0.0 0.2 0.0 0.0 0.0 0.0 0.2 0.0 0.0 0.0 -9.724187781748
0.0 0.2 0.0 0.0 0.0 0.0 0.6 0.0 0.0 0.0 -9.712248486884
0.0 0.2 0.0 0.0 0.0 0.0 1.0 0.0 0.0 0.0 -9.692756006233
0.0 0.6 0.0 0.0 0.0 0.0 -1.0 0.0 0.0 0.0 -9.671802579692
0.0 0.6 0.0 0.0 0.0 0.0 -0.6 0.0 0.0 0.0 -9.707576966316
0.0 0.6 0.0 0.0 0.0 0.0 -0.2 0.0 0.0 0.0 -9.718482954528
0.0 0.6 0.0 0.0 0.0 0.0 0.2 0.0 0.0 0.0 -9.713089366658
0.0 0.6 0.0 0.0 0.0 0.0 0.6 0.0 0.0 0.0 -9.697070593545
0.0 0.6 0.0 0.0 0.0 0.0 1.0 0.0 0.0 0.0 -9.674196484824
0.0 1.0 0.0 0.0 0.0 0.0 -1.0 0.0 0.0 0.0 -9.657520905142
0.0 1.0 0.0 0.0 0.0 0.0 -0.6 0.0 0.0 0.0 -9.683097861495
0.0 1.0 0.0 0.0 0.0 0.0 -0.2 0.0 0.0 0.0 -9.685809817496
0.0 1.0 0.0 0.0 0.0 0.0 0.2 0.0 0.0 0.0 -9.673791283417
0.0 1.0 0.0 0.0 0.0 0.0 0.6 0.0 0.0 0.0 -9.65241438522
0.0 1.0 0.0 0.0 0.0 0.0 1.0 0.0 0.0 0.0 -9.625228617553
0.0 -1.0 0.0 0.0 0.0 0.0 0.0 -1.0 0.0 0.0 -9.603106999918
0.0 -1.0 0.0 0.0 0.0 0.0 0.0 -0.6 0.0 0.0 -9.642053366861
0.0 -1.0 0.0 0.0 0.0 0.0 0.0 -0.2 0.0 0.0 -9.671154009168
0.0 -1.0 0.0 0.0 0.0 0.0 0.0 0.2 0.0 0.0 -9.687807658975
0.0 -1.0 0.0 0.0 0.0 0.0 0.0 0.6 0.0 0.0 -9.687885234244
0.0 -1.0 0.0 0.0 0.0 0.0 0.0 1.0 0.0 0.0 -9.665375308261
0.0 -0.6 0.0 0.0 0.0 0.0 0.0 -1.0 0.0 0.0 -9.634814172076
0.0 -0.6 0.0 0.0 0.0 0.0 0.0 -0.6 0.0 0.0 -9.680202059667
0.0 -0.6 0.0 0.0 0.0 0.0 0.0 -0.2 0.0 0.0 -9.709934279076
0.0 -0.6 0.0 0.0 0.0 0.0 0.0 0.2 0.0 0.0 -9.718800089894
0.0 -0.6 0.0 0.0 0.0 0.0 0.0 0.6 0.0 0.0 -9.69835604979
0.0 -0.6 0.0 0.0 0.0 0.0 0.0 1.0 0.0 0.0 -9.635709264259
0.0 -0.2 0.0 0.0 0.0 0.0 0.0 -1.0 0.0 0.0 -9.644657784284
0.0 -0.2 0.0 0.0 0.0 0.0 0.0 -0.6 0.0 0.0 -9.693255021827
0.0 -0.2 0.0 0.0 0.0 0.0 0.0 -0.2 0.0 0.0 -9.721688042098
0.0 -0.2 0.0 0.0 0.0 0.0 0.0 0.2 0.0 0.0 -9.722461691829
0.0 -0.2 0.0 0.0 0.0 0.0 0.0 0.6 0.0 0.0 -9.683186191682
0.0 -0.2 0.0 0.0 0.0 0.0 0.0 1.0 0.0 0.0 -9.5843033596
0.0 0.2 0.0 0.0 0.0 0.0 0.0 -1.0 0.0 0.0 -9.644657090626
0.0 0.2 0.0 0.0 0.0 0.0 0.0 -0.6 0.0 0.0 -9.693254545754
0.0 0.2 0.0 0.0 0.0 0.0 0.0 -0.2 0.0 0.0 -9.721687844075
0.0 0.2 0.0 0.0 0.0 0.0 0.0 0.2 0.0 0.0 -9.722461910135
0.0 0.2 0.0 0.0 0.0 0.0 0.0 0.6 0.0 0.0 -9.683187089556
0.0 0.2 0.0 0.0 0.0 0.0 0.0 1.0 0.0 0.0 -9.584305405482
0.0 0.6 0.0 0.0 0.0 0.0 0.0 -1.0 0.0 0.0 -9.634812443868
0.0 0.6 0.0 0.0 0.0 0.0 0.0 -0.6 0.0 0.0 -9.680200808142
0.0 0.6 0.0 0.0 0.0 0.0 0.0 -0.2 0.0 0.0 -9.709933616054
0.0 0.6 0.0 0.0 0.0 0.0 0.0 0.2 0.0 0.0 -9.718800286895
0.0 0.6 0.0 0.0 0.0 0.0 0.0 0.6 0.0 0.0 -9.698357623602
0.0 0.6 0.0 0.0 0.0 0.0 0.0 1.0 0.0 0.0 -9.635713113702
0.0 1.0 0.0 0.0 0.0 0.0 0.0 -1.0 0.0 0.0 -9.60310505012
0.0 1.0 0.0 0.0 0.0 0.0 0.0 -0.6 0.0 0.0 -9.642051834445
0.0 1.0 0.0 0.0 0.0 0.0 0.0 -0.2 0.0 0.0 -9.671152950131
0.0 1.0 0.0 0.0 0.0 0.0 0.0 0.2 0.0 0.0 -9.68780726135
0.0 1.0 0.0 0.0 0.0 0.0 0.0 0.6 0.0 0.0 -9.687885873504
0.0 1.0 0.0 0.0 0.0 0.0 0.0 1.0 0.0 0.0 -9.665377626818
0.0 -1.0 0.0 0.0 0.0 0.0 0.0 0.0 -1.0 0.0 -9.572203447652
0.0 -1.0 0.0 0.0 0.0 0.0 0.0 0.0 -0.6 0.0 -9.626121429474
0.0 -1.0 0.0 0.0 0.0 0.0 0.0 0.0 -0.2 0.0 -9.666718326001
0.0 -1.0 0.0 0.0 0.0 0.0 0.0 0.0 0.2 0.0 -9.691053211229
0.0 -1.0 0.0 0.0 0.0 0.0 0.0 0.0 0.6 0.0 -9.692158090355
0.0 -1.0 0.0 0.0 0.0 0.0 0.0 0.0 1.0 0.0 -9.6584055209
0.0 -0.6 0.0 0.0 0.0 0.0 0.0 0.0 -1.0 0.0 -9.618878697013
0.0 -0.6 0.0 0.0 0.0 0.0 0.0 0.0 -0.6 0.0 -9.672588306762
0.0 -0.6 0.0 0.0 0.0 0.0 0.0 0.0 -0.2 0.0 -9.708087670051
0.0 -0.6 0.0 0.0 0.0 0.0 0.0 0.0 0.2 0.0 -9.719589526697
0.0 -0.6 0.0 0.0 0.0 0.0 0.0 0.0 0.6 0.0 -9.695375700113
0.0 -0.6 0.0 0.0 0.0 0.0 0.0 0.0 1.0 0.0 -9.615878855668
0.0 -0.2 0.0 0.0 0.0 0.0 0.0 0.0 -1.0 0.0 -9.638930429039
0.0 -0.2 0.0 0.0 0.0 0.0 0.0 0.0 -0.6 0.0 -9.690898512008
0.0 -0.2 0.0 0.0 0.0 0.0 0.0 0.0 -0.2 0.0 -9.72126856384
0.0 -0.2 0.0 0.0 0.0 0.0 0.0 0.0 0.2 0.0 -9.722208420878
0.0 -0.2 0.0 0.0 0.0 0.0 0.0 0.0 0.6 0.0 -9.678468942288
0.0 -0.2 0.0 0.0 0.0 0.0 0.0 0.0 1.0 0.0 -9.564347674884
0.0 0.2 0.0 0.0 0.0 0.0 0.0 0.0 -1.0 0.0 -9.638930376199
0.0 0.2 0.0 0.0 0.0 0.0 0.0 0.0 -0.6 0.0 -9.690898527233
0.0 0.2 0.0 0.0 0.0 0.0 0.0 0.0 -0.2 0.0 -9.721268583537
0.0 0.2 0.0 0.0 0.0 0.0 0.0 0.0 0.2 0.0 -9.722208339102
0.0 0.2 0.0 0.0 0.0 0.0 0.0 0.0 0.6 0.0 -9.678468562474
0.0 0.2 0.0 0.0 0.0 0.0 0.0 0.0 1.0 0.0 -9.564346628006
0.0 0.6 0.0 0.0 0.0 0.0 0.0 0.0 -1.0 0.0 -9.618878351069
0.0 0.6 0.0 0.0 0.0 0.0 0.0 0.0 -0.6 0.0 -9.672588124589
0.0 0.6 0.0 0.0 0.0 0.0 0.0 0.0 -0.2 0.0 -9.708087482324
0.0 0.6 0.0 0.0 0.0 0.0 0.0 0.0 0.2 0.0 -9.719589069424
0.0 0.6 0.0 0.0 0.0 0.0 0.0 0.0 0.6 0.0 -9.695374502939
0.0 0.6 0.0 0.0 0.0 0.0 0.0 0.0 1.0 0.0 -9.615876063854
0.0 1.0 0.0 0.0 0.0 0.0 0.0 0.0 -1.0 0.0 -9.57220260933
0.0 1.0 0.0 0.0 0.0 0.0 0.0 0.0 -0.6 0.0 -9.626120798118
0.0 1.0 0.0 0.0 0.0 0.0 0.0 0.0 -0.2 0.0 -9.666717677864
0.0 1.0 0.0 0.0 0.0 0.0 0.0 0.0 0.2 0.0 -9.691052240245
0.0 1.0 0.0 0.0 0.0 0.0 0.0 0.0 0.6 0.0 -9.692156291443
0.0 1.0 0.0 0.0 0.0 0.0 0.0 0.0 1.0 0.0 -9.658402026233
0.0 -1.0 0.0 0.0 0.0 0.0 0.0 0.0 0.0 -1.0 -9.627175450857
0.0 -1.0 0.0 0.0 0.0 0.0 0.0 0.0 0.0 -0.6 -9.655510969158
0.0 -1.0 0.0 0.0 0.0 0.0 0.0 0.0 0.0 -0.2 -9.677518468344
0.0 -1.0 0.0 0.0 0.0 0.0 0.0 0.0 0.0 0.2 -9.674455421353
0.0 -1.0 0.0 0.0 0.0 0.0 0.0 0.0 0.0 0.6 -9.590026230799
0.0 -1.0 0.0 0.0 0.0 0.0 0.0 0.0 0.0 1.0 -9.261364914177
0.0 -0.6 0.0 0.0 0.0 0.0 0.0 0.0 0.0 -1.0 -9.653866980639
0.0 -0.6 0.0 0.0 0.0 0.0 0.0 0.0 0.0 -0.6 -9.68747402985
0.0 -0.6 0.0 0.0 0.0 0.0 0.0 0.0 0.0 -0.2 -9.713097111386
0.0 -0.6 0.0 0.0 0.0 0.0 0.0 0.0 0.0 0.2 -9.709509721572
0.0 -0.6 0.0 0.0 0.0 0.0 0.0 0.0 0.0 0.6 -9.610167868711
0.0 -0.6 0.0 0.0 0.0 0.0 0.0 0.0 0.0 1.0 -9.209364195189
0.0 -0.2 0.0 0.0 0.0 0.0 0.0 0.0 0.0 -1.0 -9.653887694309
0.0 -0.2 0.0 0.0 0.0 0.0 0.0 0.0 0.0 -0.6 -9.692004298678
0.0 -0.2 0.0 0.0 0.0 0.0 0.0 0.0 0.0 -0.2 -9.720955060446
0.0 -0.2 0.0 0.0 0.0 0.0 0.0 0.0 0.0 0.2 -9.718162181571
0.0 -0.2 0.0 0.0 0.0 0.0 0.0 0.0 0.0 0.6 -9.61117275327
0.0 -0.2 0.0 0.0 0.0 0.0 0.0 0.0 0.0 1.0 -9.167907929983
0.0 0.2 0.0 0.0 0.0 0.0 0.0 0.0 0.0 -1.0 -9.653888225389
0.0 0.2 0.0 0.0 0.0 0.0 0.0 0.0 0.0 -0.6 -9.692004670928
0.0 0.2 0.0 0.0 0.0 0.0 0.0 0.0 0.0 -0.2 -9.720955219828
0.0 0.2 0.0 0.0 0.0 0.0 0.0 0.0 0.0 0.2 -9.718161893906
0.0 0.2 0.0 0.0 0.0 0.0 0.0 0.0 0.0 0.6 -9.611171195449
0.0 0.2 0.0 0.0 0.0 0.0 0.0 0.0 0.0 1.0 -9.167902335718
0.0 0.6 0.0 0.0 0.0 0.0 0.0 0.0 0.0 -1.0 -9.653867978636
0.0 0.6 0.0 0.0 0.0 0.0 0.0 0.0 0.0 -0.6 -9.687474696825
0.0 0.6 0.0 0.0 0.0 0.0 0.0 0.0 0.0 -0.2 -9.71309727546
0.0 0.6 0.0 0.0 0.0 0.0 0.0 0.0 0.0 0.2 -9.7095087142
0.0 0.6 0.0 0.0 0.0 0.0 0.0 0.0 0.0 0.6 -9.610163436377
0.0 0.6 0.0 0.0 0.0 0.0 0.0 0.0 0.0 1.0 -9.209349124285
0.0 1.0 0.0 0.0 0.0 0.0 0.0 0.0 0.0 -1.0 -9.627176091134
0.0 1.0 0.0 0.0 0.0 0.0 0.0 0.0 0.0 -0.6 -9.655511337405
0.0 1.0 0.0 0.0 0.0 0.0 0.0 0.0 0.0 -0.2 -9.67751827727
0.0 1.0 0.0 0.0 0.0 0.0 0.0 0.0 0.0 0.2 -9.674453678154
0.0 1.0 0.0 0.0 0.0 0.0 0.0 0.0 0.0 0.6 -9.590019806084
0.0 1.0 0.0 0.0 0.0 0.0 0.0 0.0 0.0 1.0 -9.261344633212
0.0 0.0 -1.0 -1.0 0.0 0.0 0.0 0.0 0.0 0.0 -9.641910743574
0.0 0.0 -1.0 -0.6 0.0 0.0 0.0 0.0 0.0 0.0 -9.675372738905
0.0 0.0 -1.0 -0.2 0.0 0.0 0.0 0.0 0.0 0.0 -9.690380881471
0.0 0.0 -1.0 0.2 0.0 0.0 0.0 0.0 0.0 0.0 -9.690380795549
0.0 0.0 -1.0 0.6 0.0 0.0 0.0 0.0 0.0 0.0 -9.675372417344
0.0 0.0 -1.0 1.0 0.0 0.0 0.0 0.0 0.0 0.0 -9.6419100265
0.0 0.0 -0.6 -1.0 0.0 0.0 0.0 0.0 0.0 0.0 -9.675372768109
0.0 0.0 -0.6 -0.6 0.0 0.0 0.0 0.0 0.0 0.0 -9.703859732245
0.0 0.0 -0.6 -0.2 0.0 0.0 0.0 0.0 0.0 0.0 -9.715452845897
0.0 0.0 -0.6 0.2 0.0 0.0 0.0 0.0 0.0 0.0 -9.715452809625
0.0 0.0 -0.6 0.6 0.0 0.0 0.0 0.0 0.0 0.0 -9.703859545216
0.0 0.0 -0.6 1.0 0.0 0.0 0.0 0.0 0.0 0.0 -9.675372232096
0.0 0.0 -0.2 -1.0 0.0 0.0 0.0 0.0 0.0 0.0 -9.690380928273
0.0 0.0 -0.2 -0.6 0.0 0.0 0.0 0.0 0.0 0.0 -9.715452855776
0.0 0.0 -0.2 -0.2 0.0 0.0 0.0 0.0 0.0 0.0 -9.724731247335
0.0 0.0 -0.2 0.2 0.0 0.0 0.0 0.0 0.0 0.0 -9.724731239731
0.0 0.0 -0.2 0.6 0.0 0.0 0.0 0.0 0.0 0.0 -9.715452746934
0.0 0.0 -0.2 1.0 0.0 0.0 0.0 0.0 0.0 0.0 -9.690380498525
0.0 0.0 0.2 -1.0 0.0 0.0 0.0 0.0 0.0 0.0 -9.6903808657
0.0 0.0 0.2 -0.6 0.0 0.0 0.0 0.0 0.0 0.0 -9.715452829364
0.0 0.0 0.2 -0.2 0.0 0.0 0.0 0.0 0.0 0.0 -9.724731241803
0.0 0.0 0.2 0.2 0.0 0.0 0.0 0.0 0.0 0.0 -9.724731234195
0.0 0.0 0.2 0.6 0.0 0.0 0.0 0.0 0.0 0.0 -9.715452720496
0.0 0.0 0.2 1.0 0.0 0.0 0.0 0.0 0.0 0.0 -9.69038043588
0.0 0.0 0.6 -1.0 0.0 0.0 0.0 0.0 0.0 0.0 -9.675372533921
0.0 0.0 0.6 -0.6 0.0 0.0 0.0 0.0 0.0 0.0 -9.703859596038
0.0 0.0 0.6 -0.2 0.0 0.0 0.0 0.0 0.0 0.0 -9.715452766635
0.0 0.0 0.6 0.2 0.0 0.0 0.0 0.0 0.0 0.0 -9.715452730337
0.0 0.0 0.6 0.6 0.0 0.0 0.0 0.0 0.0 0.0 -9.703859408903
0.0 0.0 0.6 1.0 0.0 0.0 0.0 0.0 0.0 0.0 -9.675371997666
0.0 0.0 1.0 -1.0 0.0 0.0 0.0 0.0 0.0 0.0 -9.641910221314
0.0 0.0 1.0 -0.6 0.0 0.0 0.0 0.0 0.0 0.0 -9.675372348509
0.0 0.0 1.0 -0.2 0.0 0.0 0.0 0.0 0.0 0.0 -9.690380568462
0.0 0.0 1.0 0.2 0.0 0.0 0.0 0.0 0.0 0.0 -9.69038048247
0.0 0.0 1.0 0.6 0.0 0.0 0.0 0.0 0.0 0.0 -9.675372026709
0.0 0.0 1.0 1.0 0.0 0.0 0.0 0.0 0.0 0.0 -9.64190950379
0.0 0.0 -1.0 0.0 -1.0 0.0 0.0 0.0 0.0 0.0 -9.644570692769
0.0 0.0 -1.0 0.0 -0.6 0.0 0.0 0.0 0.0 0.0 -9.679475679868
0.0 0.0 -1.0 0.0 -0.2 0.0 0.0 0.0 0.0 0.0 -9.69266635978
0.0 0.0 -1.0 0.0 0.2 0.0 0.0 0.0 0.0 0.0 -9.683487058365
0.0 0.0 -1.0 0.0 0.6 0.0 0.0 0.0 0.0 0.0 -9.643505455894
0.0 0.0 -1.0 0.0 1.0 0.0 0.0 0.0 0.0 0.0 -9.592265189702
0.0 0.0 -0.6 0.0 -1.0 0.0 0.0 0.0 0.0 0.0 -9.661305878788
0.0 0.0 -0.6 0.0 -0.6 0.0 0.0 0.0 0.0 0.0 -9.702273789333
0.0 0.0 -0.6 0.0 -0.2 0.0 0.0 0.0 0.0 0.0 -9.715629649185
0.0 0.0 -0.6 0.0 0.2 0.0 0.0 0.0 0.0 0.0 -9.712082221527
0.0 0.0 -0.6 0.0 0.6 0.0 0.0 0.0 0.0 0.0 -9.677927968824
0.0 0.0 -0.6 0.0 1.0 0.0 0.0 0.0 0.0 0.0 -9.62371005563
0.0 0.0 -0.2 0.0 -1.0 0.0 0.0 0.0 0.0 0.0 -9.659630148541
0.0 0.0 -0.2 0.0 -0.6 0.0 0.0 0.0 0.0 0.0 -9.707268213768
0.0 0.0 -0.2 0.0 -0.2 0.0 0.0 0.0 0.0 0.0 -9.724373120232
0.0 0.0 -0.2 0.0 0.2 0.0 0.0 0.0 0.0 0.0 -9.723664997699
0.0 0.0 -0.2 0.0 0.6 0.0 0.0 0.0 0.0 0.0 -9.698521802895
0.0 0.0 -0.2 0.0 1.0 0.0 0.0 0.0 0.0 0.0 -9.64587354359
0.0 0.0 0.2 0.0 -1.0 0.0 0.0 0.0 0.0 0.0 -9.645873391492
0.0 0.0 0.2 0.0 -0.6 0.0 0.0 0.0 0.0 0.0 -9.698521714142
0.0 0.0 0.2 0.0 -0.2 0.0 0.0 0.0 0.0 0.0 -9.723664990182
0.0 0.0 0.2 0.0 0.2 0.0 0.0 0.0 0.0 0.0 -9.724373116199
0.0 0.0 0.2 0.0 0.6 0.0 0.0 0.0 0.0 0.0 -9.707268289842
0.0 0.0 0.2 0.0 1.0 0.0 0.0 0.0 0.0 0.0 -9.659630297389
0.0 0.0 0.6 0.0 -1.0 0.0 0.0 0.0 0.0 0.0 -9.62370995793
0.0 0.0 0.6 0.0 -0.6 0.0 0.0 0.0 0.0 0.0 -9.677927895886
0.0 0.0 0.6 0.0 -0.2 0.0 0.0 0.0 0.0 0.0 -9.712082172482
0.0 0.0 0.6 0.0 0.2 0.0 0.0 0.0 0.0 0.0 -9.715629535436
0.0 0.0 0.6 0.0 0.6 0.0 0.0 0.0 0.0 0.0 -9.702273677922
0.0 0.0 0.6 0.0 1.0 0.0 0.0 0.0 0.0 0.0 -9.661305832688
0.0 0.0 1.0 0.0 -1.0 0.0 0.0 0.0 0.0 0.0 -9.592265048998
0.0 0.0 1.0 0.0 -0.6 0.0 0.0 0.0 0.0 0.0 -9.643505273543
0.0 0.0 1.0 0.0 -0.2 0.0 0.0 0.0 0.0 0.0 -9.683486817228
0.0 0.0 1.0 0.0 0.2 0.0 0.0 0.0 0.0 0.0 -9.69266596455
0.0 0.0 1.0 0.0 0.6 0.0 0.0 0.0 0.0 0.0 -9.67947515151
0.0 0.0 1.0 0.0 1.0 0.0 0.0 0.0 0.0 0.0 -9.644570198148
0.0 0.0 -1.0 0.0 0.0 -1.0 0.0 0.0 0.0 0.0 -9.605390974127
0.0 0.0 -1.0 0.0 0.0 -0.6 0.0 0.0 0.0 0.0 -9.656575344654
0.0 0.0 -1.0 0.0 0.0 -0.2 0.0 0.0 0.0 0.0 -9.6874669829
0.0 0.0 -1.0 0.0 0.0 0.2 0.0 0.0 0.0 0.0 -9.691053427036
0.0 0.0 -1.0 0.0 0.0 0.6 0.0 0.0 0.0 0.0 -9.671713308118
0.0 0.0 -1.0 0.0 0.0 1.0 0.0 0.0 0.0 0.0 -9.625192119892
0.0 0.0 -0.6 0.0 0.0 -1.0 0.0 0.0 0.0 0.0 -9.634631453437
0.0 0.0 -0.6 0.0 0.0 -0.6 0.0 0.0 0.0 0.0 -9.686902640676
0.0 0.0 -0.6 0.0 0.0 -0.2 0.0 0.0 0.0 0.0 -9.713886299933
0.0 0.0 -0.6 0.0 0.0 0.2 0.0 0.0 0.0 0.0 -9.71526370282
0.0 0.0 -0.6 0.0 0.0 0.6 0.0 0.0 0.0 0.0 -9.696405990035
0.0 0.0 -0.6 0.0 0.0 1.0 0.0 0.0 0.0 0.0 -9.64853916128
0.0 0.0 -0.2 0.0 0.0 -1.0 0.0 0.0 0.0 0.0 -9.650155378174
0.0 0.0 -0.2 0.0 0.0 -0.6 0.0 0.0 0.0 0.0 -9.701488291765
0.0 0.0 -0.2 0.0 0.0 -0.2 0.0 0.0 0.0 0.0 -9.723990032653
0.0 0.0 -0.2 0.0 0.0 0.2 0.0 0.0 0.0 0.0 -9.724253486748
0.0 0.0 -0.2 0.0 0.0 0.6 0.0 0.0 0.0 0.0 -9.704722899629
0.0 0.0 -0.2 0.0 0.0 1.0 0.0 0.0 0.0 0.0 -9.655201218092
0.0 0.0 0.2 0.0 0.0 -1.0 0.0 0.0 0.0 0.0 -9.655201133158
0.0 0.0 0.2 0.0 0.0 -0.6 0.0 0.0 0.0 0.0 -9.704722854799
0.0 0.0 0.2 0.0 0.0 -0.2 0.0 0.0 0.0 0.0 -9.72425348339
0.0 0.0 0.2 0.0 0.0 0.2 0.0 0.0 0.0 0.0 -9.723990039205
0.0 0.0 0.2 0.0 0.0 0.6 0.0 0.0 0.0 0.0 -9.701488371737
0.0 0.0 0.2 0.0 0.0 1.0 0.0 0.0 0.0 0.0 -9.650155505462
0.0 0.0 0.6 0.0 0.0 -1.0 0.0 0.0 0.0 0.0 -9.648539083649
0.0 0.0 0.6 0.0 0.0 -0.6 0.0 0.0 0.0 0.0 -9.696405922363
0.0 0.0 0.6 0.0 0.0 -0.2 0.0 0.0 0.0 0.0 -9.715263634548
0.0 0.0 0.6 0.0 0.0 0.2 0.0 0.0 0.0 0.0 -9.71388624522
0.0 0.0 0.6 0.0 0.0 0.6 0.0 0.0 0.0 0.0 -9.686902663014
0.0 0.0 0.6 0.0 0.0 1.0 0.0 0.0 0.0 0.0 -9.634631503783
0.0 0.0 1.0 0.0 0.0 -1.0 0.0 0.0 0.0 0.0 -9.625191894221
0.0 0.0 1.0 0.0 0.0 -0.6 0.0 0.0 0.0 0.0 -9.67171304971
0.0 0.0 1.0 0.0 0.0 -0.2 0.0 0.0 0.0 0.0 -9.691053131148
0.0 0.0 1.0 0.0 0.0 0.2 0.0 0.0 0.0 0.0 -9.68746669432
0.0 0.0 1.0 0.0 0.0 0.6 0.0 0.0 0.0 0.0 -9.656575102991
0.0 0.0 1.0 0.0 0.0 1.0 0.0 0.0 0.0 0.0 -9.605390719413
0.0 0.0 -1.0 0.0 0.0 0.0 -1.0 0.0 0.0 0.0 -9.67350025351
0.0 0.0 -1.0 0.0 0.0 0.0 -0.6 0.0 0.0 0.0 -9.692903171551
0.0 0.0 -1.0 0.0 0.0 0.0 -0.2 0.0 0.0 0.0 -9.695471745279
0.0 0.0 -1.0 0.0 0.0 0.0 0.2 0.0 0.0 0.0 -9.686469076822
0.0 0.0 -1.0 0.0 0.0 0.0 0.6 0.0 0.0 0.0 -9.669576884278
0.0 0.0 -1.0 0.0 0.0 0.0 1.0 0.0 0.0 0.0 -9.6473774005
0.0 0.0 -0.6 0.0 0.0 0.0 -1.0 0.0 0.0 0.0 -9.672440350339
0.0 0.0 -0.6 0.0 0.0 0.0 -0.6 0.0 0.0 0.0 -9.705890798449
0.0 0.0 -0.6 0.0 0.0 0.0 -0.2 0.0 0.0 0.0 -9.7171036331
0.0 0.0 -0.6 0.0 0.0 0.0 0.2 0.0 0.0 0.0 -9.713361111467
0.0 0.0 -0.6 0.0 0.0 0.0 0.6 0.0 0.0 0.0 -9.69959420947
0.0 0.0 -0.6 0.0 0.0 0.0 1.0 0.0 0.0 0.0 -9.679154775254
0.0 0.0 -0.2 0.0 0.0 0.0 -1.0 0.0 0.0 0.0 -9.664422538203
0.0 0.0 -0.2 0.0 0.0 0.0 -0.6 0.0 0.0 0.0 -9.707176900505
0.0 0.0 -0.2 0.0 0.0 0.0 -0.2 0.0 0.0 0.0 -9.724095524322
0.0 0.0 -0.2 0.0 0.0 0.0 0.2 0.0 0.0 0.0 -9.723851080813
0.0 0.0 -0.2 0.0 0.0 0.0 0.6 0.0 0.0 0.0 -9.712214023093
0.0 0.0 -0.2 0.0 0.0 0.0 1.0 0.0 0.0 0.0 -9.69304278936
0.0 0.0 0.2 0.0 0.0 0.0 -1.0 0.0 0.0 0.0 -9.664422439783
0.0 0.0 0.2 0.0 0.0 0.0 -0.6 0.0 0.0 0.0 -9.70717687245
0.0 0.0 0.2 0.0 0.0 0.0 -0.2 0.0 0.0 0.0 -9.724095520726
0.0 0.0 0.2 0.0 0.0 0.0 0.2 0.0 0.0 0.0 -9.723851073493
0.0 0.0 0.2 0.0 0.0 0.0 0.6 0.0 0.0 0.0 -9.712213995607
0.0 0.0 0.2 0.0 0.0 0.0 1.0 0.0 0.0 0.0 -9.69304273284
0.0 0.0 0.6 0.0 0.0 0.0 -1.0 0.0 0.0 0.0 -9.672440077165
0.0 0.0 0.6 0.0 0.0 0.0 -0.6 0.0 0.0 0.0 -9.705890683036
0.0 0.0 0.6 0.0 0.0 0.0 -0.2 0.0 0.0 0.0 -9.717103565257
0.0 0.0 0.6 0.0 0.0 0.0 0.2 0.0 0.0 0.0 -9.713361022753
0.0 0.0 0.6 0.0 0.0 0.0 0.6 0.0 0.0 0.0 -9.699594059688
0.0 0.0 0.6 0.0 0.0 0.0 1.0 0.0 0.0 0.0 -9.679154542731
0.0 0.0 1.0 0.0 0.0 0.0 -1.0 0.0 0.0 0.0 -9.67349981122
0.0 0.0 1.0 0.0 0.0 0.0 -0.6 0.0 0.0 0.0 -9.69290286875
0.0 0.0 1.0 0.0 0.0 0.0 -0.2 0.0 0.0 0.0 -9.695471462826
0.0 0.0 1.0 0.0 0.0 0.0 0.2 0.0 0.0 0.0 -9.686468739225
0.0 0.0 1.0 0.0 0.0 0.0 0.6 0.0 0.0 0.0 -9.669576446765
0.0 0.0 1.0 0.0 0.0 0.0 1.0 0.0 0.0 0.0 -9.647376839028
0.0 0.0 -1.0 0.0 0.0 0.0 0.0 -1.0 0.0 0.0 -9.629821411073
0.0 0.0 -1.0 0.0 0.0 0.0 0.0 -0.6 0.0 0.0 -9.666645826386
0.0 0.0 -1.0 0.0 0.0 0.0 0.0 -0.2 0.0 0.0 -9.688609104096
0.0 0.0 -1.0 0.0 0.0 0.0 0.0 0.2 0.0 0.0 -9.68934521744
0.0 0.0 -1.0 0.0 0.0 0.0 0.0 0.6 0.0 0.0 -9.658817530015
0.0 0.0 -1.0 0.0 0.0 0.0 0.0 1.0 0.0 0.0 -9.581762005001
0.0 0.0 -0.6 0.0 0.0 0.0 0.0 -1.0 0.0 0.0 -9.64348585728
0.0 0.0 -0.6 0.0 0.0 0.0 0.0 -0.6 0.0 0.0 -9.687430833838
0.0 0.0 -0.6 0.0 0.0 0.0 0.0 -0.2 0.0 0.0 -9.712985389971
0.0 0.0 -0.6 0.0 0.0 0.0 0.0 0.2 0.0 0.0 -9.712870276517
0.0 0.0 -0.6 0.0 0.0 0.0 0.0 0.6 0.0 0.0 -9.675248018657
0.0 0.0 -0.6 0.0 0.0 0.0 0.0 1.0 0.0 0.0 -9.581637809014
0.0 0.0 -0.2 0.0 0.0 0.0 0.0 -1.0 0.0 0.0 -9.645517574205
0.0 0.0 -0.2 0.0 0.0 0.0 0.0 -0.6 0.0 0.0 -9.693902029492
0.0 0.0 -0.2 0.0 0.0 0.0 0.0 -0.2 0.0 0.0 -9.721743715854
0.0 0.0 -0.2 0.0 0.0 0.0 0.0 0.2 0.0 0.0 -9.721257489332
0.0 0.0 -0.2 0.0 0.0 0.0 0.0 0.6 0.0 0.0 -9.679564926516
0.0 0.0 -0.2 0.0 0.0 0.0 0.0 1.0 0.0 0.0 -9.576278075406
0.0 0.0 0.2 0.0 0.0 0.0 0.0 -1.0 0.0 0.0 -9.645517585061
0.0 0.0 0.2 0.0 0.0 0.0 0.0 -0.6 0.0 0.0 -9.693901999688
0.0 0.0 0.2 0.0 0.0 0.0 0.0 -0.2 0.0 0.0 -9.721743688695
0.0 0.0 0.2 0.0 0.0 0.0 0.0 0.2 0.0 0.0 -9.721257531674
0.0 0.0 0.2 0.0 0.0 0.0 0.0 0.6 0.0 0.0 -9.679565145489
0.0 0.0 0.2 0.0 0.0 0.0 0.0 1.0 0.0 0.0 -9.576278646787
0.0 0.0 0.6 0.0 0.0 0.0 0.0 -1.0 0.0 0.0 -9.643485821882
0.0 0.0 0.6 0.0 0.0 0.0 0.0 -0.6 0.0 0.0 -9.687430686495
0.0 0.0 0.6 0.0 0.0 0.0 0.0 -0.2 0.0 0.0 -9.712985250642
0.0 0.0 0.6 0.0 0.0 0.0 0.0 0.2 0.0 0.0 -9.712870329309
0.0 0.0 0.6 0.0 0.0 0.0 0.0 0.6 0.0 0.0 -9.67524855633
0.0 0.0 0.6 0.0 0.0 0.0 0.0 1.0 0.0 0.0 -9.581639307258
0.0 0.0 1.0 0.0 0.0 0.0 0.0 -1.0 0.0 0.0 -9.629821160969
0.0 0.0 1.0 0.0 0.0 0.0 0.0 -0.6 0.0 0.0 -9.666645417083
0.0 0.0 1.0 0.0 0.0 0.0 0.0 -0.2 0.0 0.0 -9.688608706072
0.0 0.0 1.0 0.0 0.0 0.0 0.0 0.2 0.0 0.0 -9.689345089582
0.0 0.0 1.0 0.0 0.0 0.0 0.0 0.6 0.0 0.0 -9.658818078187
0.0 0.0 1.0 0.0 0.0 0.0 0.0 1.0 0.0 0.0 -9.581763876734
0.0 0.0 -1.0 0.0 0.0 0.0 0.0 0.0 -1.0 0.0 -9.613845809582
0.0 0.0 -1.0 0.0 0.0 0.0 0.0 0.0 -0.6 0.0 -9.655682262455
0.0 0.0 -1.0 0.0 0.0 0.0 0.0 0.0 -0.2 0.0 -9.684411347595
0.0 0.0 -1.0 0.0 0.0 0.0 0.0 0.0 0.2 0.0 -9.694069894821
0.0 0.0 -1.0 0.0 0.0 0.0 0.0 0.0 0.6 0.0 -9.674251316052
0.0 0.0 -1.0 0.0 0.0 0.0 0.0 0.0 1.0 0.0 -9.608544770856
0.0 0.0 -0.6 0.0 0.0 0.0 0.0 0.0 -1.0 0.0 -9.634493382414
0.0 0.0 -0.6 0.0 0.0 0.0 0.0 0.0 -0.6 0.0 -9.681926480192
0.0 0.0 -0.6 0.0 0.0 0.0 0.0 0.0 -0.2 0.0 -9.711079786627
0.0 0.0 -0.6 0.0 0.0 0.0 0.0 0.0 0.2 0.0 -9.714674069415
0.0 0.0 -0.6 0.0 0.0 0.0 0.0 0.0 0.6 0.0 -9.67916963733
0.0 0.0 -0.6 0.0 0.0 0.0 0.0 0.0 1.0 0.0 -9.582295958479
0.0 0.0 -0.2 0.0 0.0 0.0 0.0 0.0 -1.0 0.0 -9.640661016208
0.0 0.0 -0.2 0.0 0.0 0.0 0.0 0.0 -0.6 0.0 -9.69178996061
0.0 0.0 -0.2 0.0 0.0 0.0 0.0 0.0 -0.2 0.0 -9.721300262305
0.0 0.0 -0.2 0.0 0.0 0.0 0.0 0.0 0.2 0.0 -9.721163178809
0.0 0.0 -0.2 0.0 0.0 0.0 0.0 0.0 0.6 0.0 -9.675881043787
0.0 0.0 -0.2 0.0 0.0 0.0 0.0 0.0 1.0 0.0 -9.55937021693
0.0 0.0 0.2 0.0 0.0 0.0 0.0 0.0 -1.0 0.0 -9.640660599864
0.0 0.0 0.2 0.0 0.0 0.0 0.0 0.0 -0.6 0.0 -9.691789692615
0.0 0.0 0.2 0.0 0.0 0.0 0.0 0.0 -0.2 0.0 -9.721300155753
0.0 0.0 0.2 0.0 0.0 0.0 0.0 0.0 0.2 0.0 -9.721163306884
0.0 0.0 0.2 0.0 0.0 0.0 0.0 0.0 0.6 0.0 -9.675881562815
0.0 0.0 0.2 0.0 0.0 0.0 0.0 0.0 1.0 0.0 -9.559371416371
0.0 0.0 0.6 0.0 0.0 0.0 0.0 0.0 -1.0 0.0 -9.634492285278
0.0 0.0 0.6 0.0 0.0 0.0 0.0 0.0 -0.6 0.0 -9.681925741071
0.0 0.0 0.6 0.0 0.0 0.0 0.0 0.0 -0.2 0.0 -9.711079450676
0.0 0.0 0.6 0.0 0.0 0.0 0.0 0.0 0.2 0.0 -9.714674333247
0.0 0.0 0.6 0.0 0.0 0.0 0.0 0.0 0.6 0.0 -9.679170907067
0.0 0.0 0.6 0.0 0.0 0.0 0.0 0.0 1.0 0.0 -9.582298971099
0.0 0.0 1.0 0.0 0.0 0.0 0.0 0.0 -1.0 0.0 -9.613844354241
0.0 0.0 1.0 0.0 0.0 0.0 0.0 0.0 -0.6 0.0 -9.655681184591
0.0 0.0 1.0 0.0 0.0 0.0 0.0 0.0 -0.2 0.0 -9.684410729663
0.0 0.0 1.0 0.0 0.0 0.0 0.0 0.0 0.2 0.0 -9.694069999424
0.0 0.0 1.0 0.0 0.0 0.0 0.0 0.0 0.6 0.0 -9.674252654536
0.0 0.0 1.0 0.0 0.0 0.0 0.0 0.0 1.0 0.0 -9.608548237641
0.0 0.0 -1.0 0.0 0.0 0.0 0.0 0.0 0.0 -1.0 -9.620947712289
0.0 0.0 -1.0 0.0 0.0 0.0 0.0 0.0 0.0 -0.6 -9.654970616618
0.0 0.0 -1.0 0.0 0.0 0.0 0.0 0.0 0.0 -0.2 -9.68334720794
0.0 0.0 -1.0 0.0 0.0 0.0 0.0 0.0 0.0 0.2 -9.693851367778
0.0 0.0 -1.0 0.0 0.0 0.0 0.0 0.0 0.0 0.6 -9.654432772988
0.0 0.0 -1.0 0.0 0.0 0.0 0.0 0.0 0.0 1.0 -9.490009559303
0.0 0.0 -0.6 0.0 0.0 0.0 0.0 0.0 0.0 -1.0 -9.64333234549
0.0 0.0 -0.6 0.0 0.0 0.0 0.0 0.0 0.0 -0.6 -9.680376752449
0.0 0.0 -0.6 0.0 0.0 0.0 0.0 0.0 0.0 -0.2 -9.709698673452
0.0 0.0 -0.6 0.0 0.0 0.0 0.0 0.0 0.0 0.2 -9.713272566
0.0 0.0 -0.6 0.0 0.0 0.0 0.0 0.0 0.0 0.6 -9.637578029272
0.0 0.0 -0.6 0.0 0.0 0.0 0.0 0.0 0.0 1.0 -9.331028522431
0.0 0.0 -0.2 0.0 0.0 0.0 0.0 0.0 0.0 -1.0 -9.652029770016
0.0 0.0 -0.2 0.0 0.0 0.0 0.0 0.0 0.0 -0.6 -9.690642536774
0.0 0.0 -0.2 0.0 0.0 0.0 0.0 0.0 0.0 -0.2 -9.720115672938
0.0 0.0 -0.2 0.0 0.0 0.0 0.0 0.0 0.0 0.2 -9.718292200128
0.0 0.0 -0.2 0.0 0.0 0.0 0.0 0.0 0.0 0.6 -9.614513468161
0.0 0.0 -0.2 0.0 0.0 0.0 0.0 0.0 0.0 1.0 -9.184838577875
0.0 0.0 0.2 0.0 0.0 0.0 0.0 0.0 0.0 -1.0 -9.652029891777
0.0 0.0 0.2 0.0 0.0 0.0 0.0 0.0 0.0 -0.6 -9.690642609365
0.0 0.0 0.2 0.0 0.0 0.0 0.0 0.0 0.0 -0.2 -9.720115697141
0.0 0.0 0.2 0.0 0.0 0.0 0.0 0.0 0.0 0.2 -9.718292165839
0.0 0.0 0.2 0.0 0.0 0.0 0.0 0.0 0.0 0.6 -9.614513349736
0.0 0.0 0.2 0.0 0.0 0.0 0.0 0.0 0.0 1.0 -9.18483839826
0.0 0.0 0.6 0.0 0.0 0.0 0.0 0.0 0.0 -1.0 -9.643332603112
0.0 0.0 0.6 0.0 0.0 0.0 0.0 0.0 0.0 -0.6 -9.68037687846
0.0 0.0 0.6 0.0 0.0 0.0 0.0 0.0 0.0 -0.2 -9.709698671598
0.0 0.0 0.6 0.0 0.0 0.0 0.0 0.0 0.0 0.2 -9.713272414689
0.0 0.0 0.6 0.0 0.0 0.0 0.0 0.0 0.0 0.6 -9.637577677909
0.0 0.0 0.6 0.0 0.0 0.0 0.0 0.0 0.0 1.0 -9.331028045227
0.0 0.0 1.0 0.0 0.0 0.0 0.0 0.0 0.0 -1.0 -9.620947837013
0.0 0.0 1.0 0.0 0.0 0.0 0.0 0.0 0.0 -0.6 -9.654970566785
0.0 0.0 1.0 0.0 0.0 0.0 0.0 0.0 0.0 -0.2 -9.683346992846
0.0 0.0 1.0 0.0 0.0 0.0 0.0 0.0 0.0 0.2 -9.69385096921
0.0 0.0 1.0 0.0 0.0 0.0 0.0 0.0 0.0 0.6 -9.654432155192
0.0 0.0 1.0 0.0 0.0 0.0 0.0 0.0 0.0 1.0 -9.490008825492
0.0 0.0 0.0 -1.0 -1.0 0.0 0.0 0.0 0.0 0.0 -9.625192242483
0.0 0.0 0.0 -1.0 -0.6 0.0 0.0 0.0 0.0 0.0 -9.671713407904
0.0 0.0 0.0 -1.0 -0.2 0.0 0.0 0.0 0.0 0.0 -9.691053508491
0.0 0.0 0.0 -1.0 0.2 0.0 0.0 0.0 0.0 0.0 -9.68746702083
0.0 0.0 0.0 -1.0 0.6 0.0 0.0 0.0 0.0 0.0 -9.656575372154
0.0 0.0 0.0 -1.0 1.0 0.0 0.0 0.0 0.0 0.0 -9.605390970683
0.0 0.0 0.0 -0.6 -1.0 0.0 0.0 0.0 0.0 0.0 -9.648539121882
0.0 0.0 0.0 -0.6 -0.6 0.0 0.0 0.0 0.0 0.0 -9.696405977375
0.0 0.0 0.0 -0.6 -0.2 0.0 0.0 0.0 0.0 0.0 -9.715263724368
0.0 0.0 0.0 -0.6 0.2 0.0 0.0 0.0 0.0 0.0 -9.713886311116
0.0 0.0 0.0 -0.6 0.6 0.0 0.0 0.0 0.0 0.0 -9.686902693851
0.0 0.0 0.0 -0.6 1.0 0.0 0.0 0.0 0.0 0.0 -9.634631528544
0.0 0.0 0.0 -0.2 -1.0 0.0 0.0 0.0 0.0 0.0 -9.655201091181
0.0 0.0 0.0 -0.2 -0.6 0.0 0.0 0.0 0.0 0.0 -9.704722828096
0.0 0.0 0.0 -0.2 -0.2 0.0 0.0 0.0 0.0 0.0 -9.724253484147
0.0 0.0 0.0 -0.2 0.2 0.0 0.0 0.0 0.0 0.0 -9.723990038756
0.0 0.0 0.0 -0.2 0.6 0.0 0.0 0.0 0.0 0.0 -9.701488369848
0.0 0.0 0.0 -0.2 1.0 0.0 0.0 0.0 0.0 0.0 -9.650155510081
0.0 0.0 0.0 0.2 -1.0 0.0 0.0 0.0 0.0 0.0 -9.650155373158
0.0 0.0 0.0 0.2 -0.6 0.0 0.0 0.0 0.0 0.0 -9.701488293489
0.0 0.0 0.0 0.2 -0.2 0.0 0.0 0.0 0.0 0.0 -9.723990033088
0.0 0.0 0.0 0.2 0.2 0.0 0.0 0.0 0.0 0.0 -9.72425348599
0.0 0.0 0.0 0.2 0.6 0.0 0.0 0.0 0.0 0.0 -9.704722926268
0.0 0.0 0.0 0.2 1.0 0.0 0.0 0.0 0.0 0.0 -9.655201259819
0.0 0.0 0.0 0.6 -1.0 0.0 0.0 0.0 0.0 0.0 -9.634631428254
0.0 0.0 0.0 0.6 -0.6 0.0 0.0 0.0 0.0 0.0 -9.686902609675
0.0 0.0 0.0 0.6 -0.2 0.0 0.0 0.0 0.0 0.0 -9.713886234062
0.0 0.0 0.0 0.6 0.2 0.0 0.0 0.0 0.0 0.0 -9.715263613052
0.0 0.0 0.0 0.6 0.6 0.0 0.0 0.0 0.0 0.0 -9.696405935139
0.0 0.0 0.0 0.6 1.0 0.0 0.0 0.0 0.0 0.0 -9.648539123042
0.0 0.0 0.0 1.0 -1.0 0.0 0.0 0.0 0.0 0.0 -9.605390722543
0.0 0.0 0.0 1.0 -0.6 0.0 0.0 0.0 0.0 0.0 -9.656575075459
0.0 0.0 0.0 1.0 -0.2 0.0 0.0 0.0 0.0 0.0 -9.687466656582
0.0 0.0 0.0 1.0 0.2 0.0 0.0 0.0 0.0 0.0 -9.691053049933
0.0 0.0 0.0 1.0 0.6 0.0 0.0 0.0 0.0 0.0 -9.671712950313
0.0 0.0 0.0 1.0 1.0 0.0 0.0 0.0 0.0 0.0 -9.625191771949
0.0 0.0 0.0 -1.0 0.0 -1.0 0.0 0.0 0.0 0.0 -9.64457073567
0.0 0.0 0.0 -1.0 0.0 -0.6 0.0 0.0 0.0 0.0 -9.67947572939
0.0 0.0 0.0 -1.0 0.0 -0.2 0.0 0.0 0.0 0.0 -9.692666419136
0.0 0.0 0.0 -1.0 0.0 0.2 0.0 0.0 0.0 0.0 -9.683487107191
0.0 0.0 0.0 -1.0 0.0 0.6 0.0 0.0 0.0 0.0 -9.643505491192
0.0 0.0 0.0 -1.0 0.0 1.0 0.0 0.0 0.0 0.0 -9.592265222826
0.0 0.0 0.0 -0.6 0.0 -1.0 0.0 0.0 0.0 0.0 -9.66130589561
0.0 0.0 0.0 -0.6 0.0 -0.6 0.0 0.0 0.0 0.0 -9.702273801506
0.0 0.0 0.0 -0.6 0.0 -0.2 0.0 0.0 0.0 0.0 -9.71562966327
0.0 0.0 0.0 -0.6 0.0 0.2 0.0 0.0 0.0 0.0 -9.712082227959
0.0 0.0 0.0 -0.6 0.0 0.6 0.0 0.0 0.0 0.0 -9.677927955008
0.0 0.0 0.0 -0.6 0.0 1.0 0.0 0.0 0.0 0.0 -9.623710033179
0.0 0.0 0.0 -0.2 0.0 -1.0 0.0 0.0 0.0 0.0 -9.659630169387
0.0 0.0 0.0 -0.2 0.0 -0.6 0.0 0.0 0.0 0.0 -9.707268223938
0.0 0.0 0.0 -0.2 0.0 -0.2 0.0 0.0 0.0 0.0 -9.724373120768
0.0 0.0 0.0 -0.2 0.0 0.2 0.0 0.0 0.0 0.0 -9.723664995236
0.0 0.0 0.0 -0.2 0.0 0.6 0.0 0.0 0.0 0.0 -9.698521781844
0.0 0.0 0.0 -0.2 0.0 1.0 0.0 0.0 0.0 0.0 -9.645873510874
0.0 0.0 0.0 0.2 0.0 -1.0 0.0 0.0 0.0 0.0 -9.645873424735
0.0 0.0 0.0 0.2 0.0 -0.6 0.0 0.0 0.0 0.0 -9.698521735469
0.0 0.0 0.0 0.2 0.0 -0.2 0.0 0.0 0.0 0.0 -9.723664992683
0.0 0.0 0.0 0.2 0.0 0.2 0.0 0.0 0.0 0.0 -9.724373115661
0.0 0.0 0.0 0.2 0.0 0.6 0.0 0.0 0.0 0.0 -9.707268279687
0.0 0.0 0.0 0.2 0.0 1.0 0.0 0.0 0.0 0.0 -9.659630276696
0.0 0.0 0.0 0.6 0.0 -1.0 0.0 0.0 0.0 0.0 -9.623709981203
0.0 0.0 0.0 0.6 0.0 -0.6 0.0 0.0 0.0 0.0 -9.677927910327
0.0 0.0 0.0 0.6 0.0 -0.2 0.0 0.0 0.0 0.0 -9.71208216624
0.0 0.0 0.0 0.6 0.0 0.2 0.0 0.0 0.0 0.0 -9.715629521351
0.0 0.0 0.0 0.6 0.0 0.6 0.0 0.0 0.0 0.0 -9.702273665695
0.0 0.0 0.0 0.6 0.0 1.0 0.0 0.0 0.0 0.0 -9.661305815738
0.0 0.0 0.0 1.0 0.0 -1.0 0.0 0.0 0.0 0.0 -9.592265016768
0.0 0.0 0.0 1.0 0.0 -0.6 0.0 0.0 0.0 0.0 -9.643505239154
0.0 0.0 0.0 1.0 0.0 -0.2 0.0 0.0 0.0 0.0 -9.683486768893
0.0 0.0 0.0 1.0 0.0 0.2 0.0 0.0 0.0 0.0 -9.692665905259
0.0 0.0 0.0 1.0 0.0 0.6 0.0 0.0 0.0 0.0 -9.679475102033
0.0 0.0 0.0 1.0 0.0 1.0 0.0 0.0 0.0 0.0 -9.644570155059
0.0 0.0 0.0 -1.0 0.0 0.0 -1.0 0.0 0.0 0.0 -9.673500336143
0.0 0.0 0.0 -1.0 0.0 0.0 -0.6 0.0 0.0 0.0 -9.692903228142
0.0 0.0 0.0 -1.0 0.0 0.0 -0.2 0.0 0.0 0.0 -9.695471798059
0.0 0.0 0.0 -1.0 0.0 0.0 0.2 0.0 0.0 0.0 -9.686469139876
0.0 0.0 0.0 -1.0 0.0 0.0 0.6 0.0 0.0 0.0 -9.66957696596
0.0 0.0 0.0 -1.0 0.0 0.0 1.0 0.0 0.0 0.0 -9.647377505294
0.0 0.0 0.0 -0.6 0.0 0.0 -1.0 0.0 0.0 0.0 -9.672440401336
0.0 0.0 0.0 -0.6 0.0 0.0 -0.6 0.0 0.0 0.0 -9.705890820011
0.0 0.0 0.0 -0.6 0.0 0.0 -0.2 0.0 0.0 0.0 -9.717103645781
0.0 0.0 0.0 -0.6 0.0 0.0 0.2 0.0 0.0 0.0 -9.713361128036
0.0 0.0 0.0 -0.6 0.0 0.0 0.6 0.0 0.0 0.0 -9.699594237423
0.0 0.0 0.0 -0.6 0.0 0.0 1.0 0.0 0.0 0.0 -9.679154818634
0.0 0.0 0.0 -0.2 0.0 0.0 -1.0 0.0 0.0 0.0 -9.664422556566
0.0 0.0 0.0 -0.2 0.0 0.0 -0.6 0.0 0.0 0.0 -9.707176905744
0.0 0.0 0.0 -0.2 0.0 0.0 -0.2 0.0 0.0 0.0 -9.724095524998
0.0 0.0 0.0 -0.2 0.0 0.0 0.2 0.0 0.0 0.0 -9.723851082183
0.0 0.0 0.0 -0.2 0.0 0.0 0.6 0.0 0.0 0.0 -9.712214028223
0.0 0.0 0.0 -0.2 0.0 0.0 1.0 0.0 0.0 0.0 -9.693042799903
0.0 0.0 0.0 0.2 0.0 0.0 -1.0 0.0 0.0 0.0 -9.664422421427
0.0 0.0 0.0 0.2 0.0 0.0 -0.6 0.0 0.0 0.0 -9.707176867215
0.0 0.0 0.0 0.2 0.0 0.0 -0.2 0.0 0.0 0.0 -9.724095520051
0.0 0.0 0.0 0.2 0.0 0.0 0.2 0.0 0.0 0.0 -9.723851072124
0.0 0.0 0.0 0.2 0.0 0.0 0.6 0.0 0.0 0.0 -9.712213990478
0.0 0.0 0.0 0.2 0.0 0.0 1.0 0.0 0.0 0.0 -9.693042722299
0.0 0.0 0.0 0.6 0.0 0.0 -1.0 0.0 0.0 0.0 -9.672440026253
0.0 0.0 0.0 0.6 0.0 0.0 -0.6 0.0 0.0 0.0 -9.705890661532
0.0 0.0 0.0 0.6 0.0 0.0 -0.2 0.0 0.0 0.0 -9.717103552619
0.0 0.0 0.0 0.6 0.0 0.0 0.2 0.0 0.0 0.0 -9.713361006222
0.0 0.0 0.0 0.6 0.0 0.0 0.6 0.0 0.0 0.0 -9.699594031771
0.0 0.0 0.0 0.6 0.0 0.0 1.0 0.0 0.0 0.0 -9.679154499389
0.0 0.0 0.0 1.0 0.0 0.0 -1.0 0.0 0.0 0.0 -9.673499728889
0.0 0.0 0.0 1.0 0.0 0.0 -0.6 0.0 0.0 0.0 -9.69290281241
0.0 0.0 0.0 1.0 0.0 0.0 -0.2 0.0 0.0 0.0 -9.69547141027
0.0 0.0 0.0 1.0 0.0 0.0 0.2 0.0 0.0 0.0 -9.686468676383
0.0 0.0 0.0 1.0 0.0 0.0 0.6 0.0 0.0 0.0 -9.669576365293
0.0 0.0 0.0 1.0 0.0 0.0 1.0 0.0 0.0 0.0 -9.647376734445
0.0 0.0 0.0 -1.0 0.0 0.0 0.0 -1.0 0.0 0.0 -9.629821457732
0.0 0.0 0.0 -1.0 0.0 0.0 0.0 -0.6 0.0 0.0 -9.666645902749
0.0 0.0 0.0 -1.0 0.0 0.0 0.0 -0.2 0.0 0.0 -9.688609178392
0.0 0.0 0.0 -1.0 0.0 0.0 0.0 0.2 0.0 0.0 -9.689345241429
0.0 0.0 0.0 -1.0 0.0 0.0 0.0 0.6 0.0 0.0 -9.658817428079
0.0 0.0 0.0 -1.0 0.0 0.0 0.0 1.0 0.0 0.0 -9.581761656502
0.0 0.0 0.0 -0.6 0.0 0.0 0.0 -1.0 0.0 0.0 -9.643485863877
0.0 0.0 0.0 -0.6 0.0 0.0 0.0 -0.6 0.0 0.0 -9.687430861313
0.0 0.0 0.0 -0.6 0.0 0.0 0.0 -0.2 0.0 0.0 -9.712985415965
0.0 0.0 0.0 -0.6 0.0 0.0 0.0 0.2 0.0 0.0 -9.712870266722
0.0 0.0 0.0 -0.6 0.0 0.0 0.0 0.6 0.0 0.0 -9.675247918515
0.0 0.0 0.0 -0.6 0.0 0.0 0.0 1.0 0.0 0.0 -9.581637529886
0.0 0.0 0.0 -0.2 0.0 0.0 0.0 -1.0 0.0 0.0 -9.645517572181
0.0 0.0 0.0 -0.2 0.0 0.0 0.0 -0.6 0.0 0.0 -9.693902035049
0.0 0.0 0.0 -0.2 0.0 0.0 0.0 -0.2 0.0 0.0 -9.721743720921
0.0 0.0 0.0 -0.2 0.0 0.0 0.0 0.2 0.0 0.0 -9.721257481447
0.0 0.0 0.0 -0.2 0.0 0.0 0.0 0.6 0.0 0.0 -9.679564885712
0.0 0.0 0.0 -0.2 0.0 0.0 0.0 1.0 0.0 0.0 -9.576277968923
0.0 0.0 0.0 0.2 0.0 0.0 0.0 -1.0 0.0 0.0 -9.64551758708
0.0 0.0 0.0 0.2 0.0 0.0 0.0 -0.6 0.0 0.0 -9.693901994128
0.0 0.0 0.0 0.2 0.0 0.0 0.0 -0.2 0.0 0.0 -9.721743683628
0.0 0.0 0.0 0.2 0.0 0.0 0.0 0.2 0.0 0.0 -9.721257539563
0.0 0.0 0.0 0.2 0.0 0.0 0.0 0.6 0.0 0.0 -9.679565186304
0.0 0.0 0.0 0.2 0.0 0.0 0.0 1.0 0.0 0.0 -9.576278753294
0.0 0.0 0.0 0.6 0.0 0.0 0.0 -1.0 0.0 0.0 -9.643485815268
0.0 0.0 0.0 0.6 0.0 0.0 0.0 -0.6 0.0 0.0 -9.687430659022
0.0 0.0 0.0 0.6 0.0 0.0 0.0 -0.2 0.0 0.0 -9.712985224672
0.0 0.0 0.0 0.6 0.0 0.0 0.0 0.2 0.0 0.0 -9.712870339164
0.0 0.0 0.0 0.6 0.0 0.0 0.0 0.6 0.0 0.0 -9.675248656593
0.0 0.0 0.0 0.6 0.0 0.0 0.0 1.0 0.0 0.0 -9.58163958662
0.0 0.0 0.0 1.0 0.0 0.0 0.0 -1.0 0.0 0.0 -9.629821114367
0.0 0.0 0.0 1.0 0.0 0.0 0.0 -0.6 0.0 0.0 -9.666645340831
0.0 0.0 0.0 1.0 0.0 0.0 0.0 -0.2 0.0 0.0 -9.688608631951
0.0 0.0 0.0 1.0 0.0 0.0 0.0 0.2 0.0 0.0 -9.689345065863
0.0 0.0 0.0 1.0 0.0 0.0 0.0 0.6 0.0 0.0 -9.658818180554
0.0 0.0 0.0 1.0 0.0 0.0 0.0 1.0 0.0 0.0 -9.581764225945
0.0 0.0 0.0 -1.0 0.0 0.0 0.0 0.0 -1.0 0.0 -9.613846081032
0.0 0.0 0.0 -1.0 0.0 0.0 0.0 0.0 -0.6 0.0 -9.655682463531
0.0 0.0 0.0 -1.0 0.0 0.0 0.0 0.0 -0.2 0.0 -9.684411462921
0.0 0.0 0.0 -1.0 0.0 0.0 0.0 0.0 0.2 0.0 -9.694069875427
0.0 0.0 0.0 -1.0 0.0 0.0 0.0 0.0 0.6 0.0 -9.674251066577
0.0 0.0 0.0 -1.0 0.0 0.0 0.0 0.0 1.0 0.0 -9.608544124499
0.0 0.0 0.0 -0.6 0.0 0.0 0.0 0.0 -1.0 0.0 -9.634493586987
0.0 0.0 0.0 -0.6 0.0 0.0 0.0 0.0 -0.6 0.0 -9.68192661802
0.0 0.0 0.0 -0.6 0.0 0.0 0.0 0.0 -0.2 0.0 -9.711079849291
0.0 0.0 0.0 -0.6 0.0 0.0 0.0 0.0 0.2 0.0 -9.714674020255
0.0 0.0 0.0 -0.6 0.0 0.0 0.0 0.0 0.6 0.0 -9.67916940062
0.0 0.0 0.0 -0.6 0.0 0.0 0.0 0.0 1.0 0.0 -9.582295396799
0.0 0.0 0.0 -0.2 0.0 0.0 0.0 0.0 -1.0 0.0 -9.640661093826
0.0 0.0 0.0 -0.2 0.0 0.0 0.0 0.0 -0.6 0.0 -9.691790010575
0.0 0.0 0.0 -0.2 0.0 0.0 0.0 0.0 -0.2 0.0 -9.721300282174
0.0 0.0 0.0 -0.2 0.0 0.0 0.0 0.0 0.2 0.0 -9.721163154938
0.0 0.0 0.0 -0.2 0.0 0.0 0.0 0.0 0.6 0.0 -9.675880947033
0.0 0.0 0.0 -0.2 0.0 0.0 0.0 0.0 1.0 0.0 -9.559369993327
0.0 0.0 0.0 0.2 0.0 0.0 0.0 0.0 -1.0 0.0 -9.640660522255
0.0 0.0 0.0 0.2 0.0 0.0 0.0 0.0 -0.6 0.0 -9.691789642658
0.0 0.0 0.0 0.2 0.0 0.0 0.0 0.0 -0.2 0.0 -9.721300135887
0.0 0.0 0.0 0.2 0.0 0.0 0.0 0.0 0.2 0.0 -9.721163330753
0.0 0.0 0.0 0.2 0.0 0.0 0.0 0.0 0.6 0.0 -9.675881659558
0.0 0.0 0.0 0.2 0.0 0.0 0.0 0.0 1.0 0.0 -9.559371639944
0.0 0.0 0.0 0.6 0.0 0.0 0.0 0.0 -1.0 0.0 -9.634492080801
0.0 0.0 0.0 0.6 0.0 0.0 0.0 0.0 -0.6 0.0 -9.68192560332
0.0 0.0 0.0 0.6 0.0 0.0 0.0 0.0 -0.2 0.0 -9.711079388067
0.0 0.0 0.0 0.6 0.0 0.0 0.0 0.0 0.2 0.0 -9.714674382425
0.0 0.0 0.0 0.6 0.0 0.0 0.0 0.0 0.6 0.0 -9.679171143722
0.0 0.0 0.0 0.6 0.0 0.0 0.0 0.0 1.0 0.0 -9.582299532585
0.0 0.0 0.0 1.0 0.0 0.0 0.0 0.0 -1.0 0.0 -9.613844083093
0.0 0.0 0.0 1.0 0.0 0.0 0.0 0.0 -0.6 0.0 -9.655680983793
0.0 0.0 0.0 1.0 0.0 0.0 0.0 0.0 -0.2 0.0 -9.684410614582
0.0 0.0 0.0 1.0 0.0 0.0 0.0 0.0 0.2 0.0 -9.694070018995
0.0 0.0 0.0 1.0 0.0 0.0 0.0 0.0 0.6 0.0 -9.674252904048
0.0 0.0 0.0 1.0 0.0 0.0 0.0 0.0 1.0 0.0 -9.608548883766
0.0 0.0 0.0 -1.0 0.0 0.0 0.0 0.0 0.0 -1.0 -9.620947689236
0.0 0.0 0.0 -1.0 0.0 0.0 0.0 0.0 0.0 -0.6 -9.654970626108
0.0 0.0 0.0 -1.0 0.0 0.0 0.0 0.0 0.0 -0.2 -9.683347248212
0.0 0.0 0.0 -1.0 0.0 0.0 0.0 0.0 0.0 0.2 -9.693851442087
0.0 0.0 0.0 -1.0 0.0 0.0 0.0 0.0 0.0 0.6 -9.654432887489
0.0 0.0 0.0 -1.0 0.0 0.0 0.0 0.0 0.0 1.0 -9.490009693057
0.0 0.0 0.0 -0.6 0.0 0.0 0.0 0.0 0.0 -1.0 -9.643332297546
0.0 0.0 0.0 -0.6 0.0 0.0 0.0 0.0 0.0 -0.6 -9.680376729038
0.0 0.0 0.0 -0.6 0.0 0.0 0.0 0.0 0.0 -0.2 -9.709698673859
0.0 0.0 0.0 -0.6 0.0 0.0 0.0 0.0 0.0 0.2 -9.713272594174
0.0 0.0 0.0 -0.6 0.0 0.0 0.0 0.0 0.0 0.6 -9.63757809433
0.0 0.0 0.0 -0.6 0.0 0.0 0.0 0.0 0.0 1.0 -9.331028609272
0.0 0.0 0.0 -0.2 0.0 0.0 0.0 0.0 0.0 -1.0 -9.65202974733
0.0 0.0 0.0 -0.2 0.0 0.0 0.0 0.0 0.0 -0.6 -9.690642523253
0.0 0.0 0.0 -0.2 0.0 0.0 0.0 0.0 0.0 -0.2 -9.720115668434
0.0 0.0 0.0 -0.2 0.0 0.0 0.0 0.0 0.0 0.2 -9.718292206518
0.0 0.0 0.0 -0.2 0.0 0.0 0.0 0.0 0.0 0.6 -9.614513490188
0.0 0.0 0.0 -0.2 0.0 0.0 0.0 0.0 0.0 1.0 -9.184838611082
0.0 0.0 0.0 0.2 0.0 0.0 0.0 0.0 0.0 -1.0 -9.65202991448
0.0 0.0 0.0 0.2 0.0 0.0 0.0 0.0 0.0 -0.6 -9.690642622902
0.0 0.0 0.0 0.2 0.0 0.0 0.0 0.0 0.0 -0.2 -9.720115701655
0.0 0.0 0.0 0.2 0.0 0.0 0.0 0.0 0.0 0.2 -9.71829215943
0.0 0.0 0.0 0.2 0.0 0.0 0.0 0.0 0.0 0.6 -9.614513327555
0.0 0.0 0.0 0.2 0.0 0.0 0.0 0.0 0.0 1.0 -9.184838364291
0.0 0.0 0.0 0.6 0.0 0.0 0.0 0.0 0.0 -1.0 -9.6433326512
0.0 0.0 0.0 0.6 0.0 0.0 0.0 0.0 0.0 -0.6 -9.680376902014
0.0 0.0 0.0 0.6 0.0 0.0 0.0 0.0 0.0 -0.2 -9.709698671296
0.0 0.0 0.0 0.6 0.0 0.0 0.0 0.0 0.0 0.2 -9.713272386412
0.0 0.0 0.0 0.6 0.0 0.0 0.0 0.0 0.0 0.6 -9.637577611843
0.0 0.0 0.0 0.6 0.0 0.0 0.0 0.0 0.0 1.0 -9.33102795371
0.0 0.0 0.0 1.0 0.0 0.0 0.0 0.0 0.0 -1.0 -9.620947860436
0.0 0.0 0.0 1.0 0.0 0.0 0.0 0.0 0.0 -0.6 -9.654970557675
0.0 0.0 0.0 1.0 0.0 0.0 0.0 0.0 0.0 -0.2 -9.683346952902
0.0 0.0 0.0 1.0 0.0 0.0 0.0 0.0 0.0 0.2 -9.693850894878
0.0 0.0 0.0 1.0 0.0 0.0 0.0 0.0 0.0 0.6 -9.654432039232
0.0 0.0 0.0 1.0 0.0 0.0 0.0 0.0 0.0 1.0 -9.49000868527
0.0 0.0 0.0 0.0 -1.0 -1.0 0.0 0.0 0.0 0.0 -9.591737210705
0.0 0.0 0.0 0.0 -1.0 -0.6 0.0 0.0 0.0 0.0 -9.628763633619
0.0 0.0 0.0 0.0 -1.0 -0.2 0.0 0.0 0.0 0.0 -9.651007544102
0.0 0.0 0.0 0.0 -1.0 0.2 0.0 0.0 0.0 0.0 -9.651007566126
0.0 0.0 0.0 0.0 -1.0 0.6 0.0 0.0 0.0 0.0 -9.628763691365
0.0 0.0 0.0 0.0 -1.0 1.0 0.0 0.0 0.0 0.0 -9.59173727323
0.0 0.0 0.0 0.0 -0.6 -1.0 0.0 0.0 0.0 0.0 -9.628763643251
0.0 0.0 0.0 0.0 -0.6 -0.6 0.0 0.0 0.0 0.0 -9.67550148238
0.0 0.0 0.0 0.0 -0.6 -0.2 0.0 0.0 0.0 0.0 -9.701271041251
0.0 0.0 0.0 0.0 -0.6 0.2 0.0 0.0 0.0 0.0 -9.701271063517
0.0 0.0 0.0 0.0 -0.6 0.6 0.0 0.0 0.0 0.0 -9.675501554332
0.0 0.0 0.0 0.0 -0.6 1.0 0.0 0.0 0.0 0.0 -9.628763739499
0.0 0.0 0.0 0.0 -0.2 -1.0 0.0 0.0 0.0 0.0 -9.651007566077
0.0 0.0 0.0 0.0 -0.2 -0.6 0.0 0.0 0.0 0.0 -9.701271052333
0.0 0.0 0.0 0.0 -0.2 -0.2 0.0 0.0 0.0 0.0 -9.723280943995
0.0 0.0 0.0 0.0 -0.2 0.2 0.0 0.0 0.0 0.0 -9.723280952236
0.0 0.0 0.0 0.0 -0.2 0.6 0.0 0.0 0.0 0.0 -9.701271119133
0.0 0.0 0.0 0.0 -0.2 1.0 0.0 0.0 0.0 0.0 -9.651007676204
0.0 0.0 0.0 0.0 0.2 -1.0 0.0 0.0 0.0 0.0 -9.651007599008
0.0 0.0 0.0 0.0 0.2 -0.6 0.0 0.0 0.0 0.0 -9.701271085624
0.0 0.0 0.0 0.0 0.2 -0.2 0.0 0.0 0.0 0.0 -9.723280956313
0.0 0.0 0.0 0.0 0.2 0.2 0.0 0.0 0.0 0.0 -9.723280964555
0.0 0.0 0.0 0.0 0.2 0.6 0.0 0.0 0.0 0.0 -9.701271152428
0.0 0.0 0.0 0.0 0.2 1.0 0.0 0.0 0.0 0.0 -9.65100770914
0.0 0.0 0.0 0.0 0.6 -1.0 0.0 0.0 0.0 0.0 -9.628763729597
0.0 0.0 0.0 0.0 0.6 -0.6 0.0 0.0 0.0 0.0 -9.675501589963
0.0 0.0 0.0 0.0 0.6 -0.2 0.0 0.0 0.0 0.0 -9.701271141128
0.0 0.0 0.0 0.0 0.6 0.2 0.0 0.0 0.0 0.0 -9.701271163397
0.0 0.0 0.0 0.0 0.6 0.6 0.0 0.0 0.0 0.0 -9.675501661925
0.0 0.0 0.0 0.0 0.6 1.0 0.0 0.0 0.0 0.0 -9.628763825856
0.0 0.0 0.0 0.0 1.0 -1.0 0.0 0.0 0.0 0.0 -9.591737304198
0.0 0.0 0.0 0.0 1.0 -0.6 0.0 0.0 0.0 0.0 -9.628763777532
0.0 0.0 0.0 0.0 1.0 -0.2 0.0 0.0 0.0 0.0 -9.651007708765
0.0 0.0 0.0 0.0 1.0 0.2 0.0 0.0 0.0 0.0 -9.651007730793
0.0 0.0 0.0 0.0 1.0 0.6 0.0 0.0 0.0 0.0 -9.628763835289
0.0 0.0 0.0 0.0 1.0 1.0 0.0 0.0 0.0 0.0 -9.59173736673
0.0 0.0 0.0 0.0 -1.0 0.0 -1.0 0.0 0.0 0.0 -9.594826105334
0.0 0.0 0.0 0.0 -1.0 0.0 -0.6 0.0 0.0 0.0 -9.636173748722
0.0 0.0 0.0 0.0 -1.0 0.0 -0.2 0.0 0.0 0.0 -9.652453313684
0.0 0.0 0.0 0.0 -1.0 0.0 0.2 0.0 0.0 0.0 -9.652092199954
0.0 0.0 0.0 0.0 -1.0 0.0 0.6 0.0 0.0 0.0 -9.640713779833
0.0 0.0 0.0 0.0 -1.0 0.0 1.0 0.0 0.0 0.0 -9.622089181415
0.0 0.0 0.0 0.0 -0.6 0.0 -1.0 0.0 0.0 0.0 -9.642915256096
0.0 0.0 0.0 0.0 -0.6 0.0 -0.6 0.0 0.0 0.0 -9.68576577373
0.0 0.0 0.0 0.0 -0.6 0.0 -0.2 0.0 0.0 0.0 -9.702759070257
0.0 0.0 0.0 0.0 -0.6 0.0 0.2 0.0 0.0 0.0 -9.702600153146
0.0 0.0 0.0 0.0 -0.6 0.0 0.6 0.0 0.0 0.0 -9.691078548227
0.0 0.0 0.0 0.0 -0.6 0.0 1.0 0.0 0.0 0.0 -9.672064065272
0.0 0.0 0.0 0.0 -0.2 0.0 -1.0 0.0 0.0 0.0 -9.661836994698
0.0 0.0 0.0 0.0 -0.2 0.0 -0.6 0.0 0.0 0.0 -9.705710409759
0.0 0.0 0.0 0.0 -0.2 0.0 -0.2 0.0 0.0 0.0 -9.723301522948
0.0 0.0 0.0 0.0 -0.2 0.0 0.2 0.0 0.0 0.0 -9.723461131597
0.0 0.0 0.0 0.0 -0.2 0.0 0.6 0.0 0.0 0.0 -9.712066112866
0.0 0.0 0.0 0.0 -0.2 0.0 1.0 0.0 0.0 0.0 -9.693038559219
0.0 0.0 0.0 0.0 0.2 0.0 -1.0 0.0 0.0 0.0 -9.661836949014
0.0 0.0 0.0 0.0 0.2 0.0 -0.6 0.0 0.0 0.0 -9.705710402599
0.0 0.0 0.0 0.0 0.2 0.0 -0.2 0.0 0.0 0.0 -9.723301529161
0.0 0.0 0.0 0.0 0.2 0.0 0.2 0.0 0.0 0.0 -9.723461135961
0.0 0.0 0.0 0.0 0.2 0.0 0.6 0.0 0.0 0.0 -9.712066106664
0.0 0.0 0.0 0.0 0.2 0.0 1.0 0.0 0.0 0.0 -9.693038537881
0.0 0.0 0.0 0.0 0.6 0.0 -1.0 0.0 0.0 0.0 -9.642915199043
0.0 0.0 0.0 0.0 0.6 0.0 -0.6 0.0 0.0 0.0 -9.685765829695
0.0 0.0 0.0 0.0 0.6 0.0 -0.2 0.0 0.0 0.0 -9.70275916532
0.0 0.0 0.0 0.0 0.6 0.0 0.2 0.0 0.0 0.0 -9.702600242514
0.0 0.0 0.0 0.0 0.6 0.0 0.6 0.0 0.0 0.0 -9.691078606214
0.0 0.0 0.0 0.0 0.6 0.0 1.0 0.0 0.0 0.0 -9.672064078402
0.0 0.0 0.0 0.0 1.0 0.0 -1.0 0.0 0.0 0.0 -9.594826043272
0.0 0.0 0.0 0.0 1.0 0.0 -0.6 0.0 0.0 0.0 -9.636173860384
0.0 0.0 0.0 0.0 1.0 0.0 -0.2 0.0 0.0 0.0 -9.6524534813
0.0 0.0 0.0 0.0 1.0 0.0 0.2 0.0 0.0 0.0 -9.652092352152
0.0 0.0 0.0 0.0 1.0 0.0 0.6 0.0 0.0 0.0 -9.640713875813
0.0 0.0 0.0 0.0 1.0 0.0 1.0 0.0 0.0 0.0 -9.622089199947
0.0 0.0 0.0 0.0 -1.0 0.0 0.0 -1.0 0.0 0.0 -9.579181916076
0.0 0.0 0.0 0.0 -1.0 0.0 0.0 -0.6 0.0 0.0 -9.624615886888
0.0 0.0 0.0 0.0 -1.0 0.0 0.0 -0.2 0.0 0.0 -9.650524762248
0.0 0.0 0.0 0.0 -1.0 0.0 0.0 0.2 0.0 0.0 -9.64929078651
0.0 0.0 0.0 0.0 -1.0 0.0 0.0 0.6 0.0 0.0 -9.608300645455
0.0 0.0 0.0 0.0 -1.0 0.0 0.0 1.0 0.0 0.0 -9.507560867608
0.0 0.0 0.0 0.0 -0.6 0.0 0.0 -1.0 0.0 0.0 -9.622963527283
0.0 0.0 0.0 0.0 -0.6 0.0 0.0 -0.6 0.0 0.0 -9.671533677112
0.0 0.0 0.0 0.0 -0.6 0.0 0.0 -0.2 0.0 0.0 -9.699969087535
0.0 0.0 0.0 0.0 -0.6 0.0 0.0 0.2 0.0 0.0 -9.700575460409
0.0 0.0 0.0 0.0 -0.6 0.0 0.0 0.6 0.0 0.0 -9.660565177643
0.0 0.0 0.0 0.0 -0.6 0.0 0.0 1.0 0.0 0.0 -9.559627737786
0.0 0.0 0.0 0.0 -0.2 0.0 0.0 -1.0 0.0 0.0 -9.64348338473
0.0 0.0 0.0 0.0 -0.2 0.0 0.0 -0.6 0.0 0.0 -9.692585670009
0.0 0.0 0.0 0.0 -0.2 0.0 0.0 -0.2 0.0 0.0 -9.720975760153
0.0 0.0 0.0 0.0 -0.2 0.0 0.0 0.2 0.0 0.0 -9.720833094088
0.0 0.0 0.0 0.0 -0.2 0.0 0.0 0.6 0.0 0.0 -9.679183008798
0.0 0.0 0.0 0.0 -0.2 0.0 0.0 1.0 0.0 0.0 -9.575439710709
0.0 0.0 0.0 0.0 0.2 0.0 0.0 -1.0 0.0 0.0 -9.64348345194
0.0 0.0 0.0 0.0 0.2 0.0 0.0 -0.6 0.0 0.0 -9.692585694694
0.0 0.0 0.0 0.0 0.2 0.0 0.0 -0.2 0.0 0.0 -9.720975765802
0.0 0.0 0.0 0.0 0.2 0.0 0.0 0.2 0.0 0.0 -9.720833110171
0.0 0.0 0.0 0.0 0.2 0.0 0.0 0.6 0.0 0.0 -9.679183073179
0.0 0.0 0.0 0.0 0.2 0.0 0.0 1.0 0.0 0.0 -9.575439872282
0.0 0.0 0.0 0.0 0.6 0.0 0.0 -1.0 0.0 0.0 -9.622963769609
0.0 0.0 0.0 0.0 0.6 0.0 0.0 -0.6 0.0 0.0 -9.671533805518
0.0 0.0 0.0 0.0 0.6 0.0 0.0 -0.2 0.0 0.0 -9.699969173269
0.0 0.0 0.0 0.0 0.6 0.0 0.0 0.2 0.0 0.0 -9.700575592563
0.0 0.0 0.0 0.0 0.6 0.0 0.0 0.6 0.0 0.0 -9.660565470243
0.0 0.0 0.0 0.0 0.6 0.0 0.0 1.0 0.0 0.0 -9.559628337371
0.0 0.0 0.0 0.0 1.0 0.0 0.0 -1.0 0.0 0.0 -9.579182300511
0.0 0.0 0.0 0.0 1.0 0.0 0.0 -0.6 0.0 0.0 -9.624616093001
0.0 0.0 0.0 0.0 1.0 0.0 0.0 -0.2 0.0 0.0 -9.650524906994
0.0 0.0 0.0 0.0 1.0 0.0 0.0 0.2 0.0 0.0 -9.649291016047
0.0 0.0 0.0 0.0 1.0 0.0 0.0 0.6 0.0 0.0 -9.608301146508
0.0 0.0 0.0 0.0 1.0 0.0 0.0 1.0 0.0 0.0 -9.507561878814
0.0 0.0 0.0 0.0 -1.0 0.0 0.0 0.0 -1.0 0.0 -9.572704209598
0.0 0.0 0.0 0.0 -1.0 0.0 0.0 0.0 -0.6 0.0 -9.621312454832
0.0 0.0 0.0 0.0 -1.0 0.0 0.0 0.0 -0.2 0.0 -9.649609509399
0.0 0.0 0.0 0.0 -1.0 0.0 0.0 0.0 0.2 0.0 -9.649761615757
0.0 0.0 0.0 0.0 -1.0 0.0 0.0 0.0 0.6 0.0 -9.606744878904
0.0 0.0 0.0 0.0 -1.0 0.0 0.0 0.0 1.0 0.0 -9.495449674292
0.0 0.0 0.0 0.0 -0.6 0.0 0.0 0.0 -1.0 0.0 -9.619825127069
0.0 0.0 0.0 0.0 -0.6 0.0 0.0 0.0 -0.6 0.0 -9.670597446049
0.0 0.0 0.0 0.0 -0.6 0.0 0.0 0.0 -0.2 0.0 -9.699978681095
0.0 0.0 0.0 0.0 -0.6 0.0 0.0 0.0 0.2 0.0 -9.699952063788
0.0 0.0 0.0 0.0 -0.6 0.0 0.0 0.0 0.6 0.0 -9.655025378071
0.0 0.0 0.0 0.0 -0.6 0.0 0.0 0.0 1.0 0.0 -9.539137274947
0.0 0.0 0.0 0.0 -0.2 0.0 0.0 0.0 -1.0 0.0 -9.639638102639
0.0 0.0 0.0 0.0 -0.2 0.0 0.0 0.0 -0.6 0.0 -9.691241032124
0.0 0.0 0.0 0.0 -0.2 0.0 0.0 0.0 -0.2 0.0 -9.720848268831
0.0 0.0 0.0 0.0 -0.2 0.0 0.0 0.0 0.2 0.0 -9.720345712436
0.0 0.0 0.0 0.0 -0.2 0.0 0.0 0.0 0.6 0.0 -9.673999822882
0.0 0.0 0.0 0.0 -0.2 0.0 0.0 0.0 1.0 0.0 -9.555261165839
0.0 0.0 0.0 0.0 0.2 0.0 0.0 0.0 -1.0 0.0 -9.639637884528
0.0 0.0 0.0 0.0 0.2 0.0 0.0 0.0 -0.6 0.0 -9.691240888814
0.0 0.0 0.0 0.0 0.2 0.0 0.0 0.0 -0.2 0.0 -9.720848214753
0.0 0.0 0.0 0.0 0.2 0.0 0.0 0.0 0.2 0.0 -9.72034579784
0.0 0.0 0.0 0.0 0.2 0.0 0.0 0.0 0.6 0.0 -9.674000148461
0.0 0.0 0.0 0.0 0.2 0.0 0.0 0.0 1.0 0.0 -9.555261912761
0.0 0.0 0.0 0.0 0.6 0.0 0.0 0.0 -1.0 0.0 -9.619824578933
0.0 0.0 0.0 0.0 0.6 0.0 0.0 0.0 -0.6 0.0 -9.670597111316
0.0 0.0 0.0 0.0 0.6 0.0 0.0 0.0 -0.2 0.0 -9.699978602081
0.0 0.0 0.0 0.0 0.6 0.0 0.0 0.0 0.2 0.0 -9.699952388233
0.0 0.0 0.0 0.0 0.6 0.0 0.0 0.0 0.6 0.0 -9.655026401708
0.0 0.0 0.0 0.0 0.6 0.0 0.0 0.0 1.0 0.0 -9.539139529075
0.0 0.0 0.0 0.0 1.0 0.0 0.0 0.0 -1.0 0.0 -9.572703350177
0.0 0.0 0.0 0.0 1.0 0.0 0.0 0.0 -0.6 0.0 -9.621311932457
0.0 0.0 0.0 0.0 1.0 0.0 0.0 0.0 -0.2 0.0 -9.649609394627
0.0 0.0 0.0 0.0 1.0 0.0 0.0 0.0 0.2 0.0 -9.64976214888
0.0 0.0 0.0 0.0 1.0 0.0 0.0 0.0 0.6 0.0 -9.60674653662
0.0 0.0 0.0 0.0 1.0 0.0 0.0 0.0 1.0 0.0 -9.4954533076
0.0 0.0 0.0 0.0 -1.0 0.0 0.0 0.0 0.0 -1.0 -9.59035443429
0.0 0.0 0.0 0.0 -1.0 0.0 0.0 0.0 0.0 -0.6 -9.617899264926
0.0 0.0 0.0 0.0 -1.0 0.0 0.0 0.0 0.0 -0.2 -9.642978240744
0.0 0.0 0.0 0.0 -1.0 0.0 0.0 0.0 0.0 0.2 -9.663437222887
0.0 0.0 0.0 0.0 -1.0 0.0 0.0 0.0 0.0 0.6 -9.676826890499
0.0 0.0 0.0 0.0 -1.0 0.0 0.0 0.0 0.0 1.0 -9.679941755167
0.0 0.0 0.0 0.0 -0.6 0.0 0.0 0.0 0.0 -1.0 -9.627463705291
0.0 0.0 0.0 0.0 -0.6 0.0 0.0 0.0 0.0 -0.6 -9.66240879396
0.0 0.0 0.0 0.0 -0.6 0.0 0.0 0.0 0.0 -0.2 -9.692738481411
0.0 0.0 0.0 0.0 -0.6 0.0 0.0 0.0 0.0 0.2 -9.711866404917
0.0 0.0 0.0 0.0 -0.6 0.0 0.0 0.0 0.0 0.6 -9.704479099662
0.0 0.0 0.0 0.0 -0.6 0.0 0.0 0.0 0.0 1.0 -9.642448759502
0.0 0.0 0.0 0.0 -0.2 0.0 0.0 0.0 0.0 -1.0 -9.649968624401
0.0 0.0 0.0 0.0 -0.2 0.0 0.0 0.0 0.0 -0.6 -9.688389626986
0.0 0.0 0.0 0.0 -0.2 0.0 0.0 0.0 0.0 -0.2 -9.718388855984
0.0 0.0 0.0 0.0 -0.2 0.0 0.0 0.0 0.0 0.2 -9.720385441475
0.0 0.0 0.0 0.0 -0.2 0.0 0.0 0.0 0.0 0.6 -9.634436123791
0.0 0.0 0.0 0.0 -0.2 0.0 0.0 0.0 0.0 1.0 -9.282829063814
0.0 0.0 0.0 0.0 0.2 0.0 0.0 0.0 0.0 -1.0 -9.649968698977
0.0 0.0 0.0 0.0 0.2 0.0 0.0 0.0 0.0 -0.6 -9.688389687225
0.0 0.0 0.0 0.0 0.2 0.0 0.0 0.0 0.0 -0.2 -9.718388890843
0.0 0.0 0.0 0.0 0.2 0.0 0.0 0.0 0.0 0.2 -9.720385393686
0.0 0.0 0.0 0.0 0.2 0.0 0.0 0.0 0.0 0.6 -9.634435747043
0.0 0.0 0.0 0.0 0.2 0.0 0.0 0.0 0.0 1.0 -9.282827324389
0.0 0.0 0.0 0.0 0.6 0.0 0.0 0.0 0.0 -1.0 -9.627463913802
0.0 0.0 0.0 0.0 0.6 0.0 0.0 0.0 0.0 -0.6 -9.662408965368
0.0 0.0 0.0 0.0 0.6 0.0 0.0 0.0 0.0 -0.2 -9.692738611081
0.0 0.0 0.0 0.0 0.6 0.0 0.0 0.0 0.0 0.2 -9.711866448525
0.0 0.0 0.0 0.0 0.6 0.0 0.0 0.0 0.0 0.6 -9.704478903547
0.0 0.0 0.0 0.0 0.6 0.0 0.0 0.0 0.0 1.0 -9.642447900783
0.0 0.0 0.0 0.0 1.0 0.0 0.0 0.0 0.0 -1.0 -9.590354729183
0.0 0.0 0.0 0.0 1.0 0.0 0.0 0.0 0.0 -0.6 -9.617899502849
0.0 0.0 0.0 0.0 1.0 0.0 0.0 0.0 0.0 -0.2 -9.642978431643
0.0 0.0 0.0 0.0 1.0 0.0 0.0 0.0 0.0 0.2 -9.663437365883
0.0 0.0 0.0 0.0 1.0 0.0 0.0 0.0 0.0 0.6 -9.676826970531
0.0 0.0 0.0 0.0 1.0 0.0 0.0 0.0 0.0 1.0 -9.679941729299
0.0 0.0 0.0 0.0 0.0 -1.0 -1.0 0.0 0.0 0.0 -9.59482609517
0.0 0.0 0.0 0.0 0.0 -1.0 -0.6 0.0 0.0 0.0 -9.636173767356
0.0 0.0 0.0 0.0 0.0 -1.0 -0.2 0.0 0.0 0.0 -9.652453341602
0.0 0.0 0.0 0.0 0.0 -1.0 0.2 0.0 0.0 0.0 -9.652092225331
0.0 0.0 0.0 0.0 0.0 -1.0 0.6 0.0 0.0 0.0 -9.64071379591
0.0 0.0 0.0 0.0 0.0 -1.0 1.0 0.0 0.0 0.0 -9.622089184675
0.0 0.0 0.0 0.0 0.0 -0.6 -1.0 0.0 0.0 0.0 -9.642915246694
0.0 0.0 0.0 0.0 0.0 -0.6 -0.6 0.0 0.0 0.0 -9.68576578305
0.0 0.0 0.0 0.0 0.0 -0.6 -0.2 0.0 0.0 0.0 -9.702759086057
0.0 0.0 0.0 0.0 0.0 -0.6 0.2 0.0 0.0 0.0 -9.702600168009
0.0 0.0 0.0 0.0 0.0 -0.6 0.6 0.0 0.0 0.0 -9.691078557899
0.0 0.0 0.0 0.0 0.0 -0.6 1.0 0.0 0.0 0.0 -9.67206406752
0.0 0.0 0.0 0.0 0.0 -0.2 -1.0 0.0 0.0 0.0 -9.661836987139
0.0 0.0 0.0 0.0 0.0 -0.2 -0.6 0.0 0.0 0.0 -9.705710408577
0.0 0.0 0.0 0.0 0.0 -0.2 -0.2 0.0 0.0 0.0 -9.72330152398
0.0 0.0 0.0 0.0 0.0 -0.2 0.2 0.0 0.0 0.0 -9.723461132323
0.0 0.0 0.0 0.0 0.0 -0.2 0.6 0.0 0.0 0.0 -9.712066111844
0.0 0.0 0.0 0.0 0.0 -0.2 1.0 0.0 0.0 0.0 -9.693038555691
0.0 0.0 0.0 0.0 0.0 0.2 -1.0 0.0 0.0 0.0 -9.661836956574
0.0 0.0 0.0 0.0 0.0 0.2 -0.6 0.0 0.0 0.0 -9.705710403787
0.0 0.0 0.0 0.0 0.0 0.2 -0.2 0.0 0.0 0.0 -9.723301528138
0.0 0.0 0.0 0.0 0.0 0.2 0.2 0.0 0.0 0.0 -9.723461135245
0.0 0.0 0.0 0.0 0.0 0.2 0.6 0.0 0.0 0.0 -9.712066107697
0.0 0.0 0.0 0.0 0.0 0.2 1.0 0.0 0.0 0.0 -9.693038541419
0.0 0.0 0.0 0.0 0.0 0.6 -1.0 0.0 0.0 0.0 -9.642915208507
0.0 0.0 0.0 0.0 0.0 0.6 -0.6 0.0 0.0 0.0 -9.685765820474
0.0 0.0 0.0 0.0 0.0 0.6 -0.2 0.0 0.0 0.0 -9.702759149639
0.0 0.0 0.0 0.0 0.0 0.6 0.2 0.0 0.0 0.0 -9.70260022778
0.0 0.0 0.0 0.0 0.0 0.6 0.6 0.0 0.0 0.0 -9.691078596675
0.0 0.0 0.0 0.0 0.0 0.6 1.0 0.0 0.0 0.0 -9.672064076286
0.0 0.0 0.0 0.0 0.0 1.0 -1.0 0.0 0.0 0.0 -9.594826053609
0.0 0.0 0.0 0.0 0.0 1.0 -0.6 0.0 0.0 0.0 -9.636173842022
0.0 0.0 0.0 0.0 0.0 1.0 -0.2 0.0 0.0 0.0 -9.652453453705
0.0 0.0 0.0 0.0 0.0 1.0 0.2 0.0 0.0 0.0 -9.65209232712
0.0 0.0 0.0 0.0 0.0 1.0 0.6 0.0 0.0 0.0 -9.640713860089
0.0 0.0 0.0 0.0 0.0 1.0 1.0 0.0 0.0 0.0 -9.62208919704
0.0 0.0 0.0 0.0 0.0 -1.0 0.0 -1.0 0.0 0.0 -9.579181979859
0.0 0.0 0.0 0.0 0.0 -1.0 0.0 -0.6 0.0 0.0 -9.624615921159
0.0 0.0 0.0 0.0 0.0 -1.0 0.0 -0.2 0.0 0.0 -9.650524786375
0.0 0.0 0.0 0.0 0.0 -1.0 0.0 0.2 0.0 0.0 -9.649290824702
0.0 0.0 0.0 0.0 0.0 -1.0 0.0 0.6 0.0 0.0 -9.608300728647
0.0 0.0 0.0 0.0 0.0 -1.0 0.0 1.0 0.0 0.0 -9.507561035347
0.0 0.0 0.0 0.0 0.0 -0.6 0.0 -1.0 0.0 0.0 -9.622963567459
0.0 0.0 0.0 0.0 0.0 -0.6 0.0 -0.6 0.0 0.0 -9.671533698429
0.0 0.0 0.0 0.0 0.0 -0.6 0.0 -0.2 0.0 0.0 -9.69996910179
0.0 0.0 0.0 0.0 0.0 -0.6 0.0 0.2 0.0 0.0 -9.700575482357
0.0 0.0 0.0 0.0 0.0 -0.6 0.0 0.6 0.0 0.0 -9.660565226169
0.0 0.0 0.0 0.0 0.0 -0.6 0.0 1.0 0.0 0.0 -9.559627837165
0.0 0.0 0.0 0.0 0.0 -0.2 0.0 -1.0 0.0 0.0 -9.643483395864
0.0 0.0 0.0 0.0 0.0 -0.2 0.0 -0.6 0.0 0.0 -9.692585674101
0.0 0.0 0.0 0.0 0.0 -0.2 0.0 -0.2 0.0 0.0 -9.720975761092
0.0 0.0 0.0 0.0 0.0 -0.2 0.0 0.2 0.0 0.0 -9.720833096754
0.0 0.0 0.0 0.0 0.0 -0.2 0.0 0.6 0.0 0.0 -9.67918301946
0.0 0.0 0.0 0.0 0.0 -0.2 0.0 1.0 0.0 0.0 -9.575439737463
0.0 0.0 0.0 0.0 0.0 0.2 0.0 -1.0 0.0 0.0 -9.643483440815
0.0 0.0 0.0 0.0 0.0 0.2 0.0 -0.6 0.0 0.0 -9.692585690611
0.0 0.0 0.0 0.0 0.0 0.2 0.0 -0.2 0.0 0.0 -9.720975764872
0.0 0.0 0.0 0.0 0.0 0.2 0.0 0.2 0.0 0.0 -9.720833107515
0.0 0.0 0.0 0.0 0.0 0.2 0.0 0.6 0.0 0.0 -9.679183062528
0.0 0.0 0.0 0.0 0.0 0.2 0.0 1.0 0.0 0.0 -9.575439845542
0.0 0.0 0.0 0.0 0.0 0.6 0.0 -1.0 0.0 0.0 -9.622963729529
0.0 0.0 0.0 0.0 0.0 0.6 0.0 -0.6 0.0 0.0 -9.671533784307
0.0 0.0 0.0 0.0 0.0 0.6 0.0 -0.2 0.0 0.0 -9.699969159131
0.0 0.0 0.0 0.0 0.0 0.6 0.0 0.2 0.0 0.0 -9.700575570749
0.0 0.0 0.0 0.0 0.0 0.6 0.0 0.6 0.0 0.0 -9.660565421879
0.0 0.0 0.0 0.0 0.0 0.6 0.0 1.0 0.0 0.0 -9.559628238207
0.0 0.0 0.0 0.0 0.0 1.0 0.0 -1.0 0.0 0.0 -9.57918223697
0.0 0.0 0.0 0.0 0.0 1.0 0.0 -0.6 0.0 0.0 -9.624616059005
0.0 0.0 0.0 0.0 0.0 1.0 0.0 -0.2 0.0 0.0 -9.65052488318
0.0 0.0 0.0 0.0 0.0 1.0 0.0 0.2 0.0 0.0 -9.649290978222
0.0 0.0 0.0 0.0 0.0 1.0 0.0 0.6 0.0 0.0 -9.608301063775
0.0 0.0 0.0 0.0 0.0 1.0 0.0 1.0 0.0 0.0 -9.507561711695
0.0 0.0 0.0 0.0 0.0 -1.0 0.0 0.0 -1.0 0.0 -9.57270406743
0.0 0.0 0.0 0.0 0.0 -1.0 0.0 0.0 -0.6 0.0 -9.621312368496
0.0 0.0 0.0 0.0 0.0 -1.0 0.0 0.0 -0.2 0.0 -9.649609490565
0.0 0.0 0.0 0.0 0.0 -1.0 0.0 0.0 0.2 0.0 -9.6497617042
0.0 0.0 0.0 0.0 0.0 -1.0 0.0 0.0 0.6 0.0 -9.606745153537
0.0 0.0 0.0 0.0 0.0 -1.0 0.0 0.0 1.0 0.0 -9.495450275995
0.0 0.0 0.0 0.0 0.0 -0.6 0.0 0.0 -1.0 0.0 -9.619825036365
0.0 0.0 0.0 0.0 0.0 -0.6 0.0 0.0 -0.6 0.0 -9.670597390686
0.0 0.0 0.0 0.0 0.0 -0.6 0.0 0.0 -0.2 0.0 -9.699978668076
0.0 0.0 0.0 0.0 0.0 -0.6 0.0 0.0 0.2 0.0 -9.69995211757
0.0 0.0 0.0 0.0 0.0 -0.6 0.0 0.0 0.6 0.0 -9.655025547612
0.0 0.0 0.0 0.0 0.0 -0.6 0.0 0.0 1.0 0.0 -9.539137648207
0.0 0.0 0.0 0.0 0.0 -0.2 0.0 0.0 -1.0 0.0 -9.639638066532
0.0 0.0 0.0 0.0 0.0 -0.2 0.0 0.0 -0.6 0.0 -9.691241008401
0.0 0.0 0.0 0.0 0.0 -0.2 0.0 0.0 -0.2 0.0 -9.720848259881
0.0 0.0 0.0 0.0 0.0 -0.2 0.0 0.0 0.2 0.0 -9.720345726579
0.0 0.0 0.0 0.0 0.0 -0.2 0.0 0.0 0.6 0.0 -9.673999876789
0.0 0.0 0.0 0.0 0.0 -0.2 0.0 0.0 1.0 0.0 -9.555261289504
0.0 0.0 0.0 0.0 0.0 0.2 0.0 0.0 -1.0 0.0 -9.63963792064
0.0 0.0 0.0 0.0 0.0 0.2 0.0 0.0 -0.6 0.0 -9.691240912545
0.0 0.0 0.0 0.0 0.0 0.2 0.0 0.0 -0.2 0.0 -9.720848223712
0.0 0.0 0.0 0.0 0.0 0.2 0.0 0.0 0.2 0.0 -9.720345783707
0.0 0.0 0.0 0.0 0.0 0.2 0.0 0.0 0.6 0.0 -9.674000094563
0.0 0.0 0.0 0.0 0.0 0.2 0.0 0.0 1.0 0.0 -9.555261789102
0.0 0.0 0.0 0.0 0.0 0.6 0.0 0.0 -1.0 0.0 -9.619824669715
0.0 0.0 0.0 0.0 0.0 0.6 0.0 0.0 -0.6 0.0 -9.670597166784
0.0 0.0 0.0 0.0 0.0 0.6 0.0 0.0 -0.2 0.0 -9.699978615221
0.0 0.0 0.0 0.0 0.0 0.6 0.0 0.0 0.2 0.0 -9.699952334579
0.0 0.0 0.0 0.0 0.0 0.6 0.0 0.0 0.6 0.0 -9.655026232291
0.0 0.0 0.0 0.0 0.0 0.6 0.0 0.0 1.0 0.0 -9.539139155922
0.0 0.0 0.0 0.0 0.0 1.0 0.0 0.0 -1.0 0.0 -9.572703492556
0.0 0.0 0.0 0.0 0.0 1.0 0.0 0.0 -0.6 0.0 -9.621312019075
0.0 0.0 0.0 0.0 0.0 1.0 0.0 0.0 -0.2 0.0 -9.649609413785
0.0 0.0 0.0 0.0 0.0 1.0 0.0 0.0 0.2 0.0 -9.649762060781
0.0 0.0 0.0 0.0 0.0 1.0 0.0 0.0 0.6 0.0 -9.606746262325
0.0 0.0 0.0 0.0 0.0 1.0 0.0 0.0 1.0 0.0 -9.495452706192
0.0 0.0 0.0 0.0 0.0 -1.0 0.0 0.0 0.0 -1.0 -9.590354483271
0.0 0.0 0.0 0.0 0.0 -1.0 0.0 0.0 0.0 -0.6 -9.617899304483
0.0 0.0 0.0 0.0 0.0 -1.0 0.0 0.0 0.0 -0.2 -9.642978272523
0.0 0.0 0.0 0.0 0.0 -1.0 0.0 0.0 0.0 0.2 -9.663437246735
0.0 0.0 0.0 0.0 0.0 -1.0 0.0 0.0 0.0 0.6 -9.676826903906
0.0 0.0 0.0 0.0 0.0 -1.0 0.0 0.0 0.0 1.0 -9.679941750994
0.0 0.0 0.0 0.0 0.0 -0.6 0.0 0.0 0.0 -1.0 -9.627463739882
0.0 0.0 0.0 0.0 0.0 -0.6 0.0 0.0 0.0 -0.6 -9.662408822411
0.0 0.0 0.0 0.0 0.0 -0.6 0.0 0.0 0.0 -0.2 -9.69273850295
0.0 0.0 0.0 0.0 0.0 -0.6 0.0 0.0 0.0 0.2 -9.711866412186
0.0 0.0 0.0 0.0 0.0 -0.6 0.0 0.0 0.0 0.6 -9.704479067161
0.0 0.0 0.0 0.0 0.0 -0.6 0.0 0.0 0.0 1.0 -9.642448617057
0.0 0.0 0.0 0.0 0.0 -0.2 0.0 0.0 0.0 -1.0 -9.649968636758
0.0 0.0 0.0 0.0 0.0 -0.2 0.0 0.0 0.0 -0.6 -9.688389636969
0.0 0.0 0.0 0.0 0.0 -0.2 0.0 0.0 0.0 -0.2 -9.718388861763
0.0 0.0 0.0 0.0 0.0 -0.2 0.0 0.0 0.0 0.2 -9.720385433558
0.0 0.0 0.0 0.0 0.0 -0.2 0.0 0.0 0.0 0.6 -9.634436061355
0.0 0.0 0.0 0.0 0.0 -0.2 0.0 0.0 0.0 1.0 -9.282828775541
0.0 0.0 0.0 0.0 0.0 0.2 0.0 0.0 0.0 -1.0 -9.649968686636
0.0 0.0 0.0 0.0 0.0 0.2 0.0 0.0 0.0 -0.6 -9.688389677258
0.0 0.0 0.0 0.0 0.0 0.2 0.0 0.0 0.0 -0.2 -9.718388885078
0.0 0.0 0.0 0.0 0.0 0.2 0.0 0.0 0.0 0.2 -9.720385401602
0.0 0.0 0.0 0.0 0.0 0.2 0.0 0.0 0.0 0.6 -9.634435809412
0.0 0.0 0.0 0.0 0.0 0.2 0.0 0.0 0.0 1.0 -9.282827612318
0.0 0.0 0.0 0.0 0.0 0.6 0.0 0.0 0.0 -1.0 -9.627463879338
0.0 0.0 0.0 0.0 0.0 0.6 0.0 0.0 0.0 -0.6 -9.662408937052
0.0 0.0 0.0 0.0 0.0 0.6 0.0 0.0 0.0 -0.2 -9.692738589676
0.0 0.0 0.0 0.0 0.0 0.6 0.0 0.0 0.0 0.2 -9.711866441358
0.0 0.0 0.0 0.0 0.0 0.6 0.0 0.0 0.0 0.6 -9.704478936019
0.0 0.0 0.0 0.0 0.0 0.6 0.0 0.0 0.0 1.0 -9.642448042803
0.0 0.0 0.0 0.0 0.0 1.0 0.0 0.0 0.0 -1.0 -9.590354680502
0.0 0.0 0.0 0.0 0.0 1.0 0.0 0.0 0.0 -0.6 -9.61789946361
0.0 0.0 0.0 0.0 0.0 1.0 0.0 0.0 0.0 -0.2 -9.642978400198
0.0 0.0 0.0 0.0 0.0 1.0 0.0 0.0 0.0 0.2 -9.663437342372
0.0 0.0 0.0 0.0 0.0 1.0 0.0 0.0 0.0 0.6 -9.676826957435
0.0 0.0 0.0 0.0 0.0 1.0 0.0 0.0 0.0 1.0 -9.679941733702
0.0 0.0 0.0 0.0 0.0 0.0 -1.0 -1.0 0.0 0.0 -9.520928438917
0.0 0.0 0.0 0.0 0.0 0.0 -1.0 -0.6 0.0 0.0 -9.603360838985
0.0 0.0 0.0 0.0 0.0 0.0 -1.0 -0.2 0.0 0.0 -9.653018195925
0.0 0.0 0.0 0.0 0.0 0.0 -1.0 0.2 0.0 0.0 -9.660965575157
0.0 0.0 0.0 0.0 0.0 0.0 -1.0 0.6 0.0 0.0 -9.611702254672
0.0 0.0 0.0 0.0 0.0 0.0 -1.0 1.0 0.0 0.0 -9.480108544615
0.0 0.0 0.0 0.0 0.0 0.0 -0.6 -1.0 0.0 0.0 -9.598608106177
0.0 0.0 0.0 0.0 0.0 0.0 -0.6 -0.6 0.0 0.0 -9.663275097792
0.0 0.0 0.0 0.0 0.0 0.0 -0.6 -0.2 0.0 0.0 -9.700867947577
0.0 0.0 0.0 0.0 0.0 0.0 -0.6 0.2 0.0 0.0 -9.702818785085
0.0 0.0 0.0 0.0 0.0 0.0 -0.6 0.6 0.0 0.0 -9.654603892123
0.0 0.0 0.0 0.0 0.0 0.0 -0.6 1.0 0.0 0.0 -9.53294347375
0.0 0.0 0.0 0.0 0.0 0.0 -0.2 -1.0 0.0 0.0 -9.63677651866
0.0 0.0 0.0 0.0 0.0 0.0 -0.2 -0.6 0.0 0.0 -9.689908064871
0.0 0.0 0.0 0.0 0.0 0.0 -0.2 -0.2 0.0 0.0 -9.720367946513
0.0 0.0 0.0 0.0 0.0 0.0 -0.2 0.2 0.0 0.0 -9.720052287063
0.0 0.0 0.0 0.0 0.0 0.0 -0.2 0.6 0.0 0.0 -9.675443306127
0.0 0.0 0.0 0.0 0.0 0.0 -0.2 1.0 0.0 0.0 -9.565040155287
0.0 0.0 0.0 0.0 0.0 0.0 0.2 -1.0 0.0 0.0 -9.649042357382
0.0 0.0 0.0 0.0 0.0 0.0 0.2 -0.6 0.0 0.0 -9.694693990494
0.0 0.0 0.0 0.0 0.0 0.0 0.2 -0.2 0.0 0.0 -9.72115756351
0.0 0.0 0.0 0.0 0.0 0.0 0.2 0.2 0.0 0.0 -9.720843538245
0.0 0.0 0.0 0.0 0.0 0.0 0.2 0.6 0.0 0.0 -9.681232420487
0.0 0.0 0.0 0.0 0.0 0.0 0.2 1.0 0.0 0.0 -9.582516434262
0.0 0.0 0.0 0.0 0.0 0.0 0.6 -1.0 0.0 0.0 -9.644402122058
0.0 0.0 0.0 0.0 0.0 0.0 0.6 -0.6 0.0 0.0 -9.685193015469
0.0 0.0 0.0 0.0 0.0 0.0 0.6 -0.2 0.0 0.0 -9.709623355465
0.0 0.0 0.0 0.0 0.0 0.0 0.6 0.2 0.0 0.0 -9.710636291005
0.0 0.0 0.0 0.0 0.0 0.0 0.6 0.6 0.0 0.0 -9.676678564523
0.0 0.0 0.0 0.0 0.0 0.0 0.6 1.0 0.0 0.0 -9.589534968955
0.0 0.0 0.0 0.0 0.0 0.0 1.0 -1.0 0.0 0.0 -9.628795153347
0.0 0.0 0.0 0.0 0.0 0.0 1.0 -0.6 0.0 0.0 -9.666407370519
0.0 0.0 0.0 0.0 0.0 0.0 1.0 -0.2 0.0 0.0 -9.6900113873
0.0 0.0 0.0 0.0 0.0 0.0 1.0 0.2 0.0 0.0 -9.693079653066
0.0 0.0 0.0 0.0 0.0 0.0 1.0 0.6 0.0 0.0 -9.664977826293
0.0 0.0 0.0 0.0 0.0 0.0 1.0 1.0 0.0 0.0 -9.588976185718
0.0 0.0 0.0 0.0 0.0 0.0 -1.0 0.0 -1.0 0.0 -9.455357104356
0.0 0.0 0.0 0.0 0.0 0.0 -1.0 0.0 -0.6 0.0 -9.577403470373
0.0 0.0 0.0 0.0 0.0 0.0 -1.0 0.0 -0.2 0.0 -9.647736898964
0.0 0.0 0.0 0.0 0.0 0.0 -1.0 0.0 0.2 0.0 -9.663326849943
0.0 0.0 0.0 0.0 0.0 0.0 -1.0 0.0 0.6 0.0 -9.609557418963
0.0 0.0 0.0 0.0 0.0 0.0 -1.0 0.0 1.0 0.0 -9.457034181902
0.0 0.0 0.0 0.0 0.0 0.0 -0.6 0.0 -1.0 0.0 -9.569629926946
0.0 0.0 0.0 0.0 0.0 0.0 -0.6 0.0 -0.6 0.0 -9.652456275221
0.0 0.0 0.0 0.0 0.0 0.0 -0.6 0.0 -0.2 0.0 -9.698946335268
0.0 0.0 0.0 0.0 0.0 0.0 -0.6 0.0 0.2 0.0 -9.703095106396
0.0 0.0 0.0 0.0 0.0 0.0 -0.6 0.0 0.6 0.0 -9.649213750459
0.0 0.0 0.0 0.0 0.0 0.0 -0.6 0.0 1.0 0.0 -9.508686633223
0.0 0.0 0.0 0.0 0.0 0.0 -0.2 0.0 -1.0 0.0 -9.62715542072
0.0 0.0 0.0 0.0 0.0 0.0 -0.2 0.0 -0.6 0.0 -9.686489721826
0.0 0.0 0.0 0.0 0.0 0.0 -0.2 0.0 -0.2 0.0 -9.719881544408
0.0 0.0 0.0 0.0 0.0 0.0 -0.2 0.0 0.2 0.0 -9.719675434223
0.0 0.0 0.0 0.0 0.0 0.0 -0.2 0.0 0.6 0.0 -9.6699843768
0.0 0.0 0.0 0.0 0.0 0.0 -0.2 0.0 1.0 0.0 -9.543457341221
0.0 0.0 0.0 0.0 0.0 0.0 0.2 0.0 -1.0 0.0 -9.647949124005
0.0 0.0 0.0 0.0 0.0 0.0 0.2 0.0 -0.6 0.0 -9.693886947469
0.0 0.0 0.0 0.0 0.0 0.0 0.2 0.0 -0.2 0.0 -9.720933913081
0.0 0.0 0.0 0.0 0.0 0.0 0.2 0.0 0.2 0.0 -9.720670231495
0.0 0.0 0.0 0.0 0.0 0.0 0.2 0.0 0.6 0.0 -9.677559595053
0.0 0.0 0.0 0.0 0.0 0.0 0.2 0.0 1.0 0.0 -9.565773195936
0.0 0.0 0.0 0.0 0.0 0.0 0.6 0.0 -1.0 0.0 -9.645233282886
0.0 0.0 0.0 0.0 0.0 0.0 0.6 0.0 -0.6 0.0 -9.684133987818
0.0 0.0 0.0 0.0 0.0 0.0 0.6 0.0 -0.2 0.0 -9.708976324697
0.0 0.0 0.0 0.0 0.0 0.0 0.6 0.0 0.2 0.0 -9.711154573988
0.0 0.0 0.0 0.0 0.0 0.0 0.6 0.0 0.6 0.0 -9.67580635108
0.0 0.0 0.0 0.0 0.0 0.0 0.6 0.0 1.0 0.0 -9.578733439337
0.0 0.0 0.0 0.0 0.0 0.0 1.0 0.0 -1.0 0.0 -9.627694511473
0.0 0.0 0.0 0.0 0.0 0.0 1.0 0.0 -0.6 0.0 -9.663469468712
0.0 0.0 0.0 0.0 0.0 0.0 1.0 0.0 -0.2 0.0 -9.688563652569
0.0 0.0 0.0 0.0 0.0 0.0 1.0 0.0 0.2 0.0 -9.694545615847
0.0 0.0 0.0 0.0 0.0 0.0 1.0 0.0 0.6 0.0 -9.667397353765
0.0 0.0 0.0 0.0 0.0 0.0 1.0 0.0 1.0 0.0 -9.584567015212
0.0 0.0 0.0 0.0 0.0 0.0 -1.0 0.0 0.0 -1.0 -9.5829577251
0.0 0.0 0.0 0.0 0.0 0.0 -1.0 0.0 0.0 -0.6 -9.625783259071
0.0 0.0 0.0 0.0 0.0 0.0 -1.0 0.0 0.0 -0.2 -9.657531487745
0.0 0.0 0.0 0.0 0.0 0.0 -1.0 0.0 0.0 0.2 -9.653912030651
0.0 0.0 0.0 0.0 0.0 0.0 -1.0 0.0 0.0 0.6 -9.536742649653
0.0 0.0 0.0 0.0 0.0 0.0 -1.0 0.0 0.0 1.0 -9.054544329801
0.0 0.0 0.0 0.0 0.0 0.0 -0.6 0.0 0.0 -1.0 -9.629024562597
0.0 0.0 0.0 0.0 0.0 0.0 -0.6 0.0 0.0 -0.6 -9.670429708879
0.0 0.0 0.0 0.0 0.0 0.0 -0.6 0.0 0.0 -0.2 -9.70148876875
0.0 0.0 0.0 0.0 0.0 0.0 -0.6 0.0 0.0 0.2 -9.698540041073
0.0 0.0 0.0 0.0 0.0 0.0 -0.6 0.0 0.0 0.6 -9.585421377096
0.0 0.0 0.0 0.0 0.0 0.0 -0.6 0.0 0.0 1.0 -9.117111301778
0.0 0.0 0.0 0.0 0.0 0.0 -0.2 0.0 0.0 -1.0 -9.649542155491
0.0 0.0 0.0 0.0 0.0 0.0 -0.2 0.0 0.0 -0.6 -9.68925000812
0.0 0.0 0.0 0.0 0.0 0.0 -0.2 0.0 0.0 -0.2 -9.719293791635
0.0 0.0 0.0 0.0 0.0 0.0 -0.2 0.0 0.0 0.2 -9.716623379502
0.0 0.0 0.0 0.0 0.0 0.0 -0.2 0.0 0.0 0.6 -9.607042988755
0.0 0.0 0.0 0.0 0.0 0.0 -0.2 0.0 0.0 1.0 -9.151819526734
0.0 0.0 0.0 0.0 0.0 0.0 0.2 0.0 0.0 -1.0 -9.652940549142
0.0 0.0 0.0 0.0 0.0 0.0 0.2 0.0 0.0 -0.6 -9.690842657543
0.0 0.0 0.0 0.0 0.0 0.0 0.2 0.0 0.0 -0.2 -9.719723415131
0.0 0.0 0.0 0.0 0.0 0.0 0.2 0.0 0.0 0.2 -9.71712622008
0.0 0.0 0.0 0.0 0.0 0.0 0.2 0.0 0.0 0.6 -9.610769727405
0.0 0.0 0.0 0.0 0.0 0.0 0.2 0.0 0.0 1.0 -9.168045020654
0.0 0.0 0.0 0.0 0.0 0.0 0.6 0.0 0.0 -1.0 -9.644839186504
0.0 0.0 0.0 0.0 0.0 0.0 0.6 0.0 0.0 -0.6 -9.680930132614
0.0 0.0 0.0 0.0 0.0 0.0 0.6 0.0 0.0 -0.2 -9.708608752356
0.0 0.0 0.0 0.0 0.0 0.0 0.6 0.0 0.0 0.2 -9.70599536945
0.0 0.0 0.0 0.0 0.0 0.0 0.6 0.0 0.0 0.6 -9.602672664719
0.0 0.0 0.0 0.0 0.0 0.0 0.6 0.0 0.0 1.0 -9.171996479189
0.0 0.0 0.0 0.0 0.0 0.0 1.0 0.0 0.0 -1.0 -9.629011061845
0.0 0.0 0.0 0.0 0.0 0.0 1.0 0.0 0.0 -0.6 -9.663344485886
0.0 0.0 0.0 0.0 0.0 0.0 1.0 0.0 0.0 -0.2 -9.689845077407
0.0 0.0 0.0 0.0 0.0 0.0 1.0 0.0 0.0 0.2 -9.687194617962
0.0 0.0 0.0 0.0 0.0 0.0 1.0 0.0 0.0 0.6 -9.586790932002
0.0 0.0 0.0 0.0 0.0 0.0 1.0 0.0 0.0 1.0 -9.16779985353
0.0 0.0 0.0 0.0 0.0 0.0 0.0 -1.0 -1.0 0.0 -9.551327742044
0.0 0.0 0.0 0.0 0.0 0.0 0.0 -1.0 -0.6 0.0 -9.616478874004
0.0 0.0 0.0 0.0 0.0 0.0 0.0 -1.0 -0.2 0.0 -9.646618595235
0.0 0.0 0.0 0.0 0.0 0.0 0.0 -1.0 0.2 0.0 -9.630618648948
0.0 0.0 0.0 0.0 0.0 0.0 0.0 -1.0 0.6 0.0 -9.545689698443
0.0 0.0 0.0 0.0 0.0 0.0 0.0 -1.0 1.0 0.0 -9.352888520634
0.0 0.0 0.0 0.0 0.0 0.0 0.0 -0.6 -1.0 0.0 -9.599568547597
0.0 0.0 0.0 0.0 0.0 0.0 0.0 -0.6 -0.6 0.0 -9.660144248685
0.0 0.0 0.0 0.0 0.0 0.0 0.0 -0.6 -0.2 0.0 -9.692022691484
0.0 0.0 0.0 0.0 0.0 0.0 0.0 -0.6 0.2 0.0 -9.68539881861
0.0 0.0 0.0 0.0 0.0 0.0 0.0 -0.6 0.6 0.0 -9.620628056844
0.0 0.0 0.0 0.0 0.0 0.0 0.0 -0.6 1.0 0.0 -9.464309769976
0.0 0.0 0.0 0.0 0.0 0.0 0.0 -0.2 -1.0 0.0 -9.632154982386
0.0 0.0 0.0 0.0 0.0 0.0 0.0 -0.2 -0.6 0.0 -9.687254901139
0.0 0.0 0.0 0.0 0.0 0.0 0.0 -0.2 -0.2 0.0 -9.718431707822
0.0 0.0 0.0 0.0 0.0 0.0 0.0 -0.2 0.2 0.0 -9.717039535474
0.0 0.0 0.0 0.0 0.0 0.0 0.0 -0.2 0.6 0.0 -9.666127518742
0.0 0.0 0.0 0.0 0.0 0.0 0.0 -0.2 1.0 0.0 -9.537011138202
0.0 0.0 0.0 0.0 0.0 0.0 0.0 0.2 -1.0 0.0 -9.644214331118
0.0 0.0 0.0 0.0 0.0 0.0 0.0 0.2 -0.6 0.0 -9.691671503311
0.0 0.0 0.0 0.0 0.0 0.0 0.0 0.2 -0.2 0.0 -9.7185405418
0.0 0.0 0.0 0.0 0.0 0.0 0.0 0.2 0.2 0.0 -9.717171183091
0.0 0.0 0.0 0.0 0.0 0.0 0.0 0.2 0.6 0.0 -9.672881270425
0.0 0.0 0.0 0.0 0.0 0.0 0.0 0.2 1.0 0.0 -9.560953172599
0.0 0.0 0.0 0.0 0.0 0.0 0.0 0.6 -1.0 0.0 -9.626990425615
0.0 0.0 0.0 0.0 0.0 0.0 0.0 0.6 -0.6 0.0 -9.662926982049
0.0 0.0 0.0 0.0 0.0 0.0 0.0 0.6 -0.2 0.0 -9.680184970865
0.0 0.0 0.0 0.0 0.0 0.0 0.0 0.6 0.2 0.0 -9.671922557802
0.0 0.0 0.0 0.0 0.0 0.0 0.0 0.6 0.6 0.0 -9.625306813791
0.0 0.0 0.0 0.0 0.0 0.0 0.0 0.6 1.0 0.0 -9.518888635871
0.0 0.0 0.0 0.0 0.0 0.0 0.0 1.0 -1.0 0.0 -9.566019244646
0.0 0.0 0.0 0.0 0.0 0.0 0.0 1.0 -0.6 0.0 -9.584178180766
0.0 0.0 0.0 0.0 0.0 0.0 0.0 1.0 -0.2 0.0 -9.584027949261
0.0 0.0 0.0 0.0 0.0 0.0 0.0 1.0 0.2 0.0 -9.559302129484
0.0 0.0 0.0 0.0 0.0 0.0 0.0 1.0 0.6 0.0 -9.49858225546
0.0 0.0 0.0 0.0 0.0 0.0 0.0 1.0 1.0 0.0 -9.383010449512
0.0 0.0 0.0 0.0 0.0 0.0 0.0 -1.0 0.0 -1.0 -9.595355434665
0.0 0.0 0.0 0.0 0.0 0.0 0.0 -1.0 0.0 -0.6 -9.619575162304
0.0 0.0 0.0 0.0 0.0 0.0 0.0 -1.0 0.0 -0.2 -9.640279141056
0.0 0.0 0.0 0.0 0.0 0.0 0.0 -1.0 0.0 0.2 -9.64265653341
0.0 0.0 0.0 0.0 0.0 0.0 0.0 -1.0 0.0 0.6 -9.579072388294
0.0 0.0 0.0 0.0 0.0 0.0 0.0 -1.0 0.0 1.0 -9.296034376392
0.0 0.0 0.0 0.0 0.0 0.0 0.0 -0.6 0.0 -1.0 -9.638683066718
0.0 0.0 0.0 0.0 0.0 0.0 0.0 -0.6 0.0 -0.6 -9.666861787619
0.0 0.0 0.0 0.0 0.0 0.0 0.0 -0.6 0.0 -0.2 -9.689657020842
0.0 0.0 0.0 0.0 0.0 0.0 0.0 -0.6 0.0 0.2 -9.689439402908
0.0 0.0 0.0 0.0 0.0 0.0 0.0 -0.6 0.0 0.6 -9.609637521772
0.0 0.0 0.0 0.0 0.0 0.0 0.0 -0.6 0.0 1.0 -9.268042377981
0.0 0.0 0.0 0.0 0.0 0.0 0.0 -0.2 0.0 -1.0 -9.656665858609
0.0 0.0 0.0 0.0 0.0 0.0 0.0 -0.2 0.0 -0.6 -9.691090055528
0.0 0.0 0.0 0.0 0.0 0.0 0.0 -0.2 0.0 -0.2 -9.71767858613
0.0 0.0 0.0 0.0 0.0 0.0 0.0 -0.2 0.0 0.2 -9.71552367725
0.0 0.0 0.0 0.0 0.0 0.0 0.0 -0.2 0.0 0.6 -9.61742862405
0.0 0.0 0.0 0.0 0.0 0.0 0.0 -0.2 0.0 1.0 -9.207107568166
0.0 0.0 0.0 0.0 0.0 0.0 0.0 0.2 0.0 -1.0 -9.638403679752
0.0 0.0 0.0 0.0 0.0 0.0 0.0 0.2 0.0 -0.6 -9.682735652204
0.0 0.0 0.0 0.0 0.0 0.0 0.0 0.2 0.0 -0.2 -9.716002389315
0.0 0.0 0.0 0.0 0.0 0.0 0.0 0.2 0.0 0.2 -9.713455189908
0.0 0.0 0.0 0.0 0.0 0.0 0.0 0.2 0.0 0.6 -9.595290922187
0.0 0.0 0.0 0.0 0.0 0.0 0.0 0.2 0.0 1.0 -9.104746224151
0.0 0.0 0.0 0.0 0.0 0.0 0.0 0.6 0.0 -1.0 -9.566278867167
0.0 0.0 0.0 0.0 0.0 0.0 0.0 0.6 0.0 -0.6 -9.62624544849
0.0 0.0 0.0 0.0 0.0 0.0 0.0 0.6 0.0 -0.2 -9.670856163426
0.0 0.0 0.0 0.0 0.0 0.0 0.0 0.6 0.0 0.2 -9.670853575384
0.0 0.0 0.0 0.0 0.0 0.0 0.0 0.6 0.0 0.6 -9.531502981146
0.0 0.0 0.0 0.0 0.0 0.0 0.0 0.6 0.0 1.0 -8.947879660772
0.0 0.0 0.0 0.0 0.0 0.0 0.0 1.0 0.0 -1.0 -9.412704033429
0.0 0.0 0.0 0.0 0.0 0.0 0.0 1.0 0.0 -0.6 -9.497133496606
0.0 0.0 0.0 0.0 0.0 0.0 0.0 1.0 0.0 -0.2 -9.560436592547
0.0 0.0 0.0 0.0 0.0 0.0 0.0 1.0 0.0 0.2 -9.568079485085
0.0 0.0 0.0 0.0 0.0 0.0 0.0 1.0 0.0 0.6 -9.407662429142
0.0 0.0 0.0 0.0 0.0 0.0 0.0 1.0 0.0 1.0 -8.716810837955
0.0 0.0 0.0 0.0 0.0 0.0 0.0 0.0 -1.0 -1.0 -9.57816839743
0.0 0.0 0.0 0.0 0.0 0.0 0.0 0.0 -1.0 -0.6 -9.610924411951
0.0 0.0 0.0 0.0 0.0 0.0 0.0 0.0 -1.0 -0.2 -9.636389629006
0.0 0.0 0.0 0.0 0.0 0.0 0.0 0.0 -1.0 0.2 -9.634412489468
0.0 0.0 0.0 0.0 0.0 0.0 0.0 0.0 -1.0 0.6 -9.540279337044
0.0 0.0 0.0 0.0 0.0 0.0 0.0 0.0 -1.0 1.0 -9.145727398306
0.0 0.0 0.0 0.0 0.0 0.0 0.0 0.0 -0.6 -1.0 -9.625891794394
0.0 0.0 0.0 0.0 0.0 0.0 0.0 0.0 -0.6 -0.6 -9.660899817302
0.0 0.0 0.0 0.0 0.0 0.0 0.0 0.0 -0.6 -0.2 -9.687841603561
0.0 0.0 0.0 0.0 0.0 0.0 0.0 0.0 -0.6 0.2 -9.685567436476
0.0 0.0 0.0 0.0 0.0 0.0 0.0 0.0 -0.6 0.6 -9.586089270046
0.0 0.0 0.0 0.0 0.0 0.0 0.0 0.0 -0.6 1.0 -9.170602416244
0.0 0.0 0.0 0.0 0.0 0.0 0.0 0.0 -0.2 -1.0 -9.651134850706
0.0 0.0 0.0 0.0 0.0 0.0 0.0 0.0 -0.2 -0.6 -9.688604897557
0.0 0.0 0.0 0.0 0.0 0.0 0.0 0.0 -0.2 -0.2 -9.717174726547
0.0 0.0 0.0 0.0 0.0 0.0 0.0 0.0 -0.2 0.2 -9.714641208449
0.0 0.0 0.0 0.0 0.0 0.0 0.0 0.0 -0.2 0.6 -9.609565943989
0.0 0.0 0.0 0.0 0.0 0.0 0.0 0.0 -0.2 1.0 -9.172056230372
0.0 0.0 0.0 0.0 0.0 0.0 0.0 0.0 0.2 -1.0 -9.645537355732
0.0 0.0 0.0 0.0 0.0 0.0 0.0 0.0 0.2 -0.6 -9.685771210174
0.0 0.0 0.0 0.0 0.0 0.0 0.0 0.0 0.2 -0.2 -9.716214775339
0.0 0.0 0.0 0.0 0.0 0.0 0.0 0.0 0.2 0.2 -9.713554171457
0.0 0.0 0.0 0.0 0.0 0.0 0.0 0.0 0.2 0.6 -9.602716307657
0.0 0.0 0.0 0.0 0.0 0.0 0.0 0.0 0.2 1.0 -9.142144484548
0.0 0.0 0.0 0.0 0.0 0.0 0.0 0.0 0.6 -1.0 -9.593236669946
0.0 0.0 0.0 0.0 0.0 0.0 0.0 0.0 0.6 -0.6 -9.63657720695
0.0 0.0 0.0 0.0 0.0 0.0 0.0 0.0 0.6 -0.2 -9.669179328446
0.0 0.0 0.0 0.0 0.0 0.0 0.0 0.0 0.6 0.2 -9.666558609323
0.0 0.0 0.0 0.0 0.0 0.0 0.0 0.0 0.6 0.6 -9.549813843083
0.0 0.0 0.0 0.0 0.0 0.0 0.0 0.0 0.6 1.0 -9.06511653268
0.0 0.0 0.0 0.0 0.0 0.0 0.0 0.0 1.0 -1.0 -9.467591936475
0.0 0.0 0.0 0.0 0.0 0.0 0.0 0.0 1.0 -0.6 -9.514397457252
0.0 0.0 0.0 0.0 0.0 0.0 0.0 0.0 1.0 -0.2 -9.549453916682
0.0 0.0 0.0 0.0 0.0 0.0 0.0 0.0 1.0 0.2 -9.547044007429
0.0 0.0 0.0 0.0 0.0 0.0 0.0 0.0 1.0 0.6 -9.424234401255
0.0 0.0 0.0 0.0 0.0 0.0 0.0 0.0 1.0 1.0 -8.914281801382
