# header
0.0 0.0 0.0 0.0 0.0 0.0 0.0 -5.206771987316
-1.0 0.0 0.0 0.0 0.0 0.0 0.0 -5.124771042102
-0.6 0.0 0.0 0.0 0.0 0.0 0.0 -5.185967164934
-0.2 0.0 0.0 0.0 0.0 0.0 0.0 -5.205624901436
0.2 0.0 0.0 0.0 0.0 0.0 0.0 -5.205624919518
0.6 0.0 0.0 0.0 0.0 0.0 0.0 -5.185967465154
1.0 0.0 0.0 0.0 0.0 0.0 0.0 -5.124771633972
0.0 -1.0 0.0 0.0 0.0 0.0 0.0 -5.124770995602
0.0 -0.6 0.0 0.0 0.0 0.0 0.0 -5.185967141515
0.0 -0.2 0.0 0.0 0.0 0.0 0.0 -5.205624900012
0.0 0.2 0.0 0.0 0.0 0.0 0.0 -5.205624920948
0.0 0.6 0.0 0.0 0.0 0.0 0.0 -5.185967488901
0.0 1.0 0.0 0.0 0.0 0.0 0.0 -5.124771680918
0.0 0.0 -1.0 0.0 0.0 0.0 0.0 -5.14012161518
0.0 0.0 -0.6 0.0 0.0 0.0 0.0 -5.187002942748
0.0 0.0 -0.2 0.0 0.0 0.0 0.0 -5.205066689492
0.0 0.0 0.2 0.0 0.0 0.0 0.0 -5.205066714695
0.0 0.0 0.6 0.0 0.0 0.0 0.0 -5.187003436176
0.0 0.0 1.0 0.0 0.0 0.0 0.0 -5.140122909833
0.0 0.0 0.0 -1.0 0.0 0.0 0.0 -5.140121476119
0.0 0.0 0.0 -0.6 0.0 0.0 0.0 -5.187002889848
0.0 0.0 0.0 -0.2 0.0 0.0 0.0 -5.205066686869
0.0 0.0 0.0 0.2 0.0 0.0 0.0 -5.205066717325
0.0 0.0 0.0 0.6 0.0 0.0 0.0 -5.187003489149
0.0 0.0 0.0 1.0 0.0 0.0 0.0 -5.140123049197
0.0 0.0 0.0 0.0 -1.0 0.0 0.0 -5.048114150723
0.0 0.0 0.0 0.0 -0.6 0.0 0.0 -5.158993636371
0.0 0.0 0.0 0.0 -0.2 0.0 0.0 -5.202292704543
0.0 0.0 0.0 0.0 0.2 0.0 0.0 -5.202963736515
0.0 0.0 0.0 0.0 0.6 0.0 0.0 -5.177390754938
0.0 0.0 0.0 0.0 1.0 0.0 0.0 -5.136310057205
0.0 0.0 0.0 0.0 0.0 -1.0 0.0 -4.974166751898
0.0 0.0 0.0 0.0 0.0 -0.6 0.0 -5.140500528161
0.0 0.0 0.0 0.0 0.0 -0.2 0.0 -5.200257377764
0.0 0.0 0.0 0.0 0.0 0.2 0.0 -5.200257359571
0.0 0.0 0.0 0.0 0.0 0.6 0.0 -5.140499520303
0.0 0.0 0.0 0.0 0.0 1.0 0.0 -4.974160705499
0.0 0.0 0.0 0.0 0.0 0.0 -1.0 -5.111754223002
0.0 0.0 0.0 0.0 0.0 0.0 -0.6 -5.165293319489
0.0 0.0 0.0 0.0 0.0 0.0 -0.2 -5.200994583911
0.0 0.0 0.0 0.0 0.0 0.0 0.2 -5.199247249584
0.0 0.0 0.0 0.0 0.0 0.0 0.6 -5.114782411263
0.0 0.0 0.0 0.0 0.0 0.0 1.0 -4.844315217938
-1.0 -1.0 0.0 0.0 0.0 0.0 0.0 -5.030009198889
-1.0 -0.6 0.0 0.0 0.0 0.0 0.0 -5.088995503469
-1.0 -0.2 0.0 0.0 0.0 0.0 0.0 -5.120739045775
-1.0 0.2 0.0 0.0 0.0 0.0 0.0 -5.120739181274
-1.0 0.6 0.0 0.0 0.0 0.0 0.0 -5.088995856769
-1.0 1.0 0.0 0.0 0.0 0.0 0.0 -5.030009589122
-0.6 -1.0 0.0 0.0 0.0 0.0 0.0 -5.088995487548
-0.6 -0.6 0.0 0.0 0.0 0.0 0.0 -5.152850991264
-0.6 -0.2 0.0 0.0 0.0 0.0 0.0 -5.182644653551
-0.6 0.2 0.0 0.0 0.0 0.0 0.0 -5.182644774692
-0.6 0.6 0.0 0.0 0.0 0.0 0.0 -5.152851415628
-0.6 1.0 0.0 0.0 0.0 0.0 0.0 -5.088996076379
-0.2 -1.0 0.0 0.0 0.0 0.0 0.0 -5.120739009038
-0.2 -0.6 0.0 0.0 0.0 0.0 0.0 -5.182644637042
-0.2 -0.2 0.0 0.0 0.0 0.0 0.0 -5.204100225997
-0.2 0.2 0.0 0.0 0.0 0.0 0.0 -5.20410026525
-0.2 0.6 0.0 0.0 0.0 0.0 0.0 -5.182645001586
-0.2 1.0 0.0 0.0 0.0 0.0 0.0 -5.120739686527
0.2 -1.0 0.0 0.0 0.0 0.0 0.0 -5.120739126061
0.2 -0.6 0.0 0.0 0.0 0.0 0.0 -5.182644741991
0.2 -0.2 0.0 0.0 0.0 0.0 0.0 -5.204100259899
0.2 0.2 0.0 0.0 0.0 0.0 0.0 -5.204100299143
0.2 0.6 0.0 0.0 0.0 0.0 0.0 -5.182645106529
0.2 1.0 0.0 0.0 0.0 0.0 0.0 -5.120739803547
0.6 -1.0 0.0 0.0 0.0 0.0 0.0 -5.088995792671
0.6 -0.6 0.0 0.0 0.0 0.0 0.0 -5.152851357767
0.6 -0.2 0.0 0.0 0.0 0.0 0.0 -5.182644968391
0.6 0.2 0.0 0.0 0.0 0.0 0.0 -5.182645089902
0.6 0.6 0.0 0.0 0.0 0.0 0.0 -5.152851782121
0.6 1.0 0.0 0.0 0.0 0.0 0.0 -5.088996381498
1.0 -1.0 0.0 0.0 0.0 0.0 0.0 -5.030009535899
1.0 -0.6 0.0 0.0 0.0 0.0 0.0 -5.088996012007
1.0 -0.2 0.0 0.0 0.0 0.0 0.0 -5.120739630886
1.0 0.2 0.0 0.0 0.0 0.0 0.0 -5.120739766383
1.0 0.6 0.0 0.0 0.0 0.0 0.0 -5.088996365302
1.0 1.0 0.0 0.0 0.0 0.0 0.0 -5.03000992613
-1.0 0.0 -1.0 0.0 0.0 0.0 0.0 -5.066889229978
-1.0 0.0 -0.6 0.0 0.0 0.0 0.0 -5.101175451996
-1.0 0.0 -0.2 0.0 0.0 0.0 0.0 -5.1220595892
-1.0 0.0 0.2 0.0 0.0 0.0 0.0 -5.12205984799
-1.0 0.0 0.6 0.0 0.0 0.0 0.0 -5.101176138756
-1.0 0.0 1.0 0.0 0.0 0.0 0.0 -5.066889931272
-0.6 0.0 -1.0 0.0 0.0 0.0 0.0 -5.10707549114
-0.6 0.0 -0.6 0.0 0.0 0.0 0.0 -5.151523345706
-0.6 0.0 -0.2 0.0 0.0 0.0 0.0 -5.181623667786
-0.6 0.0 0.2 0.0 0.0 0.0 0.0 -5.181624056961
-0.6 0.0 0.6 0.0 0.0 0.0 0.0 -5.151524156074
-0.6 0.0 1.0 0.0 0.0 0.0 0.0 -5.107076380117
-0.2 0.0 -1.0 0.0 0.0 0.0 0.0 -5.135922550934
-0.2 0.0 -0.6 0.0 0.0 0.0 0.0 -5.182390269941
-0.2 0.0 -0.2 0.0 0.0 0.0 0.0 -5.203247158875
-0.2 0.0 0.2 0.0 0.0 0.0 0.0 -5.203247263688
-0.2 0.0 0.6 0.0 0.0 0.0 0.0 -5.182390807287
-0.2 0.0 1.0 0.0 0.0 0.0 0.0 -5.135923778559
0.2 0.0 -1.0 0.0 0.0 0.0 0.0 -5.135922723756
0.2 0.0 -0.6 0.0 0.0 0.0 0.0 -5.182390409939
0.2 0.0 -0.2 0.0 0.0 0.0 0.0 -5.203247200463
0.2 0.0 0.2 0.0 0.0 0.0 0.0 -5.203247302745
0.2 0.0 0.6 0.0 0.0 0.0 0.0 -5.182390955212
0.2 0.0 1.0 0.0 0.0 0.0 0.0 -5.135923932877
0.6 0.0 -1.0 0.0 0.0 0.0 0.0 -5.107075818393
0.6 0.0 -0.6 0.0 0.0 0.0 0.0 -5.151523678163
0.6 0.0 -0.2 0.0 0.0 0.0 0.0 -5.18162398895
0.6 0.0 0.2 0.0 0.0 0.0 0.0 -5.181624330125
0.6 0.0 0.6 0.0 0.0 0.0 0.0 -5.151524411124
0.6 0.0 1.0 0.0 0.0 0.0 0.0 -5.107076652205
1.0 0.0 -1.0 0.0 0.0 0.0 0.0 -5.066889472209
1.0 0.0 -0.6 0.0 0.0 0.0 0.0 -5.10117588163
1.0 0.0 -0.2 0.0 0.0 0.0 0.0 -5.122060160686
1.0 0.0 0.2 0.0 0.0 0.0 0.0 -5.122060401886
1.0 0.0 0.6 0.0 0.0 0.0 0.0 -5.101176487599
1.0 0.0 1.0 0.0 0.0 0.0 0.0 -5.066890061995
-1.0 0.0 0.0 -1.0 0.0 0.0 0.0 -5.052538298129
-1.0 0.0 0.0 -0.6 0.0 0.0 0.0 -5.097066211123
-1.0 0.0 0.0 -0.2 0.0 0.0 0.0 -5.121604408977
-1.0 0.0 0.0 0.2 0.0 0.0 0.0 -5.121604723077
-1.0 0.0 0.0 0.6 0.0 0.0 0.0 -5.097067106583
-1.0 0.0 0.0 1.0 0.0 0.0 0.0 -5.052539619675
-0.6 0.0 0.0 -1.0 0.0 0.0 0.0 -5.108482336481
-0.6 0.0 0.0 -0.6 0.0 0.0 0.0 -5.158233850189
-0.6 0.0 0.0 -0.2 0.0 0.0 0.0 -5.182980621956
-0.6 0.0 0.0 0.2 0.0 0.0 0.0 -5.182980888834
-0.6 0.0 0.0 0.6 0.0 0.0 0.0 -5.158234779924
-0.6 0.0 0.0 1.0 0.0 0.0 0.0 -5.108483934832
-0.2 0.0 0.0 -1.0 0.0 0.0 0.0 -5.136722755656
-0.2 0.0 0.0 -0.6 0.0 0.0 0.0 -5.184357515045
-0.2 0.0 0.0 -0.2 0.0 0.0 0.0 -5.203685264386
-0.2 0.0 0.0 0.2 0.0 0.0 0.0 -5.203685337581
-0.2 0.0 0.0 0.6 0.0 0.0 0.0 -5.184358177319
-0.2 0.0 0.0 1.0 0.0 0.0 0.0 -5.136724345957
0.2 0.0 0.0 -1.0 0.0 0.0 0.0 -5.136722893306
0.2 0.0 0.0 -0.6 0.0 0.0 0.0 -5.184357609277
0.2 0.0 0.0 -0.2 0.0 0.0 0.0 -5.203685294265
0.2 0.0 0.0 0.2 0.0 0.0 0.0 -5.203685367392
0.2 0.0 0.0 0.6 0.0 0.0 0.0 -5.18435827166
0.2 0.0 0.0 1.0 0.0 0.0 0.0 -5.136724482957
0.6 0.0 0.0 -1.0 0.0 0.0 0.0 -5.108482737256
0.6 0.0 0.0 -0.6 0.0 0.0 0.0 -5.158234227755
0.6 0.0 0.0 -0.2 0.0 0.0 0.0 -5.182980934945
0.6 0.0 0.0 0.2 0.0 0.0 0.0 -5.182981200682
0.6 0.0 0.0 0.6 0.0 0.0 0.0 -5.158235155543
0.6 0.0 0.0 1.0 0.0 0.0 0.0 -5.108484332461
1.0 0.0 0.0 -1.0 0.0 0.0 0.0 -5.052538807162
1.0 0.0 0.0 -0.6 0.0 0.0 0.0 -5.097066780558
1.0 0.0 0.0 -0.2 0.0 0.0 0.0 -5.121604999847
1.0 0.0 0.0 0.2 0.0 0.0 0.0 -5.121605313598
1.0 0.0 0.0 0.6 0.0 0.0 0.0 -5.097067675831
1.0 0.0 0.0 1.0 0.0 0.0 0.0 -5.052540127294
-1.0 0.0 0.0 0.0 -1.0 0.0 0.0 -5.038810001533
-1.0 0.0 0.0 0.0 -0.6 0.0 0.0 -5.106491901195
-1.0 0.0 0.0 0.0 -0.2 0.0 0.0 -5.1267756607
-1.0 0.0 0.0 0.0 0.2 0.0 0.0 -5.116912685222
-1.0 0.0 0.0 0.0 0.6 0.0 0.0 -5.088669257911
-1.0 0.0 0.0 0.0 1.0 0.0 0.0 -5.050019243354
-0.6 0.0 0.0 0.0 -1.0 0.0 0.0 -5.063059188567
-0.6 0.0 0.0 0.0 -0.6 0.0 0.0 -5.153472478333
-0.6 0.0 0.0 0.0 -0.2 0.0 0.0 -5.185100481482
-0.6 0.0 0.0 0.0 0.2 0.0 0.0 -5.179641829665
-0.6 0.0 0.0 0.0 0.6 0.0 0.0 -5.151530519468
-0.6 0.0 0.0 0.0 1.0 0.0 0.0 -5.110337435356
-0.2 0.0 0.0 0.0 -1.0 0.0 0.0 -5.052078298881
-0.2 0.0 0.0 0.0 -0.6 0.0 0.0 -5.160114218347
-0.2 0.0 0.0 0.0 -0.2 0.0 0.0 -5.201706695786
-0.2 0.0 0.0 0.0 0.2 0.0 0.0 -5.201401960124
-0.2 0.0 0.0 0.0 0.6 0.0 0.0 -5.175339238464
-0.2 0.0 0.0 0.0 1.0 0.0 0.0 -5.134108176112
0.2 0.0 0.0 0.0 -1.0 0.0 0.0 -5.052078761964
0.2 0.0 0.0 0.0 -0.6 0.0 0.0 -5.160114416928
0.2 0.0 0.0 0.0 -0.2 0.0 0.0 -5.201706753769
0.2 0.0 0.0 0.0 0.2 0.0 0.0 -5.201401952604
0.2 0.0 0.0 0.0 0.6 0.0 0.0 -5.175339211502
0.2 0.0 0.0 0.0 1.0 0.0 0.0 -5.134108149035
0.6 0.0 0.0 0.0 -1.0 0.0 0.0 -5.063060765044
0.6 0.0 0.0 0.0 -0.6 0.0 0.0 -5.153473314378
0.6 0.0 0.0 0.0 -0.2 0.0 0.0 -5.185100904816
0.6 0.0 0.0 0.0 0.2 0.0 0.0 -5.179642044912
0.6 0.0 0.0 0.0 0.6 0.0 0.0 -5.15153064913
0.6 0.0 0.0 0.0 1.0 0.0 0.0 -5.110337550884
1.0 0.0 0.0 0.0 -1.0 0.0 0.0 -5.038812341511
1.0 0.0 0.0 0.0 -0.6 0.0 0.0 -5.10649324222
1.0 0.0 0.0 0.0 -0.2 0.0 0.0 -5.126776429445
1.0 0.0 0.0 0.0 0.2 0.0 0.0 -5.116913153242
1.0 0.0 0.0 0.0 0.6 0.0 0.0 -5.088669593588
1.0 0.0 0.0 0.0 1.0 0.0 0.0 -5.050019546841
-1.0 0.0 0.0 0.0 0.0 -1.0 0.0 -5.099005488497
-1.0 0.0 0.0 0.0 0.0 -0.6 0.0 -5.116093821031
-1.0 0.0 0.0 0.0 0.0 -0.2 0.0 -5.123841272583
-1.0 0.0 0.0 0.0 0.0 0.2 0.0 -5.123841383926
-1.0 0.0 0.0 0.0 0.0 0.6 0.0 -5.116093991254
-1.0 0.0 0.0 0.0 0.0 1.0 0.0 -5.099005249982
-0.6 0.0 0.0 0.0 0.0 -1.0 0.0 -5.099541045323
-0.6 0.0 0.0 0.0 0.0 -0.6 0.0 -5.158928387671
-0.6 0.0 0.0 0.0 0.0 -0.2 0.0 -5.183185111624
-0.6 0.0 0.0 0.0 0.0 0.2 0.0 -5.183184983168
-0.6 0.0 0.0 0.0 0.0 0.6 0.0 -5.158927419896
-0.6 0.0 0.0 0.0 0.0 1.0 0.0 -5.099537171308
-0.2 0.0 0.0 0.0 0.0 -1.0 0.0 -4.999880709958
-0.2 0.0 0.0 0.0 0.0 -0.6 0.0 -5.146229669479
-0.2 0.0 0.0 0.0 0.0 -0.2 0.0 -5.19975011976
-0.2 0.0 0.0 0.0 0.0 0.2 0.0 -5.199749924415
-0.2 0.0 0.0 0.0 0.0 0.6 0.0 -5.146228001793
-0.2 0.0 0.0 0.0 0.0 1.0 0.0 -4.999873104733
0.2 0.0 0.0 0.0 0.0 -1.0 0.0 -4.999877231106
0.2 0.0 0.0 0.0 0.0 -0.6 0.0 -5.146228573115
0.2 0.0 0.0 0.0 0.0 -0.2 0.0 -5.199749913143
0.2 0.0 0.0 0.0 0.0 0.2 0.0 -5.199750112883
0.2 0.0 0.0 0.0 0.0 0.6 0.0 -5.146228564966
0.2 0.0 0.0 0.0 0.0 1.0 0.0 -4.999874496199
0.6 0.0 0.0 0.0 0.0 -1.0 0.0 -5.099537766453
0.6 0.0 0.0 0.0 0.0 -0.6 0.0 -5.158927413636
0.6 0.0 0.0 0.0 0.0 -0.2 0.0 -5.183185139669
0.6 0.0 0.0 0.0 0.0 0.2 0.0 -5.183185490397
0.6 0.0 0.0 0.0 0.0 0.6 0.0 -5.158928347541
0.6 0.0 0.0 0.0 0.0 1.0 0.0 -5.099538884206
1.0 0.0 0.0 0.0 0.0 -1.0 0.0 -5.099005120471
1.0 0.0 0.0 0.0 0.0 -0.6 0.0 -5.11609405465
1.0 0.0 0.0 0.0 0.0 -0.2 0.0 -5.123841792813
1.0 0.0 0.0 0.0 0.0 0.2 0.0 -5.123842020949
1.0 0.0 0.0 0.0 0.0 0.6 0.0 -5.11609471746
1.0 0.0 0.0 0.0 0.0 1.0 0.0 -5.099006128619
-1.0 0.0 0.0 0.0 0.0 0.0 -1.0 -5.035204532836
-1.0 0.0 0.0 0.0 0.0 0.0 -0.6 -5.075337144795
-1.0 0.0 0.0 0.0 0.0 0.0 -0.2 -5.110037651854
-1.0 0.0 0.0 0.0 0.0 0.0 0.2 -5.137187732181
-1.0 0.0 0.0 0.0 0.0 0.0 0.6 -5.152790888717
-1.0 0.0 0.0 0.0 0.0 0.0 1.0 -5.151639926091
-0.6 0.0 0.0 0.0 0.0 0.0 -1.0 -5.083081564027
-0.6 0.0 0.0 0.0 0.0 0.0 -0.6 -5.132629684849
-0.6 0.0 0.0 0.0 0.0 0.0 -0.2 -5.172244081327
-0.6 0.0 0.0 0.0 0.0 0.0 0.2 -5.1936529995
-0.6 0.0 0.0 0.0 0.0 0.0 0.6 -5.181349235043
-0.6 0.0 0.0 0.0 0.0 0.0 1.0 -5.107435156589
-0.2 0.0 0.0 0.0 0.0 0.0 -1.0 -5.108521894464
-0.2 0.0 0.0 0.0 0.0 0.0 -0.6 -5.161765176454
-0.2 0.0 0.0 0.0 0.0 0.0 -0.2 -5.198398592149
-0.2 0.0 0.0 0.0 0.0 0.0 0.2 -5.200786479016
-0.2 0.0 0.0 0.0 0.0 0.0 0.6 -5.129160170745
-0.2 0.0 0.0 0.0 0.0 0.0 1.0 -4.895537191348
0.2 0.0 0.0 0.0 0.0 0.0 -1.0 -5.108522191946
0.2 0.0 0.0 0.0 0.0 0.0 -0.6 -5.161765402869
0.2 0.0 0.0 0.0 0.0 0.0 -0.2 -5.198398706313
0.2 0.0 0.0 0.0 0.0 0.0 0.2 -5.200786347652
0.2 0.0 0.0 0.0 0.0 0.0 0.6 -5.129159412869
0.2 0.0 0.0 0.0 0.0 0.0 1.0 -4.895534760052
0.6 0.0 0.0 0.0 0.0 0.0 -1.0 -5.083082352847
0.6 0.0 0.0 0.0 0.0 0.0 -0.6 -5.132630320191
0.6 0.0 0.0 0.0 0.0 0.0 -0.2 -5.172244524004
0.6 0.0 0.0 0.0 0.0 0.0 0.2 -5.193653097021
0.6 0.0 0.0 0.0 0.0 0.0 0.6 -5.181348585769
0.6 0.0 0.0 0.0 0.0 0.0 1.0 -5.107432836472
1.0 0.0 0.0 0.0 0.0 0.0 -1.0 -5.035205506444
1.0 0.0 0.0 0.0 0.0 0.0 -0.6 -5.075337961067
1.0 0.0 0.0 0.0 0.0 0.0 -0.2 -5.110038321415
1.0 0.0 0.0 0.0 0.0 0.0 0.2 -5.137188228255
1.0 0.0 0.0 0.0 0.0 0.0 0.6 -5.152791103808
1.0 0.0 0.0 0.0 0.0 0.0 1.0 -5.151639649662
0.0 -1.0 -1.0 0.0 0.0 0.0 0.0 -5.052538364621
0.0 -1.0 -0.6 0.0 0.0 0.0 0.0 -5.09706624036
0.0 -1.0 -0.2 0.0 0.0 0.0 0.0 -5.12160439026
0.0 -1.0 0.2 0.0 0.0 0.0 0.0 -5.121604648934
0.0 -1.0 0.6 0.0 0.0 0.0 0.0 -5.097066986007
0.0 -1.0 1.0 0.0 0.0 0.0 0.0 -5.052539467526
0.0 -0.6 -1.0 0.0 0.0 0.0 0.0 -5.108482446514
0.0 -0.6 -0.6 0.0 0.0 0.0 0.0 -5.158233910345
0.0 -0.6 -0.2 0.0 0.0 0.0 0.0 -5.182980625677
0.0 -0.6 0.2 0.0 0.0 0.0 0.0 -5.182980836752
0.0 -0.6 0.6 0.0 0.0 0.0 0.0 -5.158234663713
0.0 -0.6 1.0 0.0 0.0 0.0 0.0 -5.108483760714
0.0 -0.2 -1.0 0.0 0.0 0.0 0.0 -5.136722887137
0.0 -0.2 -0.6 0.0 0.0 0.0 0.0 -5.184357569577
0.0 -0.2 -0.2 0.0 0.0 0.0 0.0 -5.203685270046
0.0 -0.2 0.2 0.0 0.0 0.0 0.0 -5.203685327994
0.0 -0.2 0.6 0.0 0.0 0.0 0.0 -5.184358111362
0.0 -0.2 1.0 0.0 0.0 0.0 0.0 -5.136724194302
0.0 0.2 -1.0 0.0 0.0 0.0 0.0 -5.13672304404
0.0 0.2 -0.6 0.0 0.0 0.0 0.0 -5.184357675274
0.0 0.2 -0.2 0.0 0.0 0.0 0.0 -5.203685303789
0.0 0.2 0.2 0.0 0.0 0.0 0.0 -5.203685361794
0.0 0.2 0.6 0.0 0.0 0.0 0.0 -5.184358216921
0.0 0.2 1.0 0.0 0.0 0.0 0.0 -5.13672435182
0.0 0.6 -1.0 0.0 0.0 0.0 0.0 -5.108482908112
0.0 0.6 -0.6 0.0 0.0 0.0 0.0 -5.158234342083
0.0 0.6 -0.2 0.0 0.0 0.0 0.0 -5.182980986018
0.0 0.6 0.2 0.0 0.0 0.0 0.0 -5.182981198208
0.0 0.6 0.6 0.0 0.0 0.0 0.0 -5.158235097335
0.0 0.6 1.0 0.0 0.0 0.0 0.0 -5.108484225378
0.0 1.0 -1.0 0.0 0.0 0.0 0.0 -5.052538958052
0.0 1.0 -0.6 0.0 0.0 0.0 0.0 -5.097066901293
0.0 1.0 -0.2 0.0 0.0 0.0 0.0 -5.121605074084
0.0 1.0 0.2 0.0 0.0 0.0 0.0 -5.121605333083
0.0 1.0 0.6 0.0 0.0 0.0 0.0 -5.097067647066
0.0 1.0 1.0 0.0 0.0 0.0 0.0 -5.052540062287
0.0 -1.0 0.0 -1.0 0.0 0.0 0.0 -5.066889153489
0.0 -1.0 0.0 -0.6 0.0 0.0 0.0 -5.101175355339
0.0 -1.0 0.0 -0.2 0.0 0.0 0.0 -5.122059518164
0.0 -1.0 0.0 0.2 0.0 0.0 0.0 -5.122059830621
0.0 -1.0 0.0 0.6 0.0 0.0 0.0 -5.10117617305
0.0 -1.0 0.0 1.0 0.0 0.0 0.0 -5.066889973146
0.0 -0.6 0.0 -1.0 0.0 0.0 0.0 -5.107075379413
0.0 -0.6 0.0 -0.6 0.0 0.0 0.0 -5.151523247641
0.0 -0.6 0.0 -0.2 0.0 0.0 0.0 -5.181623609574
0.0 -0.6 0.0 0.2 0.0 0.0 0.0 -5.181624067511
0.0 -0.6 0.0 0.6 0.0 0.0 0.0 -5.15152420202
0.0 -0.6 0.0 1.0 0.0 0.0 0.0 -5.107076437693
0.0 -0.2 0.0 -1.0 0.0 0.0 0.0 -5.135922406882
0.0 -0.2 0.0 -0.6 0.0 0.0 0.0 -5.182390200936
0.0 -0.2 0.0 -0.2 0.0 0.0 0.0 -5.203247145676
0.0 -0.2 0.0 0.2 0.0 0.0 0.0 -5.203247269749
0.0 -0.2 0.0 0.6 0.0 0.0 0.0 -5.182390849922
0.0 -0.2 0.0 1.0 0.0 0.0 0.0 -5.135923894829
0.0 0.2 0.0 -1.0 0.0 0.0 0.0 -5.135922607788
0.0 0.2 0.0 -0.6 0.0 0.0 0.0 -5.18239036742
0.0 0.2 0.0 -0.2 0.0 0.0 0.0 -5.203247194417
0.0 0.2 0.0 0.2 0.0 0.0 0.0 -5.203247315964
0.0 0.2 0.0 0.6 0.0 0.0 0.0 -5.182391024335
0.0 0.2 0.0 1.0 0.0 0.0 0.0 -5.135924077247
0.0 0.6 0.0 -1.0 0.0 0.0 0.0 -5.107075761155
0.0 0.6 0.0 -0.6 0.0 0.0 0.0 -5.151523632437
0.0 0.6 0.0 -0.2 0.0 0.0 0.0 -5.181623978527
0.0 0.6 0.0 0.2 0.0 0.0 0.0 -5.181624388503
0.0 0.6 0.0 0.6 0.0 0.0 0.0 -5.151524509477
0.0 0.6 0.0 1.0 0.0 0.0 0.0 -5.107076764318
0.0 1.0 0.0 -1.0 0.0 0.0 0.0 -5.066889430703
0.0 1.0 0.0 -0.6 0.0 0.0 0.0 -5.101175847732
0.0 1.0 0.0 -0.2 0.0 0.0 0.0 -5.122060178489
0.0 1.0 0.0 0.2 0.0 0.0 0.0 -5.122060473369
0.0 1.0 0.0 0.6 0.0 0.0 0.0 -5.101176584711
0.0 1.0 0.0 1.0 0.0 0.0 0.0 -5.066890138938
0.0 -1.0 0.0 0.0 -1.0 0.0 0.0 -5.038809817025
0.0 -1.0 0.0 0.0 -0.6 0.0 0.0 -5.106491795566
0.0 -1.0 0.0 0.0 -0.2 0.0 0.0 -5.126775600242
0.0 -1.0 0.0 0.0 0.2 0.0 0.0 -5.116912648495
0.0 -1.0 0.0 0.0 0.6 0.0 0.0 -5.088669231621
0.0 -1.0 0.0 0.0 1.0 0.0 0.0 -5.050019219594
0.0 -0.6 0.0 0.0 -1.0 0.0 0.0 -5.063059064214
0.0 -0.6 0.0 0.0 -0.6 0.0 0.0 -5.153472412403
0.0 -0.6 0.0 0.0 -0.2 0.0 0.0 -5.185100447857
0.0 -0.6 0.0 0.0 0.2 0.0 0.0 -5.179641812736
0.0 -0.6 0.0 0.0 0.6 0.0 0.0 -5.15153050929
0.0 -0.6 0.0 0.0 1.0 0.0 0.0 -5.11033742629
0.0 -0.2 0.0 0.0 -1.0 0.0 0.0 -5.052078262353
0.0 -0.2 0.0 0.0 -0.6 0.0 0.0 -5.160114202685
0.0 -0.2 0.0 0.0 -0.2 0.0 0.0 -5.201706691214
0.0 -0.2 0.0 0.0 0.2 0.0 0.0 -5.201401960714
0.0 -0.2 0.0 0.0 0.6 0.0 0.0 -5.175339240531
0.0 -0.2 0.0 0.0 1.0 0.0 0.0 -5.134108178153
0.0 0.2 0.0 0.0 -1.0 0.0 0.0 -5.052078798475
0.0 0.2 0.0 0.0 -0.6 0.0 0.0 -5.160114432586
0.0 0.2 0.0 0.0 -0.2 0.0 0.0 -5.201706758344
0.0 0.2 0.0 0.0 0.2 0.0 0.0 -5.20140195201
0.0 0.2 0.0 0.0 0.6 0.0 0.0 -5.175339209059
0.0 0.2 0.0 0.0 1.0 0.0 0.0 -5.134108146749
0.0 0.6 0.0 0.0 -1.0 0.0 0.0 -5.063060889402
0.0 0.6 0.0 0.0 -0.6 0.0 0.0 -5.153473380365
0.0 0.6 0.0 0.0 -0.2 0.0 0.0 -5.185100938164
0.0 0.6 0.0 0.0 0.2 0.0 0.0 -5.179642061976
0.0 0.6 0.0 0.0 0.6 0.0 0.0 -5.151530659447
0.0 0.6 0.0 0.0 1.0 0.0 0.0 -5.110337560086
0.0 1.0 0.0 0.0 -1.0 0.0 0.0 -5.038812526193
0.0 1.0 0.0 0.0 -0.6 0.0 0.0 -5.106493348217
0.0 1.0 0.0 0.0 -0.2 0.0 0.0 -5.126776490334
0.0 1.0 0.0 0.0 0.2 0.0 0.0 -5.116913190421
0.0 1.0 0.0 0.0 0.6 0.0 0.0 -5.088669620326
0.0 1.0 0.0 0.0 1.0 0.0 0.0 -5.050019571028
0.0 -1.0 0.0 0.0 0.0 -1.0 0.0 -5.099005517722
0.0 -1.0 0.0 0.0 0.0 -0.6 0.0 -5.116093802827
0.0 -1.0 0.0 0.0 0.0 -0.2 0.0 -5.123841231753
0.0 -1.0 0.0 0.0 0.0 0.2 0.0 -5.123841333841
0.0 -1.0 0.0 0.0 0.0 0.6 0.0 -5.11609393408
0.0 -1.0 0.0 0.0 0.0 1.0 0.0 -5.099005180725
0.0 -0.6 0.0 0.0 0.0 -1.0 0.0 -5.099541303794
0.0 -0.6 0.0 0.0 0.0 -0.6 0.0 -5.158928464504
0.0 -0.6 0.0 0.0 0.0 -0.2 0.0 -5.183185109458
0.0 -0.6 0.0 0.0 0.0 0.2 0.0 -5.1831849432
0.0 -0.6 0.0 0.0 0.0 0.6 0.0 -5.158927346749
0.0 -0.6 0.0 0.0 0.0 1.0 0.0 -5.099537036206
0.0 -0.2 0.0 0.0 0.0 -1.0 0.0 -4.999880984275
0.0 -0.2 0.0 0.0 0.0 -0.6 0.0 -5.146229755941
0.0 -0.2 0.0 0.0 0.0 -0.2 0.0 -5.199750136057
0.0 -0.2 0.0 0.0 0.0 0.2 0.0 -5.199749909552
0.0 -0.2 0.0 0.0 0.0 0.6 0.0 -5.146227957389
0.0 -0.2 0.0 0.0 0.0 1.0 0.0 -4.999872995045
0.0 0.2 0.0 0.0 0.0 -1.0 0.0 -4.999876956614
0.0 0.2 0.0 0.0 0.0 -0.6 0.0 -5.146228486608
0.0 0.2 0.0 0.0 0.0 -0.2 0.0 -5.199749896844
0.0 0.2 0.0 0.0 0.0 0.2 0.0 -5.199750127753
0.0 0.2 0.0 0.0 0.0 0.6 0.0 -5.146228609369
0.0 0.2 0.0 0.0 0.0 1.0 0.0 -4.999874605847
0.0 0.6 0.0 0.0 0.0 -1.0 0.0 -5.099537507576
0.0 0.6 0.0 0.0 0.0 -0.6 0.0 -5.158927336765
0.0 0.6 0.0 0.0 0.0 -0.2 0.0 -5.183185141937
0.0 0.6 0.0 0.0 0.0 0.2 0.0 -5.183185530499
0.0 0.6 0.0 0.0 0.0 0.6 0.0 -5.158928420788
0.0 0.6 0.0 0.0 0.0 1.0 0.0 -5.099539019289
0.0 1.0 0.0 0.0 0.0 -1.0 0.0 -5.099005091479
0.0 1.0 0.0 0.0 0.0 -0.6 0.0 -5.116094073235
0.0 1.0 0.0 0.0 0.0 -0.2 0.0 -5.123841834082
0.0 1.0 0.0 0.0 0.0 0.2 0.0 -5.123842071475
0.0 1.0 0.0 0.0 0.0 0.6 0.0 -5.116094775038
0.0 1.0 0.0 0.0 0.0 1.0 0.0 -5.099006198209
0.0 -1.0 0.0 0.0 0.0 0.0 -1.0 -5.03520445616
0.0 -1.0 0.0 0.0 0.0 0.0 -0.6 -5.075337080561
0.0 -1.0 0.0 0.0 0.0 0.0 -0.2 -5.110037599218
0.0 -1.0 0.0 0.0 0.0 0.0 0.2 -5.137187693242
0.0 -1.0 0.0 0.0 0.0 0.0 0.6 -5.152790871927
0.0 -1.0 0.0 0.0 0.0 0.0 1.0 -5.151639948015
0.0 -0.6 0.0 0.0 0.0 0.0 -1.0 -5.083081501842
0.0 -0.6 0.0 0.0 0.0 0.0 -0.6 -5.132629634757
0.0 -0.6 0.0 0.0 0.0 0.0 -0.2 -5.17224404646
0.0 -0.6 0.0 0.0 0.0 0.0 0.2 -5.19365299186
0.0 -0.6 0.0 0.0 0.0 0.0 0.6 -5.181349286147
0.0 -0.6 0.0 0.0 0.0 0.0 1.0 -5.107435339277
0.0 -0.2 0.0 0.0 0.0 0.0 -1.0 -5.108521870998
0.0 -0.2 0.0 0.0 0.0 0.0 -0.6 -5.161765158619
0.0 -0.2 0.0 0.0 0.0 0.0 -0.2 -5.198398583136
0.0 -0.2 0.0 0.0 0.0 0.0 0.2 -5.200786489369
0.0 -0.2 0.0 0.0 0.0 0.0 0.6 -5.129160230537
0.0 -0.2 0.0 0.0 0.0 0.0 1.0 -4.895537383132
0.0 0.2 0.0 0.0 0.0 0.0 -1.0 -5.108522215435
0.0 0.2 0.0 0.0 0.0 0.0 -0.6 -5.161765420773
0.0 0.2 0.0 0.0 0.0 0.0 -0.2 -5.19839871532
0.0 0.2 0.0 0.0 0.0 0.0 0.2 -5.200786337268
0.0 0.2 0.0 0.0 0.0 0.0 0.6 -5.129159353035
0.0 0.2 0.0 0.0 0.0 0.0 1.0 -4.895534568086
0.0 0.6 0.0 0.0 0.0 0.0 -1.0 -5.083082414722
0.0 0.6 0.0 0.0 0.0 0.0 -0.6 -5.132630370363
0.0 0.6 0.0 0.0 0.0 0.0 -0.2 -5.172244559016
0.0 0.6 0.0 0.0 0.0 0.0 0.2 -5.193653104859
0.0 0.6 0.0 0.0 0.0 0.0 0.6 -5.181348535444
0.0 0.6 0.0 0.0 0.0 0.0 1.0 -5.107432652873
0.0 1.0 0.0 0.0 0.0 0.0 -1.0 -5.035205583431
0.0 1.0 0.0 0.0 0.0 0.0 -0.6 -5.075338025681
0.0 1.0 0.0 0.0 0.0 0.0 -0.2 -5.110038374481
0.0 1.0 0.0 0.0 0.0 0.0 0.2 -5.137188267644
0.0 1.0 0.0 0.0 0.0 0.0 0.6 -5.152791121
0.0 1.0 0.0 0.0 0.0 0.0 1.0 -5.151639627983
0.0 0.0 -1.0 -1.0 0.0 0.0 0.0 -5.066694459417
0.0 0.0 -1.0 -0.6 0.0 0.0 0.0 -5.112692120656
0.0 0.0 -1.0 -0.2 0.0 0.0 0.0 -5.137055608492
0.0 0.0 -1.0 0.2 0.0 0.0 0.0 -5.137055925224
0.0 0.0 -1.0 0.6 0.0 0.0 0.0 -5.112693087902
0.0 0.0 -1.0 1.0 0.0 0.0 0.0 -5.066695945398
0.0 0.0 -0.6 -1.0 0.0 0.0 0.0 -5.112692063669
0.0 0.0 -0.6 -0.6 0.0 0.0 0.0 -5.161410952836
0.0 0.0 -0.6 -0.2 0.0 0.0 0.0 -5.184347951872
0.0 0.0 -0.6 0.2 0.0 0.0 0.0 -5.184348165499
0.0 0.0 -0.6 0.6 0.0 0.0 0.0 -5.161411814447
0.0 0.0 -0.6 1.0 0.0 0.0 0.0 -5.112693675893
0.0 0.0 -0.2 -1.0 0.0 0.0 0.0 -5.137055496514
0.0 0.0 -0.2 -0.6 0.0 0.0 0.0 -5.184347914163
0.0 0.0 -0.2 -0.2 0.0 0.0 0.0 -5.203210074913
0.0 0.0 -0.2 0.2 0.0 0.0 0.0 -5.203210133597
0.0 0.0 -0.2 0.6 0.0 0.0 0.0 -5.184348555023
0.0 0.0 -0.2 1.0 0.0 0.0 0.0 -5.137057080178
0.0 0.0 0.2 -1.0 0.0 0.0 0.0 -5.137055757187
0.0 0.0 0.2 -0.6 0.0 0.0 0.0 -5.184348090028
0.0 0.0 0.2 -0.2 0.0 0.0 0.0 -5.203210123337
0.0 0.0 0.2 0.2 0.0 0.0 0.0 -5.203210182015
0.0 0.0 0.2 0.6 0.0 0.0 0.0 -5.184348730797
0.0 0.0 0.2 1.0 0.0 0.0 0.0 -5.137057340847
0.0 0.0 0.6 -1.0 0.0 0.0 0.0 -5.112692859759
0.0 0.0 0.6 -0.6 0.0 0.0 0.0 -5.16141166185
0.0 0.0 0.6 -0.2 0.0 0.0 0.0 -5.184348479494
0.0 0.0 0.6 0.2 0.0 0.0 0.0 -5.184348693025
0.0 0.0 0.6 0.6 0.0 0.0 0.0 -5.161412522249
0.0 0.0 0.6 1.0 0.0 0.0 0.0 -5.112694471976
0.0 0.0 1.0 -1.0 0.0 0.0 0.0 -5.066695682315
0.0 0.0 1.0 -0.6 0.0 0.0 0.0 -5.11269344747
0.0 0.0 1.0 -0.2 0.0 0.0 0.0 -5.137056911847
0.0 0.0 1.0 0.2 0.0 0.0 0.0 -5.137057228579
0.0 0.0 1.0 0.6 0.0 0.0 0.0 -5.112694414799
0.0 0.0 1.0 1.0 0.0 0.0 0.0 -5.066697168292
0.0 0.0 -1.0 0.0 -1.0 0.0 0.0 -4.992935715652
0.0 0.0 -1.0 0.0 -0.6 0.0 0.0 -5.097521796829
0.0 0.0 -1.0 0.0 -0.2 0.0 0.0 -5.13689356528
0.0 0.0 -1.0 0.0 0.2 0.0 0.0 -5.135460466496
0.0 0.0 -1.0 0.0 0.6 0.0 0.0 -5.109185296464
0.0 0.0 -1.0 0.0 1.0 0.0 0.0 -5.068473479913
0.0 0.0 -0.6 0.0 -1.0 0.0 0.0 -5.036973348092
0.0 0.0 -0.6 0.0 -0.6 0.0 0.0 -5.143462394731
0.0 0.0 -0.6 0.0 -0.2 0.0 0.0 -5.18367121093
0.0 0.0 -0.6 0.0 0.2 0.0 0.0 -5.182271610211
0.0 0.0 -0.6 0.0 0.6 0.0 0.0 -5.155422348011
0.0 0.0 -0.6 0.0 1.0 0.0 0.0 -5.113678526034
0.0 0.0 -0.2 0.0 -1.0 0.0 0.0 -5.047862833628
0.0 0.0 -0.2 0.0 -0.6 0.0 0.0 -5.158018227176
0.0 0.0 -0.2 0.0 -0.2 0.0 0.0 -5.200790459769
0.0 0.0 -0.2 0.0 0.2 0.0 0.0 -5.201089478921
0.0 0.0 -0.2 0.0 0.6 0.0 0.0 -5.175265173416
0.0 0.0 -0.2 0.0 1.0 0.0 0.0 -5.134026417093
0.0 0.0 0.2 0.0 -1.0 0.0 0.0 -5.047863019449
0.0 0.0 0.2 0.0 -0.6 0.0 0.0 -5.158018299659
0.0 0.0 0.2 0.0 -0.2 0.0 0.0 -5.200790489488
0.0 0.0 0.2 0.0 0.2 0.0 0.0 -5.201089507223
0.0 0.0 0.2 0.0 0.6 0.0 0.0 -5.175265222924
0.0 0.0 0.2 0.0 1.0 0.0 0.0 -5.134026500619
0.0 0.0 0.6 0.0 -1.0 0.0 0.0 -5.036974677992
0.0 0.0 0.6 0.0 -0.6 0.0 0.0 -5.1434632191
0.0 0.0 0.6 0.0 -0.2 0.0 0.0 -5.1836717741
0.0 0.0 0.6 0.0 0.2 0.0 0.0 -5.182272062739
0.0 0.0 0.6 0.0 0.6 0.0 0.0 -5.155422778861
0.0 0.0 0.6 0.0 1.0 0.0 0.0 -5.113678985994
0.0 0.0 1.0 0.0 -1.0 0.0 0.0 -4.992938844582
0.0 0.0 1.0 0.0 -0.6 0.0 0.0 -5.097523881018
0.0 0.0 1.0 0.0 -0.2 0.0 0.0 -5.136895047881
0.0 0.0 1.0 0.0 0.2 0.0 0.0 -5.135461627846
0.0 0.0 1.0 0.0 0.6 0.0 0.0 -5.109186310145
0.0 0.0 1.0 0.0 1.0 0.0 0.0 -5.068474449683
0.0 0.0 -1.0 0.0 0.0 -1.0 0.0 -5.099156020596
0.0 0.0 -1.0 0.0 0.0 -0.6 0.0 -5.126744295049
0.0 0.0 -1.0 0.0 0.0 -0.2 0.0 -5.138705510951
0.0 0.0 -1.0 0.0 0.0 0.2 0.0 -5.138705660183
0.0 0.0 -1.0 0.0 0.0 0.6 0.0 -5.12674456575
0.0 0.0 -1.0 0.0 0.0 1.0 0.0 -5.099155857671
0.0 0.0 -0.6 0.0 0.0 -1.0 0.0 -5.072427325804
0.0 0.0 -0.6 0.0 0.0 -0.6 0.0 -5.152089785642
0.0 0.0 -0.6 0.0 0.0 -0.2 0.0 -5.183458952003
0.0 0.0 -0.6 0.0 0.0 0.2 0.0 -5.183458988779
0.0 0.0 -0.6 0.0 0.0 0.6 0.0 -5.152089372533
0.0 0.0 -0.6 0.0 0.0 1.0 0.0 -5.072424521573
0.0 0.0 -0.2 0.0 0.0 -1.0 0.0 -4.991262070293
0.0 0.0 -0.2 0.0 0.0 -0.6 0.0 -5.143606789629
0.0 0.0 -0.2 0.0 0.0 -0.2 0.0 -5.198999967595
0.0 0.0 -0.2 0.0 0.0 0.2 0.0 -5.198999918058
0.0 0.0 -0.2 0.0 0.0 0.6 0.0 -5.143605702541
0.0 0.0 -0.2 0.0 0.0 1.0 0.0 -4.991256031884
0.0 0.0 0.2 0.0 0.0 -1.0 0.0 -4.991259115318
0.0 0.0 0.2 0.0 0.0 -0.6 0.0 -5.143605976438
0.0 0.0 0.2 0.0 0.0 -0.2 0.0 -5.198999881429
0.0 0.0 0.2 0.0 0.0 0.2 0.0 -5.198999939538
0.0 0.0 0.2 0.0 0.0 0.6 0.0 -5.143605357814
0.0 0.0 0.2 0.0 0.0 1.0 0.0 -4.99125451451
0.0 0.0 0.6 0.0 0.0 -1.0 0.0 -5.072423642598
0.0 0.0 0.6 0.0 0.0 -0.6 0.0 -5.152089009157
0.0 0.0 0.6 0.0 0.0 -0.2 0.0 -5.183459271585
0.0 0.0 0.6 0.0 0.0 0.2 0.0 -5.18345947375
0.0 0.0 0.6 0.0 0.0 0.6 0.0 -5.15208929402
0.0 0.0 0.6 0.0 0.0 1.0 0.0 -5.07242282921
0.0 0.0 1.0 0.0 0.0 -1.0 0.0 -5.099155432069
0.0 0.0 1.0 0.0 0.0 -0.6 0.0 -5.126744969804
0.0 0.0 1.0 0.0 0.0 -0.2 0.0 -5.138706724862
0.0 0.0 1.0 0.0 0.0 0.2 0.0 -5.138706935858
0.0 0.0 1.0 0.0 0.0 0.6 0.0 -5.126745510495
0.0 0.0 1.0 0.0 0.0 1.0 0.0 -5.09915604777
0.0 0.0 -1.0 0.0 0.0 0.0 -1.0 -5.039210454245
0.0 0.0 -1.0 0.0 0.0 0.0 -0.6 -5.085923820945
0.0 0.0 -1.0 0.0 0.0 0.0 -0.2 -5.12472821929
0.0 0.0 -1.0 0.0 0.0 0.0 0.2 -5.15190213166
0.0 0.0 -1.0 0.0 0.0 0.0 0.6 -5.16064539101
0.0 0.0 -1.0 0.0 0.0 0.0 1.0 -5.140544471536
0.0 0.0 -0.6 0.0 0.0 0.0 -1.0 -5.083893414823
0.0 0.0 -0.6 0.0 0.0 0.0 -0.6 -5.135513832409
0.0 0.0 -0.6 0.0 0.0 0.0 -0.2 -5.17487923861
0.0 0.0 -0.6 0.0 0.0 0.0 0.2 -5.191458959499
0.0 0.0 -0.6 0.0 0.0 0.0 0.6 -5.164033527356
0.0 0.0 -0.6 0.0 0.0 0.0 1.0 -5.051598468331
0.0 0.0 -0.2 0.0 0.0 0.0 -1.0 -5.10855640753
0.0 0.0 -0.2 0.0 0.0 0.0 -0.6 -5.161953181198
0.0 0.0 -0.2 0.0 0.0 0.0 -0.2 -5.198302213713
0.0 0.0 -0.2 0.0 0.0 0.0 0.2 -5.199377652659
0.0 0.0 -0.2 0.0 0.0 0.0 0.6 -5.123750101219
0.0 0.0 -0.2 0.0 0.0 0.0 1.0 -4.878849332546
0.0 0.0 0.2 0.0 0.0 0.0 -1.0 -5.108556806271
0.0 0.0 0.2 0.0 0.0 0.0 -0.6 -5.161953526397
0.0 0.0 0.2 0.0 0.0 0.0 -0.2 -5.198302405292
0.0 0.0 0.2 0.0 0.0 0.0 0.2 -5.199377394445
0.0 0.0 0.2 0.0 0.0 0.0 0.6 -5.123748558414
0.0 0.0 0.2 0.0 0.0 0.0 1.0 -4.878844185229
0.0 0.0 0.6 0.0 0.0 0.0 -1.0 -5.083894556833
0.0 0.0 0.6 0.0 0.0 0.0 -0.6 -5.135514871846
0.0 0.0 0.6 0.0 0.0 0.0 -0.2 -5.174880010351
0.0 0.0 0.6 0.0 0.0 0.0 0.2 -5.191458993111
0.0 0.0 0.6 0.0 0.0 0.0 0.6 -5.164031602829
0.0 0.0 0.6 0.0 0.0 0.0 1.0 -5.05159162104
0.0 0.0 1.0 0.0 0.0 0.0 -1.0 -5.039212179772
0.0 0.0 1.0 0.0 0.0 0.0 -0.6 -5.085925424296
0.0 0.0 1.0 0.0 0.0 0.0 -0.2 -5.124729667941
0.0 0.0 1.0 0.0 0.0 0.0 0.2 -5.151903183897
0.0 0.0 1.0 0.0 0.0 0.0 0.6 -5.160645486286
0.0 0.0 1.0 0.0 0.0 0.0 1.0 -5.140542448732
0.0 0.0 0.0 -1.0 -1.0 0.0 0.0 -4.992935378626
0.0 0.0 0.0 -1.0 -0.6 0.0 0.0 -5.097521572543
0.0 0.0 0.0 -1.0 -0.2 0.0 0.0 -5.136893405867
0.0 0.0 0.0 -1.0 0.2 0.0 0.0 -5.135460341812
0.0 0.0 0.0 -1.0 0.6 0.0 0.0 -5.109185187692
0.0 0.0 0.0 -1.0 1.0 0.0 0.0 -5.06847337585
0.0 0.0 0.0 -0.6 -1.0 0.0 0.0 -5.036973204909
0.0 0.0 0.0 -0.6 -0.6 0.0 0.0 -5.143462306117
0.0 0.0 0.0 -0.6 -0.2 0.0 0.0 -5.183671150504
0.0 0.0 0.0 -0.6 0.2 0.0 0.0 -5.182271561743
0.0 0.0 0.0 -0.6 0.6 0.0 0.0 -5.1554223019
0.0 0.0 0.0 -0.6 1.0 0.0 0.0 -5.113678476718
0.0 0.0 0.0 -0.2 -1.0 0.0 0.0 -5.047862813665
0.0 0.0 0.0 -0.2 -0.6 0.0 0.0 -5.15801821945
0.0 0.0 0.0 -0.2 -0.2 0.0 0.0 -5.200790456659
0.0 0.0 0.0 -0.2 0.2 0.0 0.0 -5.201089475962
0.0 0.0 0.0 -0.2 0.6 0.0 0.0 -5.175265168055
0.0 0.0 0.0 -0.2 1.0 0.0 0.0 -5.134026408649
0.0 0.0 0.0 0.2 -1.0 0.0 0.0 -5.047863039413
0.0 0.0 0.0 0.2 -0.6 0.0 0.0 -5.158018307389
0.0 0.0 0.0 0.2 -0.2 0.0 0.0 -5.200790492604
0.0 0.0 0.0 0.2 0.2 0.0 0.0 -5.201089510187
0.0 0.0 0.0 0.2 0.6 0.0 0.0 -5.175265228207
0.0 0.0 0.0 0.2 1.0 0.0 0.0 -5.13402650942
0.0 0.0 0.0 0.6 -1.0 0.0 0.0 -5.036974821246
0.0 0.0 0.0 0.6 -0.6 0.0 0.0 -5.143463307794
0.0 0.0 0.0 0.6 -0.2 0.0 0.0 -5.183671834606
0.0 0.0 0.0 0.6 0.2 0.0 0.0 -5.182272111294
0.0 0.0 0.0 0.6 0.6 0.0 0.0 -5.155422825295
0.0 0.0 0.0 0.6 1.0 0.0 0.0 -5.113679035398
0.0 0.0 0.0 1.0 -1.0 0.0 0.0 -4.992939181908
0.0 0.0 0.0 1.0 -0.6 0.0 0.0 -5.097524105554
0.0 0.0 0.0 1.0 -0.2 0.0 0.0 -5.136895207441
0.0 0.0 0.0 1.0 0.2 0.0 0.0 -5.13546175283
0.0 0.0 0.0 1.0 0.6 0.0 0.0 -5.109186419209
0.0 0.0 0.0 1.0 1.0 0.0 0.0 -5.068474554029
0.0 0.0 0.0 -1.0 0.0 -1.0 0.0 -5.099156084506
0.0 0.0 0.0 -1.0 0.0 -0.6 0.0 -5.126744222953
0.0 0.0 0.0 -1.0 0.0 -0.2 0.0 -5.138705380596
0.0 0.0 0.0 -1.0 0.0 0.2 0.0 -5.138705523161
0.0 0.0 0.0 -1.0 0.0 0.6 0.0 -5.126744464376
0.0 0.0 0.0 -1.0 0.0 1.0 0.0 -5.099155837527
0.0 0.0 0.0 -0.6 0.0 -1.0 0.0 -5.072427723152
0.0 0.0 0.0 -0.6 0.0 -0.6 0.0 -5.152089869652
0.0 0.0 0.0 -0.6 0.0 -0.2 0.0 -5.183458917883
0.0 0.0 0.0 -0.6 0.0 0.2 0.0 -5.183458936781
0.0 0.0 0.0 -0.6 0.0 0.6 0.0 -5.152089381226
0.0 0.0 0.0 -0.6 0.0 1.0 0.0 -5.07242470409
0.0 0.0 0.0 -0.2 0.0 -1.0 0.0 -4.991262388977
0.0 0.0 0.0 -0.2 0.0 -0.6 0.0 -5.143606877402
0.0 0.0 0.0 -0.2 0.0 -0.2 0.0 -5.198999976981
0.0 0.0 0.0 -0.2 0.0 0.2 0.0 -5.198999915834
0.0 0.0 0.0 -0.2 0.0 0.6 0.0 -5.143605739785
0.0 0.0 0.0 -0.2 0.0 1.0 0.0 -4.991256195507
0.0 0.0 0.0 0.2 0.0 -1.0 0.0 -4.991258796601
0.0 0.0 0.0 0.2 0.0 -0.6 0.0 -5.143605888664
0.0 0.0 0.0 0.2 0.0 -0.2 0.0 -5.19899987205
0.0 0.0 0.0 0.2 0.0 0.2 0.0 -5.198999941764
0.0 0.0 0.0 0.2 0.0 0.6 0.0 -5.143605320546
0.0 0.0 0.0 0.2 0.0 1.0 0.0 -4.991254350785
0.0 0.0 0.0 0.6 0.0 -1.0 0.0 -5.072423245173
0.0 0.0 0.0 0.6 0.0 -0.6 0.0 -5.152088925201
0.0 0.0 0.0 0.6 0.0 -0.2 0.0 -5.183459305831
0.0 0.0 0.0 0.6 0.0 0.2 0.0 -5.183459525788
0.0 0.0 0.0 0.6 0.0 0.6 0.0 -5.152089285281
0.0 0.0 0.0 0.6 0.0 1.0 0.0 -5.072422646326
0.0 0.0 0.0 1.0 0.0 -1.0 0.0 -5.099155368313
0.0 0.0 0.0 1.0 0.0 -0.6 0.0 -5.126745042291
0.0 0.0 0.0 1.0 0.0 -0.2 0.0 -5.138706855519
0.0 0.0 0.0 1.0 0.0 0.2 0.0 -5.138707073168
0.0 0.0 0.0 1.0 0.0 0.6 0.0 -5.126745611928
0.0 0.0 0.0 1.0 0.0 1.0 0.0 -5.099156067888
0.0 0.0 0.0 -1.0 0.0 0.0 -1.0 -5.039210268515
0.0 0.0 0.0 -1.0 0.0 0.0 -0.6 -5.085923648486
0.0 0.0 0.0 -1.0 0.0 0.0 -0.2 -5.124728063597
0.0 0.0 0.0 -1.0 0.0 0.0 0.2 -5.151902018934
0.0 0.0 0.0 -1.0 0.0 0.0 0.6 -5.16064538133
0.0 0.0 0.0 -1.0 0.0 0.0 1.0 -5.140544690076
0.0 0.0 0.0 -0.6 0.0 0.0 -1.0 -5.083893291886
0.0 0.0 0.0 -0.6 0.0 0.0 -0.6 -5.135513720598
0.0 0.0 0.0 -0.6 0.0 0.0 -0.2 -5.17487915571
0.0 0.0 0.0 -0.6 0.0 0.0 0.2 -5.191458956181
0.0 0.0 0.0 -0.6 0.0 0.0 0.6 -5.164033735125
0.0 0.0 0.0 -0.6 0.0 0.0 1.0 -5.051599206692
0.0 0.0 0.0 -0.2 0.0 0.0 -1.0 -5.108556364595
0.0 0.0 0.0 -0.2 0.0 0.0 -0.6 -5.161953144054
0.0 0.0 0.0 -0.2 0.0 0.0 -0.2 -5.198302193146
0.0 0.0 0.0 -0.2 0.0 0.0 0.2 -5.199377680598
0.0 0.0 0.0 -0.2 0.0 0.0 0.6 -5.123750267658
0.0 0.0 0.0 -0.2 0.0 0.0 1.0 -4.878849887583
0.0 0.0 0.0 0.2 0.0 0.0 -1.0 -5.108556849218
0.0 0.0 0.0 0.2 0.0 0.0 -0.6 -5.161953563557
0.0 0.0 0.0 0.2 0.0 0.0 -0.2 -5.198302425869
0.0 0.0 0.0 0.2 0.0 0.0 0.2 -5.199377366504
0.0 0.0 0.0 0.2 0.0 0.0 0.6 -5.12374839193
0.0 0.0 0.0 0.2 0.0 0.0 1.0 -4.878843630048
0.0 0.0 0.0 0.6 0.0 0.0 -1.0 -5.083894679877
0.0 0.0 0.0 0.6 0.0 0.0 -0.6 -5.135514983836
0.0 0.0 0.0 0.6 0.0 0.0 -0.2 -5.174880093339
0.0 0.0 0.0 0.6 0.0 0.0 0.2 -5.191458996486
0.0 0.0 0.0 0.6 0.0 0.0 0.6 -5.164031394958
0.0 0.0 0.0 0.6 0.0 0.0 1.0 -5.051590882154
0.0 0.0 0.0 1.0 0.0 0.0 -1.0 -5.039212365744
0.0 0.0 0.0 1.0 0.0 0.0 -0.6 -5.085925597046
0.0 0.0 0.0 1.0 0.0 0.0 -0.2 -5.124729823943
0.0 0.0 0.0 1.0 0.0 0.0 0.2 -5.151903297238
0.0 0.0 0.0 1.0 0.0 0.0 0.6 -5.160645496156
0.0 0.0 0.0 1.0 0.0 0.0 1.0 -5.140542230082
0.0 0.0 0.0 0.0 -1.0 -1.0 0.0 -4.675068186547
0.0 0.0 0.0 0.0 -1.0 -0.6 0.0 -4.941033236795
0.0 0.0 0.0 0.0 -1.0 -0.2 0.0 -5.037539355099
0.0 0.0 0.0 0.0 -1.0 0.2 0.0 -5.03753942918
0.0 0.0 0.0 0.0 -1.0 0.6 0.0 -4.941031949087
0.0 0.0 0.0 0.0 -1.0 1.0 0.0 -4.675059155413
0.0 0.0 0.0 0.0 -0.6 -1.0 0.0 -4.849770520416
0.0 0.0 0.0 0.0 -0.6 -0.6 0.0 -5.070471479951
0.0 0.0 0.0 0.0 -0.6 -0.2 0.0 -5.150266211572
0.0 0.0 0.0 0.0 -0.6 0.2 0.0 -5.150266214948
0.0 0.0 0.0 0.0 -0.6 0.6 0.0 -5.070470233491
0.0 0.0 0.0 0.0 -0.6 1.0 0.0 -4.849762705672
0.0 0.0 0.0 0.0 -0.2 -1.0 0.0 -4.946398788546
0.0 0.0 0.0 0.0 -0.2 -0.6 0.0 -5.12926274481
0.0 0.0 0.0 0.0 -0.2 -0.2 0.0 -5.195106226734
0.0 0.0 0.0 0.0 -0.2 0.2 0.0 -5.195106208107
0.0 0.0 0.0 0.0 -0.2 0.6 0.0 -5.129261643599
0.0 0.0 0.0 0.0 -0.2 1.0 0.0 -4.946392170856
0.0 0.0 0.0 0.0 0.2 -1.0 0.0 -4.991655822545
0.0 0.0 0.0 0.0 0.2 -0.6 0.0 -5.14286812372
0.0 0.0 0.0 0.0 0.2 -0.2 0.0 -5.197062852095
0.0 0.0 0.0 0.0 0.2 0.2 0.0 -5.1970628394
0.0 0.0 0.0 0.0 0.2 0.6 0.0 -5.142867216377
0.0 0.0 0.0 0.0 0.2 1.0 0.0 -4.991650323188
0.0 0.0 0.0 0.0 0.6 -1.0 0.0 -5.003376567739
0.0 0.0 0.0 0.0 0.6 -0.6 0.0 -5.128098478468
0.0 0.0 0.0 0.0 0.6 -0.2 0.0 -5.172562918274
0.0 0.0 0.0 0.0 0.6 0.2 0.0 -5.172562926375
0.0 0.0 0.0 0.0 0.6 0.6 0.0 -5.128097780121
0.0 0.0 0.0 0.0 0.6 1.0 0.0 -5.003372081292
0.0 0.0 0.0 0.0 1.0 -1.0 0.0 -4.993492677968
0.0 0.0 0.0 0.0 1.0 -0.6 0.0 -5.096049611581
0.0 0.0 0.0 0.0 1.0 -0.2 0.0 -5.132378875968
0.0 0.0 0.0 0.0 1.0 0.2 0.0 -5.132378911641
0.0 0.0 0.0 0.0 1.0 0.6 0.0 -5.096049117838
0.0 0.0 0.0 0.0 1.0 1.0 0.0 -4.993489090276
0.0 0.0 0.0 0.0 -1.0 0.0 -1.0 -4.819904875264
0.0 0.0 0.0 0.0 -1.0 0.0 -0.6 -4.944146770486
0.0 0.0 0.0 0.0 -1.0 0.0 -0.2 -5.028723088353
0.0 0.0 0.0 0.0 -1.0 0.0 0.2 -5.044187496582
0.0 0.0 0.0 0.0 -1.0 0.0 0.6 -4.920724880122
0.0 0.0 0.0 0.0 -1.0 0.0 1.0 -4.498168419247
0.0 0.0 0.0 0.0 -0.6 0.0 -1.0 -5.005508369849
0.0 0.0 0.0 0.0 -0.6 0.0 -0.6 -5.091261907993
0.0 0.0 0.0 0.0 -0.6 0.0 -0.2 -5.148193286818
0.0 0.0 0.0 0.0 -0.6 0.0 0.2 -5.151217695217
0.0 0.0 0.0 0.0 -0.6 0.0 0.6 -5.041558326764
0.0 0.0 0.0 0.0 -0.6 0.0 1.0 -4.684767328437
0.0 0.0 0.0 0.0 -0.2 0.0 -1.0 -5.092973437515
0.0 0.0 0.0 0.0 -0.2 0.0 -0.6 -5.154752824392
0.0 0.0 0.0 0.0 -0.2 0.0 -0.2 -5.195576966854
0.0 0.0 0.0 0.0 -0.2 0.0 0.2 -5.194149919213
0.0 0.0 0.0 0.0 -0.2 0.0 0.6 -5.101069532259
0.0 0.0 0.0 0.0 -0.2 0.0 1.0 -4.803544652926
0.0 0.0 0.0 0.0 0.2 0.0 -1.0 -5.118473617439
0.0 0.0 0.0 0.0 0.2 0.0 -0.6 -5.165614977248
0.0 0.0 0.0 0.0 0.2 0.0 -0.2 -5.197611223035
0.0 0.0 0.0 0.0 0.2 0.0 0.2 -5.19640260836
0.0 0.0 0.0 0.0 0.2 0.0 0.6 -5.120518998524
0.0 0.0 0.0 0.0 0.2 0.0 1.0 -4.875394798499
0.0 0.0 0.0 0.0 0.6 0.0 -1.0 -5.105699395152
0.0 0.0 0.0 0.0 0.6 0.0 -0.6 -5.144147425192
0.0 0.0 0.0 0.0 0.6 0.0 -0.2 -5.171823881371
0.0 0.0 0.0 0.0 0.6 0.0 0.2 -5.17339753096
0.0 0.0 0.0 0.0 0.6 0.0 0.6 -5.114088342358
0.0 0.0 0.0 0.0 0.6 0.0 1.0 -4.914657067307
0.0 0.0 0.0 0.0 1.0 0.0 -1.0 -5.070095038342
0.0 0.0 0.0 0.0 1.0 0.0 -0.6 -5.103608860616
0.0 0.0 0.0 0.0 1.0 0.0 -0.2 -5.129676884519
0.0 0.0 0.0 0.0 1.0 0.0 0.2 -5.135279287393
0.0 0.0 0.0 0.0 1.0 0.0 0.6 -5.09126270198
0.0 0.0 0.0 0.0 1.0 0.0 1.0 -4.931263500297
0.0 0.0 0.0 0.0 0.0 -1.0 -1.0 -5.090408976157
0.0 0.0 0.0 0.0 0.0 -1.0 -0.6 -5.104040547577
0.0 0.0 0.0 0.0 0.0 -1.0 -0.2 -5.049727057517
0.0 0.0 0.0 0.0 0.0 -1.0 0.2 -4.844519132499
0.0 0.0 0.0 0.0 0.0 -1.0 0.6 -4.300341000678
0.0 0.0 0.0 0.0 0.0 -1.0 1.0 -2.969090739246
0.0 0.0 0.0 0.0 0.0 -0.6 -1.0 -5.106316269892
0.0 0.0 0.0 0.0 0.0 -0.6 -0.6 -5.148383473533
0.0 0.0 0.0 0.0 0.0 -0.6 -0.2 -5.158116799785
0.0 0.0 0.0 0.0 0.0 -0.6 0.2 -5.097760116692
0.0 0.0 0.0 0.0 0.0 -0.6 0.6 -4.880847542937
0.0 0.0 0.0 0.0 0.0 -0.6 1.0 -4.311170051518
0.0 0.0 0.0 0.0 0.0 -0.2 -1.0 -5.111310065949
0.0 0.0 0.0 0.0 0.0 -0.2 -0.6 -5.163647231736
0.0 0.0 0.0 0.0 0.0 -0.2 -0.2 -5.196793243239
0.0 0.0 0.0 0.0 0.0 -0.2 0.2 -5.1892453781
0.0 0.0 0.0 0.0 0.0 -0.2 0.6 -5.091642459179
0.0 0.0 0.0 0.0 0.0 -0.2 1.0 -4.791606500505
0.0 0.0 0.0 0.0 0.0 0.2 -1.0 -5.111310376353
0.0 0.0 0.0 0.0 0.0 0.2 -0.6 -5.163647396332
0.0 0.0 0.0 0.0 0.0 0.2 -0.2 -5.19679326241
0.0 0.0 0.0 0.0 0.0 0.2 0.2 -5.18924539828
0.0 0.0 0.0 0.0 0.0 0.2 0.6 -5.091643172919
0.0 0.0 0.0 0.0 0.0 0.2 1.0 -4.791610281517
0.0 0.0 0.0 0.0 0.0 0.6 -1.0 -5.106316984082
0.0 0.0 0.0 0.0 0.0 0.6 -0.6 -5.148383575579
0.0 0.0 0.0 0.0 0.0 0.6 -0.2 -5.158116138607
0.0 0.0 0.0 0.0 0.0 0.6 0.2 -5.097758936423
0.0 0.0 0.0 0.0 0.0 0.6 0.6 -4.880847750172
0.0 0.0 0.0 0.0 0.0 0.6 1.0 -4.311179042819
0.0 0.0 0.0 0.0 0.0 1.0 -1.0 -5.090409263496
0.0 0.0 0.0 0.0 0.0 1.0 -0.6 -5.10403897334
0.0 0.0 0.0 0.0 0.0 1.0 -0.2 -5.049722699318
0.0 0.0 0.0 0.0 0.0 1.0 0.2 -4.844511398336
0.0 0.0 0.0 0.0 0.0 1.0 0.6 -4.30033182853
0.0 0.0 0.0 0.0 0.0 1.0 1.0 -2.969092316948
