# header
0.0 0.0 0.0 0.0 -5.504066223522
-1.0 0.0 0.0 0.0 -5.436279158949
-0.6 0.0 0.0 0.0 -5.482720004317
-0.2 0.0 0.0 0.0 -5.502428611182
0.2 0.0 0.0 0.0 -5.50242861665
0.6 0.0 0.0 0.0 -5.48272008435
1.0 0.0 0.0 0.0 -5.436279300176
0.0 -1.0 0.0 0.0 -5.436279336278
0.0 -0.6 0.0 0.0 -5.482720104871
0.0 -0.2 0.0 0.0 -5.502428618202
0.0 0.2 0.0 0.0 -5.502428609636
0.0 0.6 0.0 0.0 -5.48271998388
0.0 1.0 0.0 0.0 -5.436279123068
0.0 0.0 -1.0 0.0 -5.432426949731
0.0 0.0 -0.6 0.0 -5.473656107597
0.0 0.0 -0.2 0.0 -5.500050278421
0.0 0.0 0.2 0.0 -5.499252198044
0.0 0.0 0.6 0.0 -5.451659864368
0.0 0.0 1.0 0.0 -5.326313852778
0.0 0.0 0.0 -1.0 -5.431074290892
0.0 0.0 0.0 -0.6 -5.470046709091
0.0 0.0 0.0 -0.2 -5.498856808423
0.0 0.0 0.0 0.2 -5.496319206592
0.0 0.0 0.0 0.6 -5.391318557532
0.0 0.0 0.0 1.0 -4.951744825029
-1.0 -1.0 0.0 0.0 -5.378912106133
-1.0 -0.6 0.0 0.0 -5.413059474528
-1.0 -0.2 0.0 0.0 -5.433564613992
-1.0 0.2 0.0 0.0 -5.433564571822
-1.0 0.6 0.0 0.0 -5.413059359712
-1.0 1.0 0.0 0.0 -5.378911952945
-0.6 -1.0 0.0 0.0 -5.413059538208
-0.6 -0.6 0.0 0.0 -5.456168432208
-0.6 -0.2 0.0 0.0 -5.479831962354
-0.6 0.2 0.0 0.0 -5.47983192055
-0.6 0.6 0.0 0.0 -5.456168296213
-0.6 1.0 0.0 0.0 -5.413059346847
-0.2 -1.0 0.0 0.0 -5.433564754301
-0.2 -0.6 0.0 0.0 -5.47983203186
-0.2 -0.2 0.0 0.0 -5.500523616103
-0.2 0.2 0.0 0.0 -5.500523600649
-0.2 0.6 0.0 0.0 -5.479831906446
-0.2 1.0 0.0 0.0 -5.433564543451
0.2 -1.0 0.0 0.0 -5.433564782233
0.2 -0.6 0.0 0.0 -5.479832059523
0.2 -0.2 0.0 0.0 -5.500523626169
0.2 0.2 0.0 0.0 -5.500523610715
0.2 0.6 0.0 0.0 -5.479831934109
0.2 1.0 0.0 0.0 -5.433564571384
0.6 -1.0 0.0 0.0 -5.413059614242
0.6 -0.6 0.0 0.0 -5.456168522294
0.6 -0.2 0.0 0.0 -5.479832045343
0.6 0.2 0.0 0.0 -5.479832003539
0.6 0.6 0.0 0.0 -5.456168386299
0.6 1.0 0.0 0.0 -5.413059422882
1.0 -1.0 0.0 0.0 -5.378912207527
1.0 -0.6 0.0 0.0 -5.413059601252
1.0 -0.2 0.0 0.0 -5.433564753652
1.0 0.2 0.0 0.0 -5.433564711482
1.0 0.6 0.0 0.0 -5.413059486436
1.0 1.0 0.0 0.0 -5.378912054339
-1.0 0.0 -1.0 0.0 -5.362435137398
-1.0 0.0 -0.6 0.0 -5.402378228099
-1.0 0.0 -0.2 0.0 -5.430095339823
-1.0 0.0 0.2 0.0 -5.435048185737
-1.0 0.0 0.6 0.0 -5.400678458945
-1.0 0.0 1.0 0.0 -5.301141471974
-0.6 0.0 -1.0 0.0 -5.407443067806
-0.6 0.0 -0.6 0.0 -5.449044959896
-0.6 0.0 -0.2 0.0 -5.477127125494
-0.6 0.0 0.2 0.0 -5.480153064753
-0.6 0.0 0.6 0.0 -5.439848782055
-0.6 0.0 1.0 0.0 -5.32743426054
-0.2 0.0 -1.0 0.0 -5.429900248877
-0.2 0.0 -0.6 0.0 -5.4713154738
-0.2 0.0 -0.2 0.0 -5.49810336603
-0.2 0.0 0.2 0.0 -5.498024441946
-0.2 0.0 0.6 0.0 -5.451661566075
-0.2 0.0 1.0 0.0 -5.328350319162
0.2 0.0 -1.0 0.0 -5.429900291485
0.2 0.0 -0.6 0.0 -5.471315510337
0.2 0.0 -0.2 0.0 -5.498103385885
0.2 0.0 0.2 0.0 -5.498024427422
0.2 0.0 0.6 0.0 -5.451661487941
0.2 0.0 1.0 0.0 -5.328350129386
0.6 0.0 -1.0 0.0 -5.407443206309
0.6 0.0 -0.6 0.0 -5.449045093967
0.6 0.0 -0.2 0.0 -5.477127232371
0.6 0.0 0.2 0.0 -5.480153105461
0.6 0.0 0.6 0.0 -5.439848690708
0.6 0.0 1.0 0.0 -5.327433926677
1.0 0.0 -1.0 0.0 -5.36243535098
1.0 0.0 -0.6 0.0 -5.402378438991
1.0 0.0 -0.2 0.0 -5.430095516429
1.0 0.0 0.2 0.0 -5.435048274449
1.0 0.0 0.6 0.0 -5.400678368918
1.0 0.0 1.0 0.0 -5.301141050178
-1.0 0.0 0.0 -1.0 -5.381010927517
-1.0 0.0 0.0 -0.6 -5.406327082267
-1.0 0.0 0.0 -0.2 -5.427623479429
-1.0 0.0 0.0 0.2 -5.443264772296
-1.0 0.0 0.0 0.6 -5.450641576521
-1.0 0.0 0.0 1.0 -5.445876296507
-0.6 0.0 0.0 -1.0 -5.410620552483
-0.6 0.0 0.0 -0.6 -5.44464320376
-0.6 0.0 0.0 -0.2 -5.472664381487
-0.6 0.0 0.0 0.2 -5.488169351625
-0.6 0.0 0.0 0.6 -5.474236136789
-0.6 0.0 0.0 1.0 -5.397184785758
-0.2 0.0 0.0 -1.0 -5.428657729373
-0.2 0.0 0.0 -0.6 -5.467102434838
-0.2 0.0 0.0 -0.2 -5.496146628495
-0.2 0.0 0.0 0.2 -5.497362442744
-0.2 0.0 0.0 0.6 -5.411322716891
-0.2 0.0 0.0 1.0 -5.057631799214
0.2 0.0 0.0 -1.0 -5.428657740962
0.2 0.0 0.0 -0.6 -5.467102459162
0.2 0.0 0.0 -0.2 -5.496146651182
0.2 0.0 0.0 0.2 -5.49736240481
0.2 0.0 0.0 0.6 -5.411322383602
0.2 0.0 0.0 1.0 -5.057630226267
0.6 0.0 0.0 -1.0 -5.41062057785
0.6 0.0 0.0 -0.6 -5.444643268511
0.6 0.0 0.0 -0.2 -5.472664468096
0.6 0.0 0.0 0.2 -5.488169401057
0.6 0.0 0.0 0.6 -5.474235972589
0.6 0.0 0.0 1.0 -5.3971839475
1.0 0.0 0.0 -1.0 -5.381010945705
1.0 0.0 0.0 -0.6 -5.406327159513
1.0 0.0 0.0 -0.2 -5.427623604422
1.0 0.0 0.0 0.2 -5.443264924822
1.0 0.0 0.0 0.6 -5.450641717238
1.0 0.0 0.0 1.0 -5.445876357332
0.0 -1.0 -1.0 0.0 -5.362435405037
0.0 -1.0 -0.6 0.0 -5.402378492423
0.0 -1.0 -0.2 0.0 -5.430095561344
0.0 -1.0 0.2 0.0 -5.435048297458
0.0 -1.0 0.6 0.0 -5.400678347335
0.0 -1.0 1.0 0.0 -5.301140945795
0.0 -0.6 -1.0 0.0 -5.407443241335
0.0 -0.6 -0.6 0.0 -5.44904512792
0.0 -0.6 -0.2 0.0 -5.477127259574
0.0 -0.6 0.2 0.0 -5.480153116186
0.0 -0.6 0.6 0.0 -5.439848668517
0.0 -0.6 1.0 0.0 -5.327433844013
0.0 -0.2 -1.0 0.0 -5.429900302262
0.0 -0.2 -0.6 0.0 -5.471315519613
0.0 -0.2 -0.2 0.0 -5.498103391016
0.0 -0.2 0.2 0.0 -5.498024423998
0.0 -0.2 0.6 0.0 -5.451661468676
0.0 -0.2 1.0 0.0 -5.328350082311
0.0 0.2 -1.0 0.0 -5.429900238108
0.0 0.2 -0.6 0.0 -5.471315464532
0.0 0.2 -0.2 0.0 -5.498103360906
0.0 0.2 0.2 0.0 -5.498024445375
0.0 0.2 0.6 0.0 -5.45166158534
0.0 0.2 1.0 0.0 -5.328350366231
0.0 0.6 -1.0 0.0 -5.407443032865
0.0 0.6 -0.6 0.0 -5.449044926029
0.0 0.6 -0.2 0.0 -5.477127098377
0.0 0.6 0.2 0.0 -5.480153054107
0.0 0.6 0.6 0.0 -5.439848804311
0.0 0.6 1.0 0.0 -5.327434343239
0.0 1.0 -1.0 0.0 -5.362435083553
0.0 1.0 -0.6 0.0 -5.402378174888
0.0 1.0 -0.2 0.0 -5.430095295131
0.0 1.0 0.2 0.0 -5.435048162943
0.0 1.0 0.6 0.0 -5.400678480718
0.0 1.0 1.0 0.0 -5.301141576488
0.0 -1.0 0.0 -1.0 -5.381010950699
0.0 -1.0 0.0 -0.6 -5.406327179417
0.0 -1.0 0.0 -0.2 -5.4276236364
0.0 -1.0 0.0 0.2 -5.443264963813
0.0 -1.0 0.0 0.6 -5.450641753409
0.0 -1.0 0.0 1.0 -5.445876373672
0.0 -0.6 0.0 -1.0 -5.410620584475
0.0 -0.6 0.0 -0.6 -5.444643285071
0.0 -0.6 0.0 -0.2 -5.472664490209
0.0 -0.6 0.0 0.2 -5.488169413991
0.0 -0.6 0.0 0.6 -5.474235932322
0.0 -0.6 0.0 1.0 -5.397183739134
0.0 -0.2 0.0 -1.0 -5.42865774395
0.0 -0.2 0.0 -0.6 -5.467102465363
0.0 -0.2 0.0 -0.2 -5.496146657009
0.0 -0.2 0.0 0.2 -5.497362395559
0.0 -0.2 0.0 0.6 -5.411322300752
0.0 -0.2 0.0 1.0 -5.057629834336
0.0 0.2 0.0 -1.0 -5.428657726393
0.0 0.2 0.0 -0.6 -5.467102428646
0.0 0.2 0.0 -0.2 -5.496146622676
0.0 0.2 0.0 0.2 -5.497362451993
0.0 0.2 0.0 0.6 -5.411322799683
0.0 0.2 0.0 1.0 -5.057632190841
0.0 0.6 0.0 -1.0 -5.41062054592
0.0 0.6 0.0 -0.6 -5.444643187278
0.0 0.6 0.0 -0.2 -5.472664359461
0.0 0.6 0.0 0.2 -5.488169338757
0.0 0.6 0.0 0.6 -5.474236177003
0.0 0.6 0.0 1.0 -5.397184993674
0.0 1.0 0.0 -1.0 -5.381010922653
0.0 1.0 0.0 -0.6 -5.406327062533
0.0 1.0 0.0 -0.2 -5.427623447659
0.0 1.0 0.0 0.2 -5.443264733536
0.0 1.0 0.0 0.6 -5.450641540573
0.0 1.0 0.0 1.0 -5.445876280318
0.0 0.0 -1.0 -1.0 -5.390264654216
0.0 0.0 -1.0 -0.6 -5.409909003199
0.0 0.0 -1.0 -0.2 -5.427429228875
0.0 0.0 -1.0 0.2 -5.431162423203
0.0 0.0 -1.0 0.6 -5.382302086235
0.0 0.0 -1.0 1.0 -5.154163531595
0.0 0.0 -0.6 -1.0 -5.424899624711
0.0 0.0 -0.6 -0.6 -5.44930311296
0.0 0.0 -0.6 -0.2 -5.469190886302
0.0 0.0 -0.6 0.2 -5.469708541964
0.0 0.0 -0.6 0.6 -5.401425513645
0.0 0.0 -0.6 1.0 -5.102913813842
0.0 0.0 -0.2 -1.0 -5.437802261264
0.0 0.0 -0.2 -0.6 -5.470565692216
0.0 0.0 -0.2 -0.2 -5.495401427877
0.0 0.0 -0.2 0.2 -5.493469391498
0.0 0.0 -0.2 0.6 -5.401773738765
0.0 0.0 -0.2 1.0 -5.01466653718
0.0 0.0 0.2 -1.0 -5.411789376371
0.0 0.0 0.2 -0.6 -5.458826946997
0.0 0.0 0.2 -0.2 -5.493016118398
0.0 0.0 0.2 0.2 -5.490548447278
0.0 0.0 0.2 0.6 -5.371158100889
0.0 0.0 0.2 1.0 -4.87284422492
0.0 0.0 0.6 -1.0 -5.319565015554
0.0 0.0 0.6 -0.6 -5.390431074044
0.0 0.0 0.6 -0.2 -5.441303466653
0.0 0.0 0.6 0.2 -5.442172369507
0.0 0.0 0.6 0.6 -5.290874058123
0.0 0.0 0.6 1.0 -4.653364923795
0.0 0.0 1.0 -1.0 -5.117987719282
0.0 0.0 1.0 -0.6 -5.227962158197
0.0 0.0 1.0 -0.2 -5.307462933017
0.0 0.0 1.0 0.2 -5.318809351679
0.0 0.0 1.0 0.6 -5.132133685752
0.0 0.0 1.0 1.0 -4.32083870849
