0.0 0.0 0.0 0.0 0.0 0.0 0.0 0.0 0.0 0.0 0
0 : -1.0 : -1.62279639
0 : -0.6 : -1.172637867
0 : -0.2 : -0.4281121517
0 : 0.2 : 0.4281121517
0 : 0.6 : 1.172637867
0 : 1.0 : 1.62279639
1 : -1.0 : -0.5512400078
1 : -0.6 : -1.017884457
1 : -0.2 : -0.08841752472
1 : 0.2 : 0.08841752472
1 : 0.6 : 1.017884457
1 : 1.0 : 0.5512400078
2 : -1.0 : -1.229225402
2 : -0.6 : -0.6613553917
2 : -0.2 : -0.03709875155
2 : 0.2 : 0.03709875155
2 : 0.6 : 0.6613553917
2 : 1.0 : 1.229225402
3 : -1.0 : 0.5697048884
3 : -0.6 : 0.2189481838
3 : -0.2 : 0.02512778424
3 : 0.2 : 0.02512778424
3 : 0.6 : 0.2189481838
3 : 1.0 : 0.5697048884
4 : -1.0 : 1.11430849
4 : -0.6 : 0.4427113555
4 : -0.2 : 0.05163786626
4 : 0.2 : 0.05163786626
4 : 0.6 : 0.4427113555
4 : 1.0 : 1.11430849
5 : -1.0 : -0.6952126313
5 : -0.6 : -0.4313487781
5 : -0.2 : -0.1461887595
5 : 0.2 : 0.1461887595
5 : 0.6 : 0.4313487781
5 : 1.0 : 0.6952126313
6 : -1.0 : -0.3421584051
6 : -0.6 : -0.2182844956
6 : -0.2 : -0.07498578813
6 : 0.2 : 0.07498578813
6 : 0.6 : 0.2182844956
6 : 1.0 : 0.3421584051
7 : -1.0 : -1.308062768
7 : -0.6 : -1.212639233
7 : -0.2 : -0.4886425829
7 : 0.2 : 0.4886425829
7 : 0.6 : 1.212639233
7 : 1.0 : 1.308062768
8 : -1.0 : -0.5203042768
8 : -0.6 : -0.4697491038
8 : -0.2 : -0.1874069289
8 : 0.2 : 0.1874069289
8 : 0.6 : 0.4697491038
8 : 1.0 : 0.5203042768
9 : -1.0 : -1.059255501
9 : -0.6 : -1.489698053
9 : -0.2 : -0.7311638642
9 : 0.2 : 0.7311638642
9 : 0.6 : 1.489698053
9 : 1.0 : 1.059255501
0 1 : -1.0 -1.0 : -2.317786576
0 1 : -1.0 -0.6 : -2.716219642
0 1 : -1.0 -0.2 : -1.731300105
0 1 : -1.0 0.2 : -1.520525975
0 1 : -1.0 0.6 : -0.5839917211
0 1 : -1.0 1.0 : -1.071556383
0 1 : -0.6 -1.0 : -1.799416669
0 1 : -0.6 -0.6 : -2.227172395
0 1 : -0.6 -0.2 : -1.26959438
0 1 : -0.6 0.2 : -1.079864011
0 1 : -0.6 0.6 : -0.1547534098
0 1 : -0.6 1.0 : -0.6423180713
0 1 : -0.2 -1.0 : -0.9994383491
0 1 : -0.2 -0.6 : -1.454535597
0 1 : -0.2 -0.2 : -0.5180013436
0 1 : -0.2 0.2 : -0.339694627
0 1 : -0.2 0.6 : 0.5854159743
0 1 : -0.2 1.0 : 0.1092749651
0 1 : 0.2 -1.0 : -0.1092749651
0 1 : 0.2 -0.6 : -0.5854159743
0 1 : 0.2 -0.2 : 0.339694627
0 1 : 0.2 0.2 : 0.5180013436
0 1 : 0.2 0.6 : 1.454535597
0 1 : 0.2 1.0 : 0.9994383491
0 1 : 0.6 -1.0 : 0.6423180713
0 1 : 0.6 -0.6 : 0.1547534098
0 1 : 0.6 -0.2 : 1.079864011
0 1 : 0.6 0.2 : 1.26959438
0 1 : 0.6 0.6 : 2.227172395
0 1 : 0.6 1.0 : 1.799416669
0 1 : 1.0 -1.0 : 1.071556383
0 1 : 1.0 -0.6 : 0.5839917211
0 1 : 1.0 -0.2 : 1.520525975
0 1 : 1.0 0.2 : 1.731300105
0 1 : 1.0 0.6 : 2.716219642
0 1 : 1.0 1.0 : 2.317786576
0 2 : -1.0 -1.0 : -2.820622913
0 2 : -1.0 -0.6 : -2.272221624
0 2 : -1.0 -0.2 : -1.658533623
0 2 : -1.0 0.2 : -1.58433612
0 2 : -1.0 0.6 : -0.949510841
0 2 : -1.0 1.0 : -0.3621721093
0 2 : -0.6 -1.0 : -2.389933111
0 2 : -0.6 -0.6 : -1.829460337
0 2 : -0.6 -0.2 : -1.209219302
0 2 : -0.6 0.2 : -1.135021799
0 2 : -0.6 0.6 : -0.5067495533
0 2 : -0.6 1.0 : 0.0685176926
0 2 : -0.2 -1.0 : -1.655976034
0 2 : -0.2 -0.6 : -1.088950228
0 2 : -0.2 -0.2 : -0.465151865
0 2 : -0.2 0.2 : -0.3909543619
0 2 : -0.2 0.6 : 0.2337605558
0 2 : -0.2 1.0 : 0.8024747689
0 2 : 0.2 -1.0 : -0.799751731
0 2 : 0.2 -0.6 : -0.2327259242
0 2 : 0.2 -0.2 : 0.3910724384
0 2 : 0.2 0.2 : 0.4652699415
0 2 : 0.2 0.6 : 1.089984859
0 2 : 0.2 1.0 : 1.658699072
0 2 : 0.6 -1.0 : -0.04465737728
0 2 : 0.6 -0.6 : 0.5158153967
0 2 : 0.6 -0.2 : 1.136056431
0 2 : 0.6 0.2 : 1.210253934
0 2 : 0.6 0.6 : 1.83852618
0 2 : 0.6 1.0 : 2.413793426
0 2 : 1.0 -1.0 : 0.4249698682
0 2 : 1.0 -0.6 : 0.9733711564
0 2 : 1.0 -0.2 : 1.587059158
0 2 : 1.0 0.2 : 1.661256661
0 2 : 1.0 0.6 : 2.29608194
0 2 : 1.0 1.0 : 2.883420671
0 3 : -1.0 -1.0 : -1.102697217
0 3 : -1.0 -0.6 : -1.42269614
0 3 : -1.0 -0.2 : -1.59981961
0 3 : -1.0 0.2 : -1.59981961
0 3 : -1.0 0.6 : -1.42269614
0 3 : -1.0 1.0 : -1.102697217
0 3 : -0.6 -1.0 : -0.6362193234
0 3 : -0.6 -0.6 : -0.9663369924
0 3 : -0.6 -0.2 : -1.148953446
0 3 : -0.6 0.2 : -1.148953446
0 3 : -0.6 0.6 : -0.9663369924
0 3 : -0.6 1.0 : -0.6362193234
0 3 : -0.2 -1.0 : 0.1298809435
0 3 : -0.2 -0.6 : -0.213613921
0 3 : -0.2 -0.2 : -0.4034922145
0 3 : -0.2 0.2 : -0.4034922145
0 3 : -0.2 0.6 : -0.213613921
0 3 : -0.2 1.0 : 0.1298809435
0 3 : 0.2 -1.0 : 1.009528833
0 3 : 0.2 -0.6 : 0.6515102886
0 3 : 0.2 -0.2 : 0.453747783
0 3 : 0.2 0.2 : 0.453747783
0 3 : 0.2 0.6 : 0.6515102886
0 3 : 0.2 1.0 : 1.009528833
0 3 : 0.6 -1.0 : 1.7756291
0 3 : 0.6 -0.6 : 1.40423336
0 3 : 0.6 -0.2 : 1.199209014
0 3 : 0.6 0.2 : 1.199209014
0 3 : 0.6 0.6 : 1.40423336
0 3 : 0.6 1.0 : 1.7756291
0 3 : 1.0 -1.0 : 2.242106994
0 3 : 1.0 -0.6 : 1.860592508
0 3 : 1.0 -0.2 : 1.650075179
0 3 : 1.0 0.2 : 1.650075179
0 3 : 1.0 0.6 : 1.860592508
0 3 : 1.0 1.0 : 2.242106994
0 4 : -1.0 -1.0 : -0.6064490984
0 4 : -1.0 -0.6 : -1.245818797
0 4 : -1.0 -0.2 : -1.594286934
0 4 : -1.0 0.2 : -1.548030114
0 4 : -1.0 0.6 : -1.114351273
0 4 : -1.0 1.0 : -0.4105267018
0 4 : -0.6 -1.0 : -0.1240631382
0 4 : -0.6 -0.6 : -0.7709370828
0 4 : -0.6 -0.2 : -1.13493649
0 4 : -0.6 0.2 : -1.107063511
0 4 : -0.6 0.6 : -0.6889159397
0 4 : -0.6 1.0 : 0.007404385437
0 4 : -0.2 -1.0 : 0.6630679289
0 4 : -0.2 -0.6 : 0.0006627145926
0 4 : -0.2 -0.2 : -0.3811297081
0 4 : -0.2 0.2 : -0.3718188628
0 4 : -0.2 0.6 : 0.02853569296
0 4 : -0.2 1.0 : 0.7093247483
0 4 : 0.2 -1.0 : 1.565549052
0 4 : 0.2 -0.6 : 0.8847599963
0 4 : 0.2 -0.2 : 0.4844054406
0 4 : 0.2 0.2 : 0.4750945953
0 4 : 0.2 0.6 : 0.856887018
0 4 : 0.2 1.0 : 1.519292232
0 4 : 0.6 -1.0 : 2.352680119
0 4 : 0.6 -0.6 : 1.656359794
0 4 : 0.6 -0.2 : 1.238212222
0 4 : 0.6 0.2 : 1.210339244
0 4 : 0.6 0.6 : 1.574338651
0 4 : 0.6 1.0 : 2.221212595
0 4 : 1.0 -1.0 : 2.835066079
0 4 : 1.0 -0.6 : 2.131241508
0 4 : 1.0 -0.2 : 1.697562666
0 4 : 1.0 0.2 : 1.651305847
0 4 : 1.0 0.6 : 1.999773984
0 4 : 1.0 1.0 : 2.639143682
0 5 : -1.0 -1.0 : -2.176502796
0 5 : -1.0 -0.6 : -1.959191894
0 5 : -1.0 -0.2 : -1.735575861
0 5 : -1.0 0.2 : -1.51001692
0 5 : -1.0 0.6 : -1.286400887
0 5 : -1.0 1.0 : -1.069089985
0 5 : -0.6 -1.0 : -1.772897224
0 5 : -0.6 -0.6 : -1.544746341
0 5 : -0.6 -0.2 : -1.298695186
0 5 : -0.6 0.2 : -1.046580547
0 5 : -0.6 0.6 : -0.8005293928
0 5 : -0.6 1.0 : -0.5723785096
0 5 : -0.2 -1.0 : -1.089915494
0 5 : -0.2 -0.6 : -0.8393294898
0 5 : -0.2 -0.2 : -0.5675760926
0 5 : -0.2 0.2 : -0.2886482108
0 5 : -0.2 0.6 : -0.01689481358
0 5 : -0.2 1.0 : 0.2336911908
0 5 : 0.2 -1.0 : -0.3005097684
0 5 : 0.2 -0.6 : -0.02336806634
0 5 : 0.2 -0.2 : 0.2751985736
0 5 : 0.2 0.2 : 0.5810257298
0 5 : 0.2 0.6 : 0.8795923697
0 5 : 0.2 1.0 : 1.156734072
0 5 : 0.6 -1.0 : 0.3824719611
0 5 : 0.6 -0.6 : 0.6820487844
0 5 : 0.6 -0.2 : 1.006317667
0 5 : 0.6 0.2 : 1.338958066
0 5 : 0.6 0.6 : 1.663226949
0 5 : 0.6 1.0 : 1.962803772
0 5 : 1.0 -1.0 : 0.7860775335
0 5 : 1.0 -0.6 : 1.096494338
0 5 : 1.0 -0.2 : 1.443198342
0 5 : 1.0 0.2 : 1.802394439
0 5 : 1.0 0.6 : 2.149098443
0 5 : 1.0 1.0 : 2.459515247
0 6 : -1.0 -1.0 : -2.130872425
0 6 : -1.0 -0.6 : -1.952414661
0 6 : -1.0 -0.2 : -1.736954943
0 6 : -1.0 0.2 : -1.508637838
0 6 : -1.0 0.6 : -1.29317812
0 6 : -1.0 1.0 : -1.114720355
0 6 : -0.6 -1.0 : -1.626130046
0 6 : -0.6 -0.6 : -1.460382281
0 6 : -0.6 -0.2 : -1.271227993
0 6 : -0.6 0.2 : -1.07404774
0 6 : -0.6 0.6 : -0.8848934528
0 6 : -0.6 1.0 : -0.719145687
0 6 : -0.2 -1.0 : -0.809443321
0 6 : -0.2 -0.6 : -0.6700009855
0 6 : -0.2 -0.2 : -0.5109828647
0 6 : -0.2 0.2 : -0.3452414386
0 6 : -0.2 0.6 : -0.1862233179
0 6 : -0.2 1.0 : -0.04678098234
0 6 : 0.2 -1.0 : 0.1251265108
0 6 : 0.2 -0.6 : 0.2334319942
0 6 : 0.2 -0.2 : 0.3610112885
0 6 : 0.2 0.2 : 0.4952130149
0 6 : 0.2 0.6 : 0.6227923091
0 6 : 0.2 1.0 : 0.7310977926
0 6 : 0.6 -1.0 : 0.9418132361
0 6 : 0.6 -0.6 : 1.023813289
0 6 : 0.6 -0.2 : 1.121256417
0 6 : 0.6 0.2 : 1.224019317
0 6 : 0.6 0.6 : 1.321462444
0 6 : 0.6 1.0 : 1.403462497
0 6 : 1.0 -1.0 : 1.446555615
0 6 : 1.0 -0.6 : 1.515845669
0 6 : 1.0 -0.2 : 1.586983366
0 6 : 1.0 0.2 : 1.658609414
0 6 : 1.0 0.6 : 1.729747111
0 6 : 1.0 1.0 : 1.799037166
0 7 : -1.0 -1.0 : -2.946328364
0 7 : -1.0 -0.6 : -2.841313224
0 7 : -1.0 -0.2 : -2.112109749
0 7 : -1.0 0.2 : -1.134824584
0 7 : -1.0 0.6 : -0.4160347571
0 7 : -1.0 1.0 : -0.3302028275
0 7 : -0.6 -1.0 : -2.486578235
0 7 : -0.6 -0.6 : -2.387510323
0 7 : -0.6 -0.2 : -1.661535314
0 7 : -0.6 0.2 : -0.6842501485
0 7 : -0.6 0.6 : 0.03776814388
0 7 : -0.6 1.0 : 0.1295473014
0 7 : -0.2 -1.0 : -1.736845696
0 7 : -0.2 -0.6 : -1.64100625
0 7 : -0.2 -0.2 : -0.9167838208
0 7 : -0.2 0.2 : 0.06050134497
0 7 : -0.2 0.6 : 0.7842722172
0 7 : -0.2 1.0 : 0.8792798405
0 7 : 0.2 -1.0 : -0.8806213926
0 7 : 0.2 -0.6 : -0.7847819464
0 7 : 0.2 -0.2 : -0.06055951739
0 7 : 0.2 0.2 : 0.9167256484
0 7 : 0.2 0.6 : 1.640496521
0 7 : 0.2 1.0 : 1.735504144
0 7 : 0.6 -1.0 : -0.1413025018
0 7 : 0.6 -0.6 : -0.04223458971
0 7 : 0.6 -0.2 : 0.6837404192
0 7 : 0.6 0.2 : 1.661025585
0 7 : 0.6 0.6 : 2.383043877
0 7 : 0.6 1.0 : 2.474823035
0 7 : 1.0 -1.0 : 0.2992644167
0 7 : 1.0 -0.6 : 0.4042795567
0 7 : 1.0 -0.2 : 1.133483031
0 7 : 1.0 0.2 : 2.110768197
0 7 : 1.0 0.6 : 2.829558024
0 7 : 1.0 1.0 : 2.915389953
0 8 : -1.0 -1.0 : -2.263952213
0 8 : -1.0 -0.6 : -2.156051364
0 8 : -1.0 -0.2 : -1.827089887
0 8 : -1.0 0.2 : -1.423743262
0 8 : -1.0 0.6 : -1.135459552
0 8 : -1.0 1.0 : -1.102492114
0 8 : -0.6 -1.0 : -1.756448014
0 8 : -0.6 -0.6 : -1.673198882
0 8 : -0.6 -0.2 : -1.367223569
0 8 : -0.6 0.2 : -0.981568547
0 8 : -0.6 0.6 : -0.7028887629
0 8 : -0.6 1.0 : -0.6699213248
0 8 : -0.2 -1.0 : -0.9653029958
0 8 : -0.2 -0.6 : -0.905040029
0 8 : -0.2 -0.2 : -0.6167563191
0 8 : -0.2 0.2 : -0.2407052228
0 8 : -0.2 0.6 : 0.03797456133
0 8 : -0.2 1.0 : 0.08054592525
0 8 : 0.2 -1.0 : -0.08054592525
0 8 : 0.2 -0.6 : -0.03797456133
0 8 : 0.2 -0.2 : 0.2407052228
0 8 : 0.2 0.2 : 0.6167563191
0 8 : 0.2 0.6 : 0.905040029
0 8 : 0.2 1.0 : 0.9653029958
0 8 : 0.6 -1.0 : 0.6699213248
0 8 : 0.6 -0.6 : 0.7028887629
0 8 : 0.6 -0.2 : 0.981568547
0 8 : 0.6 0.2 : 1.367223569
0 8 : 0.6 0.6 : 1.673198882
0 8 : 0.6 1.0 : 1.756448014
0 8 : 1.0 -1.0 : 1.102492114
0 8 : 1.0 -0.6 : 1.135459552
0 8 : 1.0 -0.2 : 1.423743262
0 8 : 1.0 0.2 : 1.827089887
0 8 : 1.0 0.6 : 2.156051364
0 8 : 1.0 1.0 : 2.263952213
0 9 : -1.0 -1.0 : -2.700717451
0 9 : -1.0 -0.6 : -3.125019377
0 9 : -1.0 -0.2 : -2.35836715
0 9 : -1.0 0.2 : -0.8872256312
0 9 : -1.0 0.6 : -0.120573404
0 9 : -1.0 1.0 : -0.5448753298
0 9 : -0.6 -1.0 : -2.244418301
0 9 : -0.6 -0.6 : -2.670150088
0 9 : -0.6 -0.2 : -1.906457194
0 9 : -0.6 0.2 : -0.4388185392
0 9 : -0.6 0.6 : 0.3248743548
0 9 : -0.6 1.0 : -0.1008574326
0 9 : -0.2 -1.0 : -1.491774548
0 9 : -0.2 -0.6 : -1.920465668
0 9 : -0.2 -0.2 : -1.160163062
0 9 : -0.2 0.2 : 0.3039387583
0 9 : -0.2 0.6 : 1.064241365
0 9 : -0.2 1.0 : 0.6355502444
0 9 : 0.2 -1.0 : -0.6267364546
0 9 : 0.2 -0.6 : -1.058930438
0 9 : 0.2 -0.2 : -0.3021646668
0 9 : 0.2 0.2 : 1.15838897
0 9 : 0.2 0.6 : 1.915154742
0 9 : 0.2 1.0 : 1.482960758
0 9 : 0.6 -1.0 : 0.1259072985
0 9 : 0.6 -0.6 : -0.3092460188
0 9 : 0.6 -0.2 : 0.4441294658
0 9 : 0.6 0.2 : 1.901146268
0 9 : 0.6 0.6 : 2.654521752
0 9 : 0.6 1.0 : 2.219368435
0 9 : 1.0 -1.0 : 0.5822064487
0 9 : 1.0 -0.6 : 0.1456232698
0 9 : 1.0 -0.2 : 0.8960394211
0 9 : 1.0 0.2 : 2.34955336
0 9 : 1.0 0.6 : 3.099969511
0 9 : 1.0 1.0 : 2.663386332
1 2 : -1.0 -1.0 : -1.6780658
1 2 : -1.0 -0.6 : -1.158785775
1 2 : -1.0 -0.2 : -0.5740304781
1 2 : -1.0 0.2 : -0.5240092833
1 2 : -1.0 0.6 : 0.09521299121
1 2 : -1.0 1.0 : 0.6779853938
1 2 : -0.6 -1.0 : -2.193300234
1 2 : -0.6 -0.6 : -1.653132382
1 2 : -0.6 -0.2 : -1.048900509
1 2 : -0.6 0.2 : -0.9838889125
1 2 : -0.6 0.6 : -0.3565290652
1 2 : -0.6 1.0 : 0.2262433374
1 2 : -0.2 -1.0 : -1.303334645
1 2 : -0.2 -0.6 : -0.7436902171
1 2 : -0.2 -0.2 : -0.1244679426
1 2 : -0.2 0.2 : -0.05131877317
1 2 : -0.2 0.6 : 0.5760410741
1 2 : -0.2 1.0 : 1.150675904
1 2 : 0.2 -1.0 : -1.150675904
1 2 : 0.2 -0.6 : -0.5760410741
1 2 : 0.2 -0.2 : 0.05131877317
1 2 : 0.2 0.2 : 0.1244679426
1 2 : 0.2 0.6 : 0.7436902171
1 2 : 0.2 1.0 : 1.303334645
1 2 : 0.6 -1.0 : -0.2262433374
1 2 : 0.6 -0.6 : 0.3565290652
1 2 : 0.6 -0.2 : 0.9838889125
1 2 : 0.6 0.2 : 1.048900509
1 2 : 0.6 0.6 : 1.653132382
1 2 : 0.6 1.0 : 2.193300234
1 2 : 1.0 -1.0 : -0.6779853938
1 2 : 1.0 -0.6 : -0.09521299121
1 2 : 1.0 -0.2 : 0.5240092833
1 2 : 1.0 0.2 : 0.5740304781
1 2 : 1.0 0.6 : 1.158785775
1 2 : 1.0 1.0 : 1.6780658
1 3 : -1.0 -1.0 : -0.08277655588
1 3 : -1.0 -0.6 : -0.4002266859
1 3 : -1.0 -0.2 : -0.5500150899
1 3 : -1.0 0.2 : -0.5022093573
1 3 : -1.0 0.6 : -0.2643569622
1 3 : -1.0 1.0 : 0.1197063171
1 3 : -0.6 -1.0 : -0.5161144303
1 3 : -0.6 -0.6 : -0.8413200867
1 3 : -0.6 -0.2 : -1.007159826
1 3 : -0.6 0.2 : -0.978353519
1 3 : -0.6 0.6 : -0.7565524594
1 3 : -0.6 1.0 : -0.3802447066
1 3 : -0.2 -1.0 : 0.4573844974
1 3 : -0.2 -0.6 : 0.1161275055
1 3 : -0.2 -0.2 : -0.06810105032
1 3 : -0.2 0.2 : -0.05847843063
1 3 : -0.2 0.6 : 0.1449338127
1 3 : -0.2 1.0 : 0.50519023
1 3 : 0.2 -1.0 : 0.6820252794
1 3 : 0.2 -0.6 : 0.3217688621
1 3 : 0.2 -0.2 : 0.1183566188
1 3 : 0.2 0.2 : 0.1087339991
1 3 : 0.2 0.6 : 0.292962555
1 3 : 0.2 1.0 : 0.6342195469
1 3 : 0.6 -1.0 : 1.655524207
1 3 : 0.6 -0.6 : 1.279216454
1 3 : 0.6 -0.2 : 1.057415395
1 3 : 0.6 0.2 : 1.028609088
1 3 : 0.6 0.6 : 1.194448827
1 3 : 0.6 1.0 : 1.519654483
1 3 : 1.0 -1.0 : 1.222186333
1 3 : 1.0 -0.6 : 0.8381230535
1 3 : 1.0 -0.2 : 0.6002706584
1 3 : 1.0 0.2 : 0.5524649258
1 3 : 1.0 0.6 : 0.7022533298
1 3 : 1.0 1.0 : 1.01970346
1 4 : -1.0 -1.0 : 0.4082622498
1 4 : -1.0 -0.6 : -0.1898772562
1 4 : -1.0 -0.2 : -0.521233192
1 4 : -1.0 0.2 : -0.4846838026
1 4 : -1.0 0.6 : -0.08599943307
1 4 : -1.0 1.0 : 0.5630684825
1 4 : -0.6 -1.0 : 0.01507542962
1 4 : -0.6 -0.6 : -0.6146419878
1 4 : -0.6 -0.2 : -0.9754423264
1 4 : -0.6 0.2 : -0.9615552073
1 4 : -0.6 0.6 : -0.5751731014
1 4 : -0.6 1.0 : 0.07389481415
1 4 : -0.2 -1.0 : 1.004259915
1 4 : -0.2 -0.6 : 0.3450980949
1 4 : -0.2 -0.2 : -0.03836451393
1 4 : -0.2 0.2 : -0.03677965846
1 4 : -0.2 0.6 : 0.3496024475
1 4 : -0.2 1.0 : 1.010972627
1 4 : 0.2 -1.0 : 1.217644354
1 4 : 0.2 -0.6 : 0.5358202634
1 4 : 0.2 -0.2 : 0.140055391
1 4 : 0.2 0.2 : 0.1416402465
1 4 : 0.2 0.6 : 0.540324616
1 4 : 0.2 1.0 : 1.224357065
1 4 : 0.6 -1.0 : 2.154722166
1 4 : 0.6 -0.6 : 1.460595812
1 4 : 0.6 -0.2 : 1.06483094
1 4 : 0.6 0.2 : 1.078718059
1 4 : 0.6 0.6 : 1.500064699
1 4 : 0.6 1.0 : 2.213541551
1 4 : 1.0 -1.0 : 1.665548498
1 4 : 1.0 -0.6 : 0.971422144
1 4 : 1.0 -0.2 : 0.5879595352
1 4 : 1.0 0.2 : 0.6245089245
1 4 : 1.0 0.6 : 1.075299967
1 4 : 1.0 1.0 : 1.820354731
1 5 : -1.0 -1.0 : -1.279436284
1 5 : -1.0 -0.6 : -0.9999212497
1 5 : -1.0 -0.2 : -0.7020375667
1 5 : -1.0 0.2 : -0.4018726865
1 5 : -1.0 0.6 : -0.1150910628
1 5 : -1.0 1.0 : 0.1439726235
1 5 : -0.6 -1.0 : -1.730429552
1 5 : -0.6 -0.6 : -1.457642636
1 5 : -0.6 -0.2 : -1.166032497
1 5 : -0.6 0.2 : -0.8706961322
1 5 : -0.6 0.6 : -0.5865356788
1 5 : -0.6 1.0 : -0.3274719924
1 5 : -0.2 -1.0 : -0.7882389555
1 5 : -0.2 -0.6 : -0.5217255836
1 5 : -0.2 -0.2 : -0.23494396
1 5 : -0.2 0.2 : 0.05777123478
1 5 : -0.2 0.6 : 0.3419316882
1 5 : -0.2 1.0 : 0.6036165448
1 5 : 0.2 -1.0 : -0.6036165448
1 5 : 0.2 -0.6 : -0.3419316882
1 5 : 0.2 -0.2 : -0.05777123478
1 5 : 0.2 0.2 : 0.23494396
1 5 : 0.2 0.6 : 0.5217255836
1 5 : 0.2 1.0 : 0.7882389555
1 5 : 0.6 -1.0 : 0.3274719924
1 5 : 0.6 -0.6 : 0.5865356788
1 5 : 0.6 -0.2 : 0.8706961322
1 5 : 0.6 0.2 : 1.166032497
1 5 : 0.6 0.6 : 1.457642636
1 5 : 0.6 1.0 : 1.730429552
1 5 : 1.0 -1.0 : -0.1439726235
1 5 : 1.0 -0.6 : 0.1150910628
1 5 : 1.0 -0.2 : 0.4018726865
1 5 : 1.0 0.2 : 0.7020375667
1 5 : 1.0 0.6 : 0.9999212497
1 5 : 1.0 1.0 : 1.279436284
1 6 : -1.0 -1.0 : -0.921856309
1 6 : -1.0 -0.6 : -0.7803372201
1 6 : -1.0 -0.2 : -0.6274597879
1 6 : -1.0 0.2 : -0.4774882117
1 6 : -1.0 0.6 : -0.3437682288
1 6 : -1.0 1.0 : -0.2375394987
1 6 : -0.6 -1.0 : -1.370855579
1 6 : -0.6 -0.6 : -1.240277297
1 6 : -0.6 -0.2 : -1.093339106
1 6 : -0.6 0.2 : -0.94336753
1 6 : -0.6 0.6 : -0.8037083057
1 6 : -0.6 1.0 : -0.6865387684
1 6 : -0.2 -1.0 : -0.4318099218
1 6 : -0.2 -0.6 : -0.3071708816
1 6 : -0.2 -0.2 : -0.1634568212
1 6 : -0.2 0.2 : -0.01348524498
1 6 : -0.2 0.6 : 0.1293981096
1 6 : -0.2 1.0 : 0.2525068885
1 6 : 0.2 -1.0 : -0.2549748724
1 6 : 0.2 -0.6 : -0.1303358322
1 6 : 0.2 -0.2 : 0.0133782282
1 6 : 0.2 0.2 : 0.1633498045
1 6 : 0.2 0.6 : 0.3062331591
1 6 : 0.2 1.0 : 0.4293419379
1 6 : 0.6 -1.0 : 0.6649133351
1 6 : 0.6 -0.6 : 0.7954916167
1 6 : 0.6 -0.2 : 0.9424298074
1 6 : 0.6 0.2 : 1.092401384
1 6 : 0.6 0.6 : 1.232060608
1 6 : 0.6 1.0 : 1.349230145
1 6 : 1.0 -1.0 : 0.1806237067
1 6 : 1.0 -0.6 : 0.3221427956
1 6 : 1.0 -0.2 : 0.4750202278
1 6 : 1.0 0.2 : 0.624991804
1 6 : 1.0 0.6 : 0.7587117868
1 6 : 1.0 1.0 : 0.8649405169
1 7 : -1.0 -1.0 : -2.013123274
1 7 : -1.0 -0.6 : -1.867095618
1 7 : -1.0 -0.2 : -1.07619925
1 7 : -1.0 0.2 : -0.02628076528
1 7 : -1.0 0.6 : 0.7646156027
1 7 : -1.0 1.0 : 0.9106432584
1 7 : -0.6 -1.0 : -2.429163602
1 7 : -0.6 -0.6 : -2.294919254
1 7 : -0.6 -0.2 : -1.528410375
1 7 : -0.6 0.2 : -0.5073585391
1 7 : -0.6 0.6 : 0.2591503398
1 7 : -0.6 1.0 : 0.3933946884
1 7 : -0.2 -1.0 : -1.432796953
1 7 : -0.2 -0.6 : -1.322940093
1 7 : -0.2 -0.2 : -0.584370139
1 7 : -0.2 0.2 : 0.4075350895
1 7 : -0.2 0.6 : 1.146105044
1 7 : -0.2 1.0 : 1.255961903
1 7 : 0.2 -1.0 : -1.183328584
1 7 : 0.2 -0.6 : -1.102338374
1 7 : 0.2 -0.2 : -0.3929150268
1 7 : 0.2 0.2 : 0.5697500762
1 7 : 0.2 0.6 : 1.279173423
1 7 : 0.2 1.0 : 1.360163633
1 7 : 0.6 -1.0 : -0.1869619344
1 7 : 0.6 -0.6 : -0.1303592135
1 7 : 0.6 -0.2 : 0.5511252088
1 7 : 0.6 0.2 : 1.484643705
1 7 : 0.6 0.6 : 2.166128127
1 7 : 0.6 1.0 : 2.222730848
1 7 : 1.0 -1.0 : -0.6030022625
1 7 : 1.0 -0.6 : -0.5581828486
1 7 : 1.0 -0.2 : 0.09891408464
1 7 : 1.0 0.2 : 1.003565931
1 7 : 1.0 0.6 : 1.660662864
1 7 : 1.0 1.0 : 1.705482278
1 8 : -1.0 -1.0 : -1.046136981
1 8 : -1.0 -0.6 : -1.003940345
1 8 : -1.0 -0.2 : -0.7326483319
1 8 : -1.0 0.2 : -0.3698316837
1 8 : -1.0 0.6 : -0.0985396707
1 8 : -1.0 1.0 : -0.05634303416
1 8 : -0.6 -1.0 : -1.521139967
1 8 : -0.6 -0.6 : -1.476193525
1 8 : -0.6 -0.2 : -1.201266212
1 8 : -0.6 0.2 : -0.8345027019
1 8 : -0.6 0.6 : -0.5595753884
1 8 : -0.6 1.0 : -0.5146289467
1 8 : -0.2 -1.0 : -0.6027231967
1 8 : -0.2 -0.6 : -0.5541414546
1 8 : -0.2 -0.2 : -0.2744081971
1 8 : -0.2 0.2 : 0.09757314763
1 8 : -0.2 0.6 : 0.3773064051
1 8 : -0.2 1.0 : 0.4258881472
1 8 : 0.2 -1.0 : -0.4378853569
1 8 : 0.2 -0.6 : -0.385356753
1 8 : 0.2 -0.2 : -0.1004056608
1 8 : 0.2 0.2 : 0.2772407102
1 8 : 0.2 0.6 : 0.5621918024
1 8 : 0.2 1.0 : 0.6147204063
1 8 : 0.6 -1.0 : 0.4805314134
1 8 : 0.6 -0.6 : 0.5366953178
1 8 : 0.6 -0.2 : 0.826452354
1 8 : 0.6 0.2 : 1.20931656
1 8 : 0.6 0.6 : 1.499073596
1 8 : 0.6 1.0 : 1.5552375
1 8 : 1.0 -1.0 : 0.005528427968
1 8 : 1.0 -0.6 : 0.06444213739
1 8 : 1.0 -0.2 : 0.3578344741
1 8 : 1.0 0.2 : 0.7446455416
1 8 : 1.0 0.6 : 1.038037878
1 8 : 1.0 1.0 : 1.096951588
1 9 : -1.0 -1.0 : -1.575713617
1 9 : -1.0 -0.6 : -2.027722512
1 9 : -1.0 -0.2 : -1.280895659
1 9 : -1.0 0.2 : 0.1814320696
1 9 : -1.0 0.6 : 0.9516735954
1 9 : -1.0 1.0 : 0.5427973852
1 9 : -0.6 -1.0 : -2.05380067
1 9 : -0.6 -0.6 : -2.498714634
1 9 : -0.6 -0.2 : -1.748036282
1 9 : -0.6 0.2 : -0.2857085539
1 9 : -0.6 0.6 : 0.4806814731
1 9 : -0.6 1.0 : 0.06471033205
1 9 : -0.2 -1.0 : -1.139461103
1 9 : -0.2 -0.6 : -1.574995418
1 9 : -0.2 -0.2 : -0.8192253033
1 9 : -0.2 0.2 : 0.6431024251
1 9 : -0.2 0.6 : 1.404400689
1 9 : -0.2 1.0 : 0.9790498997
1 9 : 0.2 -1.0 : -0.9790498997
1 9 : 0.2 -0.6 : -1.404400689
1 9 : 0.2 -0.2 : -0.6431024251
1 9 : 0.2 0.2 : 0.8192253033
1 9 : 0.2 0.6 : 1.574995418
1 9 : 0.2 1.0 : 1.139461103
1 9 : 0.6 -1.0 : -0.06471033205
1 9 : 0.6 -0.6 : -0.4806814731
1 9 : 0.6 -0.2 : 0.2857085539
1 9 : 0.6 0.2 : 1.748036282
1 9 : 0.6 0.6 : 2.498714634
1 9 : 0.6 1.0 : 2.05380067
1 9 : 1.0 -1.0 : -0.5427973852
1 9 : 1.0 -0.6 : -0.9516735954
1 9 : 1.0 -0.2 : -0.1814320696
1 9 : 1.0 0.2 : 1.280895659
1 9 : 1.0 0.6 : 2.027722512
1 9 : 1.0 1.0 : 1.575713617
2 3 : -1.0 -1.0 : -0.6000849214
2 3 : -1.0 -0.6 : -0.9790446096
2 3 : -1.0 -0.2 : -1.195792692
2 3 : -1.0 0.2 : -1.209825296
2 3 : -1.0 0.6 : -1.018926982
2 3 : -1.0 1.0 : -0.6595205132
2 3 : -0.6 -1.0 : -0.06041789506
2 3 : -0.6 -0.6 : -0.4272537054
2 3 : -0.6 -0.2 : -0.632697039
2 3 : -0.6 0.2 : -0.6380287955
2 3 : -0.6 0.6 : -0.4424072079
2 3 : -0.6 1.0 : -0.08300073859
2 3 : -0.2 -1.0 : 0.5409110627
2 3 : -0.2 -0.6 : 0.1853800007
2 3 : -0.2 -0.2 : -0.0113624852
2 3 : -0.2 0.2 : -0.01197096731
2 3 : -0.2 0.6 : 0.1836506203
2 3 : -0.2 1.0 : 0.5383338152
2 3 : 0.2 -1.0 : 0.6010759616
2 3 : 0.2 -0.6 : 0.2542457473
2 3 : 0.2 -0.2 : 0.06222653579
2 3 : 0.2 0.2 : 0.06161805368
2 3 : 0.2 0.6 : 0.2525163669
2 3 : 0.2 1.0 : 0.5984987141
2 3 : 0.6 -1.0 : 1.222410515
2 3 : 0.6 -0.6 : 0.8803035755
2 3 : 0.6 -0.2 : 0.688284364
2 3 : 0.6 0.2 : 0.6829526075
2 3 : 0.6 0.6 : 0.865150073
2 3 : 0.6 1.0 : 1.199827672
2 3 : 1.0 -1.0 : 1.79893029
2 3 : 1.0 -0.6 : 1.45682335
2 3 : 1.0 -0.2 : 1.260080864
2 3 : 1.0 0.2 : 1.24604826
2 3 : 1.0 0.6 : 1.416940977
2 3 : 1.0 1.0 : 1.739494698
2 4 : -1.0 -1.0 : -0.227857725
2 4 : -1.0 -0.6 : -0.8622994048
2 4 : -1.0 -0.2 : -1.204252597
2 4 : -1.0 0.2 : -1.150922473
2 4 : -1.0 0.6 : -0.7107286875
2 4 : -1.0 1.0 : -0.001976097648
2 4 : -0.6 -1.0 : 0.3771677399
2 4 : -0.6 -0.6 : -0.2659256885
2 4 : -0.6 -0.2 : -0.6257850956
2 4 : -0.6 0.2 : -0.5936499552
2 4 : -0.6 0.6 : -0.1713623839
2 4 : -0.6 1.0 : 0.5287384573
2 4 : -0.2 -1.0 : 1.050544677
2 4 : -0.2 -0.6 : 0.3895450337
2 4 : -0.2 -0.2 : 0.009171813848
2 4 : -0.2 0.2 : 0.01990641557
2 4 : -0.2 0.6 : 0.4216801741
2 4 : -0.2 1.0 : 1.103874801
2 4 : 0.2 -1.0 : 1.178072304
2 4 : 0.2 -0.6 : 0.4958776772
2 4 : 0.2 -0.2 : 0.09410391867
2 4 : 0.2 0.2 : 0.08336931695
2 4 : 0.2 0.6 : 0.4637425368
2 4 : 0.2 1.0 : 1.12474218
2 4 : 0.6 -1.0 : 1.851449241
2 4 : 0.6 -0.6 : 1.151348399
2 4 : 0.6 -0.2 : 0.7290608281
2 4 : 0.6 0.2 : 0.6969256878
2 4 : 0.6 0.6 : 1.056785095
2 4 : 0.6 1.0 : 1.699878523
2 4 : 1.0 -1.0 : 2.456474706
2 4 : 1.0 -0.6 : 1.747722116
2 4 : 1.0 -0.2 : 1.30752833
2 4 : 1.0 0.2 : 1.254198206
2 4 : 1.0 0.6 : 1.596151398
2 4 : 1.0 1.0 : 2.230593078
2 5 : -1.0 -1.0 : -2.000827675
2 5 : -1.0 -0.6 : -1.689598798
2 5 : -1.0 -0.2 : -1.378726571
2 5 : -1.0 0.2 : -1.086349052
2 5 : -1.0 0.6 : -0.8269012414
2 5 : -1.0 1.0 : -0.6104024125
2 5 : -0.6 -1.0 : -1.407826875
2 5 : -0.6 -0.6 : -1.112180221
2 5 : -0.6 -0.2 : -0.8097668387
2 5 : -0.6 0.2 : -0.5173893197
2 5 : -0.6 0.6 : -0.2494826648
2 5 : -0.6 1.0 : -0.01740161217
2 5 : -0.2 -1.0 : -0.7503467987
2 5 : -0.2 -0.6 : -0.475300174
2 5 : -0.2 -0.2 : -0.1840695632
2 5 : -0.2 0.2 : 0.1083079558
2 5 : -0.2 0.6 : 0.3873973822
2 5 : -0.2 1.0 : 0.640078464
2 5 : 0.2 -1.0 : -0.640078464
2 5 : 0.2 -0.6 : -0.3873973822
2 5 : 0.2 -0.2 : -0.1083079558
2 5 : 0.2 0.2 : 0.1840695632
2 5 : 0.2 0.6 : 0.475300174
2 5 : 0.2 1.0 : 0.7503467987
2 5 : 0.6 -1.0 : 0.01740161217
2 5 : 0.6 -0.6 : 0.2494826648
2 5 : 0.6 -0.2 : 0.5173893197
2 5 : 0.6 0.2 : 0.8097668387
2 5 : 0.6 0.6 : 1.112180221
2 5 : 0.6 1.0 : 1.407826875
2 5 : 1.0 -1.0 : 0.6104024125
2 5 : 1.0 -0.6 : 0.8269012414
2 5 : 1.0 -0.2 : 1.086349052
2 5 : 1.0 0.2 : 1.378726571
2 5 : 1.0 0.6 : 1.689598798
2 5 : 1.0 1.0 : 2.000827675
2 6 : -1.0 -1.0 : -1.584116301
2 6 : -1.0 -0.6 : -1.452347671
2 6 : -1.0 -0.2 : -1.304763296
2 6 : -1.0 0.2 : -1.15479172
2 6 : -1.0 0.6 : -1.015778679
2 6 : -1.0 1.0 : -0.8997994903
2 6 : -0.6 -1.0 : -1.00835157
2 6 : -0.6 -0.6 : -0.8814780229
2 6 : -0.6 -0.2 : -0.7365509554
2 6 : -0.6 0.2 : -0.5865793792
2 6 : -0.6 0.6 : -0.4449090316
2 6 : -0.6 1.0 : -0.3240347598
2 6 : -0.2 -1.0 : -0.3798092634
2 6 : -0.2 -0.6 : -0.2555930228
2 6 : -0.2 -0.2 : -0.1121084801
2 6 : -0.2 0.2 : 0.03786309611
2 6 : -0.2 0.6 : 0.1809759684
2 6 : -0.2 1.0 : 0.3045075469
2 6 : 0.2 -1.0 : -0.3056117603
2 6 : 0.2 -0.6 : -0.1813955197
2 6 : 0.2 -0.2 : -0.03791097704
2 6 : 0.2 0.2 : 0.1120605992
2 6 : 0.2 0.6 : 0.2551734715
2 6 : 0.2 1.0 : 0.37870505
2 6 : 0.6 -1.0 : 0.3143592133
2 6 : 0.6 -0.6 : 0.4412327605
2 6 : 0.6 -0.2 : 0.5861598279
2 6 : 0.6 0.2 : 0.7361314042
2 6 : 0.6 0.6 : 0.8778017517
2 6 : 0.6 1.0 : 0.9986760236
2 6 : 1.0 -1.0 : 0.8743345026
2 6 : 1.0 -0.6 : 1.006103133
2 6 : 1.0 -0.2 : 1.153687507
2 6 : 1.0 0.2 : 1.303659083
2 6 : 1.0 0.6 : 1.442672124
2 6 : 1.0 1.0 : 1.558651313
2 7 : -1.0 -1.0 : -2.57452618
2 7 : -1.0 -0.6 : -2.456013399
2 7 : -1.0 -0.2 : -1.7194827
2 7 : -1.0 0.2 : -0.7421975342
2 7 : -1.0 0.6 : -0.03073493206
2 7 : -1.0 1.0 : 0.04159935649
2 7 : -0.6 -1.0 : -1.983566924
2 7 : -0.6 -0.6 : -1.879370517
2 7 : -0.6 -0.2 : -1.150611494
2 7 : -0.6 0.2 : -0.1733263278
2 7 : -0.6 0.6 : 0.5459079498
2 7 : -0.6 1.0 : 0.6325586127
2 7 : -0.2 -1.0 : -1.346776235
2 7 : -0.2 -0.6 : -1.250351504
2 7 : -0.2 -0.2 : -0.5258113517
2 7 : -0.2 0.2 : 0.451473814
2 7 : -0.2 0.6 : 1.174926963
2 7 : -0.2 1.0 : 1.269349301
2 7 : 0.2 -1.0 : -1.272578732
2 7 : 0.2 -0.6 : -1.176154001
2 7 : 0.2 -0.2 : -0.4516138486
2 7 : 0.2 0.2 : 0.5256713171
2 7 : 0.2 0.6 : 1.249124466
2 7 : 0.2 1.0 : 1.343546804
2 7 : 0.6 -1.0 : -0.6608561405
2 7 : 0.6 -0.6 : -0.5566597338
2 7 : 0.6 -0.2 : 0.1720992898
2 7 : 0.6 0.2 : 1.149384456
2 7 : 0.6 0.6 : 1.868618733
2 7 : 0.6 1.0 : 1.955269396
2 7 : 1.0 -1.0 : -0.1160753768
2 7 : 1.0 -0.6 : 0.00243740423
2 7 : 1.0 -0.2 : 0.7389681033
2 7 : 1.0 0.2 : 1.716253269
2 7 : 1.0 0.6 : 2.427715871
2 7 : 1.0 1.0 : 2.50005016
2 8 : -1.0 -1.0 : -1.771837376
2 8 : -1.0 -0.6 : -1.707450424
2 8 : -1.0 -0.2 : -1.417599637
2 8 : -1.0 0.2 : -1.04278578
2 8 : -1.0 0.6 : -0.7679522165
2 8 : -1.0 1.0 : -0.7312288223
2 8 : -0.6 -1.0 : -1.196628543
2 8 : -0.6 -0.6 : -1.136791992
2 8 : -0.6 -0.2 : -0.8494114013
2 8 : -0.6 0.2 : -0.4745975434
2 8 : -0.6 0.6 : -0.1972937849
2 8 : -0.6 1.0 : -0.1560199893
2 8 : -0.2 -1.0 : -0.5626698235
2 8 : -0.2 -0.6 : -0.5088489999
2 8 : -0.2 -0.2 : -0.2247340594
2 8 : -0.2 0.2 : 0.1500797985
2 8 : -0.2 0.6 : 0.4306492077
2 8 : -0.2 1.0 : 0.47793873
2 8 : 0.2 -1.0 : -0.47793873
2 8 : 0.2 -0.6 : -0.4306492077
2 8 : 0.2 -0.2 : -0.1500797985
2 8 : 0.2 0.2 : 0.2247340594
2 8 : 0.2 0.6 : 0.5088489999
2 8 : 0.2 1.0 : 0.5626698235
2 8 : 0.6 -1.0 : 0.1560199893
2 8 : 0.6 -0.6 : 0.1972937849
2 8 : 0.6 -0.2 : 0.4745975434
2 8 : 0.6 0.2 : 0.8494114013
2 8 : 0.6 0.6 : 1.136791992
2 8 : 0.6 1.0 : 1.196628543
2 8 : 1.0 -1.0 : 0.7312288223
2 8 : 1.0 -0.6 : 0.7679522165
2 8 : 1.0 -0.2 : 1.04278578
2 8 : 1.0 0.2 : 1.417599637
2 8 : 1.0 0.6 : 1.707450424
2 8 : 1.0 1.0 : 1.771837376
2 9 : -1.0 -1.0 : -2.36228596
2 9 : -1.0 -0.6 : -2.746966047
2 9 : -1.0 -0.2 : -1.963589602
2 9 : -1.0 0.2 : -0.501261874
2 9 : -1.0 0.6 : 0.2324300597
2 9 : -1.0 1.0 : -0.2437749578
2 9 : -0.6 -1.0 : -1.770135441
2 9 : -0.6 -0.6 : -2.169870539
2 9 : -0.6 -0.2 : -1.394666741
2 9 : -0.6 0.2 : 0.06766098795
2 9 : -0.6 0.6 : 0.8095255678
2 9 : -0.6 1.0 : 0.3483755615
2 9 : -0.2 -1.0 : -1.113779454
2 9 : -0.2 -0.6 : -1.533417595
2 9 : -0.2 -0.2 : -0.7690182078
2 9 : -0.2 0.2 : 0.6933095207
2 9 : -0.2 0.6 : 1.445978512
2 9 : -0.2 1.0 : 1.004731548
2 9 : 0.2 -1.0 : -1.004731548
2 9 : 0.2 -0.6 : -1.445978512
2 9 : 0.2 -0.2 : -0.6933095207
2 9 : 0.2 0.2 : 0.7690182078
2 9 : 0.2 0.6 : 1.533417595
2 9 : 0.2 1.0 : 1.113779454
2 9 : 0.6 -1.0 : -0.3483755615
2 9 : 0.6 -0.6 : -0.8095255678
2 9 : 0.6 -0.2 : -0.06766098795
2 9 : 0.6 0.2 : 1.394666741
2 9 : 0.6 0.6 : 2.169870539
2 9 : 0.6 1.0 : 1.770135441
2 9 : 1.0 -1.0 : 0.2437749578
2 9 : 1.0 -0.6 : -0.2324300597
2 9 : 1.0 -0.2 : 0.501261874
2 9 : 1.0 0.2 : 1.963589602
2 9 : 1.0 0.6 : 2.746966047
2 9 : 1.0 1.0 : 2.36228596
3 4 : -1.0 -1.0 : 1.663409747
3 4 : -1.0 -0.6 : 1.001589311
3 4 : -1.0 -0.2 : 0.6184638125
3 4 : -1.0 0.2 : 0.6233282817
3 4 : -1.0 0.6 : 1.015414726
3 4 : -1.0 1.0 : 1.684013379
3 4 : -0.6 -1.0 : 1.322429741
3 4 : -0.6 -0.6 : 0.6564065053
3 4 : -0.6 -0.2 : 0.2693621617
3 4 : -0.6 0.2 : 0.2712104405
3 4 : -0.6 0.6 : 0.6616595393
3 4 : -0.6 1.0 : 1.330258192
3 4 : -0.2 -1.0 : 1.136557332
3 4 : -0.2 -0.6 : 0.4666152513
3 4 : -0.2 -0.2 : 0.07655471727
3 4 : -0.2 0.2 : 0.0767656505
3 4 : -0.2 0.6 : 0.4672147493
3 4 : -0.2 1.0 : 1.137450747
3 4 : 0.2 -1.0 : 1.141421802
3 4 : 0.2 -0.6 : 0.4684635301
3 4 : 0.2 -0.2 : 0.0767656505
3 4 : 0.2 0.2 : 0.07697658373
3 4 : 0.2 0.6 : 0.4690630281
3 4 : 0.2 1.0 : 1.142315217
3 4 : 0.6 -1.0 : 1.336255156
3 4 : 0.6 -0.6 : 0.6616595393
3 4 : 0.6 -0.2 : 0.2699616596
3 4 : 0.6 0.2 : 0.2718099385
3 4 : 0.6 0.6 : 0.6669125732
3 4 : 0.6 1.0 : 1.344083607
3 4 : 1.0 -1.0 : 1.684013379
3 4 : 1.0 -0.6 : 1.009417762
3 4 : 1.0 -0.2 : 0.6193572277
3 4 : 1.0 0.2 : 0.6242216969
3 4 : 1.0 0.6 : 1.023243177
3 4 : 1.0 1.0 : 1.70461701
3 5 : -1.0 -1.0 : 0.0453556816
3 5 : -1.0 -0.6 : 0.2530086039
3 5 : -1.0 -0.2 : 0.4638565837
3 5 : -1.0 0.2 : 0.6755531931
3 5 : -1.0 0.6 : 0.886401173
3 5 : -1.0 1.0 : 1.094054095
3 5 : -0.6 -1.0 : -0.361611954
3 5 : -0.6 -0.6 : -0.1408701637
3 5 : -0.6 -0.2 : 0.09706737796
3 5 : -0.6 0.2 : 0.3408289897
3 5 : -0.6 0.6 : 0.5787665313
3 5 : -0.6 1.0 : 0.7995083216
3 5 : -0.2 -1.0 : -0.6297443923
3 5 : -0.2 -0.6 : -0.3819130402
3 5 : -0.2 -0.2 : -0.1129410107
3 5 : -0.2 0.2 : 0.1631965792
3 5 : -0.2 0.6 : 0.4321686087
3 5 : -0.2 1.0 : 0.6799999608
3 5 : 0.2 -1.0 : -0.7104253019
3 5 : 0.2 -0.6 : -0.4305289475
3 5 : 0.2 -0.2 : -0.1291809398
3 5 : 0.2 0.2 : 0.1794365083
3 5 : 0.2 0.6 : 0.480784516
3 5 : 0.2 1.0 : 0.7606808703
3 5 : 0.6 -1.0 : -0.590916941
3 5 : 0.6 -0.6 : -0.2839310248
3 5 : 0.6 -0.2 : 0.04845147067
3 5 : 0.6 0.2 : 0.389444897
3 5 : 0.6 0.6 : 0.7218273925
3 5 : 0.6 1.0 : 1.028813309
3 5 : 1.0 -1.0 : -0.2963711674
3 5 : 1.0 -0.6 : 0.02370361684
3 5 : 1.0 -0.2 : 0.3831756741
3 5 : 1.0 0.2 : 0.7562341027
3 5 : 1.0 0.6 : 1.11570616
3 5 : 1.0 1.0 : 1.435780944
3 6 : -1.0 -1.0 : 0.2275135315
3 6 : -1.0 -0.6 : 0.3513982816
3 6 : -1.0 -0.2 : 0.4947113205
3 6 : -1.0 0.2 : 0.6446984564
3 6 : -1.0 0.6 : 0.7880114953
3 6 : -1.0 1.0 : 0.9118962453
3 6 : -0.6 -1.0 : -0.1232323325
3 6 : -0.6 -0.6 : 0.0006488511396
3 6 : -0.6 -0.2 : 0.1439571753
3 6 : -0.6 0.2 : 0.2939391924
3 6 : -0.6 0.6 : 0.4372475165
3 6 : -0.6 1.0 : 0.5611287002
3 6 : -0.2 -1.0 : -0.3170384007
3 6 : -0.2 -0.6 : -0.1931619318
3 6 : -0.2 -0.2 : -0.04985984069
3 6 : -0.2 0.2 : 0.1001154092
3 6 : -0.2 0.6 : 0.2434175003
3 6 : -0.2 1.0 : 0.3672939692
3 6 : 0.2 -1.0 : -0.3170228411
3 6 : 0.2 -0.6 : -0.193151491
3 6 : 0.2 -0.2 : -0.04985616708
3 6 : 0.2 0.2 : 0.1001117356
3 6 : 0.2 0.6 : 0.2434070595
3 6 : 0.2 1.0 : 0.3672784095
3 6 : 0.6 -1.0 : -0.1231881101
3 6 : 0.6 -0.6 : 0.0006785252262
3 6 : 0.6 -0.2 : 0.1439676161
3 6 : 0.6 0.2 : 0.2939287515
3 6 : 0.6 0.6 : 0.4372178424
3 6 : 0.6 1.0 : 0.5610844777
3 6 : 1.0 -1.0 : 0.227579435
3 6 : 1.0 -0.6 : 0.351442504
3 6 : 1.0 -0.2 : 0.4947268801
3 6 : 1.0 0.2 : 0.6446828967
3 6 : 1.0 0.6 : 0.7879672728
3 6 : 1.0 1.0 : 0.9118303418
3 7 : -1.0 -1.0 : -0.7664616202
3 7 : -1.0 -0.6 : -0.6617924706
3 7 : -1.0 -0.2 : 0.0744270782
3 7 : -1.0 0.2 : 1.064982699
3 7 : -1.0 0.6 : 1.801202247
3 7 : -1.0 1.0 : 1.905871397
3 7 : -0.6 -1.0 : -1.10797271
3 7 : -0.6 -0.6 : -1.005456427
3 7 : -0.6 -0.2 : -0.273692589
3 7 : -0.6 0.2 : 0.7115889566
3 7 : -0.6 0.6 : 1.443352795
3 7 : -0.6 1.0 : 1.545869078
3 7 : -0.2 -1.0 : -1.289570211
3 7 : -0.2 -0.6 : -1.191509639
3 7 : -0.2 -0.2 : -0.4648503763
3 7 : -0.2 0.2 : 0.5151059448
3 7 : -0.2 0.6 : 1.241765208
3 7 : -0.2 1.0 : 1.33982578
3 7 : 0.2 -1.0 : -1.276299757
3 7 : 0.2 -0.6 : -1.183513259
3 7 : 0.2 -0.2 : -0.4621792209
3 7 : 0.2 0.2 : 0.5124347894
3 7 : 0.2 0.6 : 1.233768828
3 7 : 0.2 1.0 : 1.326555325
3 7 : 0.6 -1.0 : -1.070256459
3 7 : 0.6 -0.6 : -0.9819256724
3 7 : 0.6 -0.2 : -0.2656962092
3 7 : 0.6 0.2 : 0.7035925768
3 7 : 0.6 0.6 : 1.41982204
3 7 : 0.6 1.0 : 1.508152827
3 7 : 1.0 -1.0 : -0.7102541395
3 7 : 1.0 -0.6 : -0.6240762195
3 7 : 1.0 -0.2 : 0.0876975329
3 7 : 1.0 0.2 : 1.051712244
3 7 : 1.0 0.6 : 1.763485996
3 7 : 1.0 1.0 : 1.849663916
3 8 : -1.0 -1.0 : 0.02862976734
3 8 : -1.0 -0.6 : 0.09206380085
3 8 : -1.0 -0.2 : 0.3813972937
3 8 : -1.0 0.2 : 0.7562111515
3 8 : -1.0 0.6 : 1.031562008
3 8 : -1.0 1.0 : 1.069238321
3 8 : -0.6 -1.0 : -0.3152937107
3 8 : -0.6 -0.6 : -0.2560965859
3 8 : -0.6 -0.2 : 0.0309368916
3 8 : -0.6 0.2 : 0.4057507494
3 8 : -0.6 0.6 : 0.6834016216
3 8 : -0.6 1.0 : 0.7253148429
3 8 : -0.2 -1.0 : -0.5000804403
3 8 : -0.2 -0.6 : -0.4464845985
3 8 : -0.2 -0.2 : -0.1624917898
3 8 : -0.2 0.2 : 0.2123220681
3 8 : -0.2 0.6 : 0.4930136091
3 8 : -0.2 1.0 : 0.5405281133
3 8 : 0.2 -1.0 : -0.4902725448
3 8 : 0.2 -0.6 : -0.4427580406
3 8 : 0.2 -0.2 : -0.1620664996
3 8 : 0.2 0.2 : 0.2127473582
3 8 : 0.2 0.6 : 0.4967401669
3 8 : 0.2 1.0 : 0.5503360088
3 8 : 0.6 -1.0 : -0.2874184752
3 8 : 0.6 -0.6 : -0.245505254
3 8 : 0.6 -0.2 : 0.03214561821
3 8 : 0.6 0.2 : 0.406959476
3 8 : 0.6 0.6 : 0.6939929536
3 8 : 0.6 1.0 : 0.7531900783
3 8 : 1.0 -1.0 : 0.07017145597
3 8 : 1.0 -0.6 : 0.1078477684
3 8 : 1.0 -0.2 : 0.3831986253
3 8 : 1.0 0.2 : 0.7580124832
3 8 : 1.0 0.6 : 1.047345976
3 8 : 1.0 1.0 : 1.110780009
3 9 : -1.0 -1.0 : -0.4428175631
3 9 : -1.0 -0.6 : -0.9022367145
3 9 : -1.0 -0.2 : -0.1594325362
3 9 : -1.0 0.2 : 1.302895192
3 9 : -1.0 0.6 : 2.077159392
3 9 : -1.0 1.0 : 1.675693439
3 9 : -0.6 -1.0 : -0.8225508668
3 9 : -0.6 -0.6 : -1.26400322
3 9 : -0.6 -0.2 : -0.5114457248
3 9 : -0.6 0.2 : 0.9508820037
3 9 : -0.6 0.6 : 1.715392887
3 9 : -0.6 1.0 : 1.295960136
3 9 : -0.2 -1.0 : -1.032101277
3 9 : -0.2 -0.6 : -1.463800314
3 9 : -0.2 -0.2 : -0.7059482095
3 9 : -0.2 0.2 : 0.756379519
3 9 : -0.2 0.6 : 1.515595793
3 9 : -0.2 1.0 : 1.086409725
3 9 : 0.2 -1.0 : -1.032101277
3 9 : 0.2 -0.6 : -1.463800314
3 9 : 0.2 -0.2 : -0.7059482095
3 9 : 0.2 0.2 : 0.756379519
3 9 : 0.2 0.6 : 1.515595793
3 9 : 0.2 1.0 : 1.086409725
3 9 : 0.6 -1.0 : -0.8225508668
3 9 : 0.6 -0.6 : -1.26400322
3 9 : 0.6 -0.2 : -0.5114457248
3 9 : 0.6 0.2 : 0.9508820037
3 9 : 0.6 0.6 : 1.715392887
3 9 : 0.6 1.0 : 1.295960136
3 9 : 1.0 -1.0 : -0.4428175631
3 9 : 1.0 -0.6 : -0.9022367145
3 9 : 1.0 -0.2 : -0.1594325362
3 9 : 1.0 0.2 : 1.302895192
3 9 : 1.0 0.6 : 2.077159392
3 9 : 1.0 1.0 : 1.675693439
4 5 : -1.0 -1.0 : 0.5742355546
4 5 : -1.0 -0.6 : 0.7644835464
4 5 : -1.0 -0.2 : 0.9897973759
4 5 : -1.0 0.2 : 1.245546776
4 5 : -1.0 0.6 : 1.52307952
4 5 : -1.0 1.0 : 1.809521122
4 5 : -0.6 -1.0 : -0.1709774417
4 5 : -0.6 -0.6 : 0.05091648248
4 5 : -0.6 -0.2 : 0.30573814
4 5 : -0.6 0.2 : 0.5841986262
4 5 : -0.6 0.6 : 0.8740601335
4 5 : -0.6 1.0 : 1.160501736
4 5 : -0.2 -1.0 : -0.6218971199
4 5 : -0.2 -0.6 : -0.3704953677
4 5 : -0.2 -0.2 : -0.09296262388
4 5 : -0.2 0.2 : 0.1978266258
4 5 : -0.2 0.6 : 0.4876881331
4 5 : -0.2 1.0 : 0.7618009716
4 5 : 0.2 -1.0 : -0.6585252391
4 5 : 0.2 -0.6 : -0.3844124006
4 5 : 0.2 -0.2 : -0.09455089324
4 5 : 0.2 0.2 : 0.1962383564
4 5 : 0.2 0.6 : 0.4737711003
4 5 : 0.2 1.0 : 0.7251728524
4 5 : 0.6 -1.0 : -0.2750790246
4 5 : 0.6 -0.6 : 0.0113625774
4 5 : 0.6 -0.2 : 0.3012240848
4 5 : 0.6 0.2 : 0.5796845709
4 5 : 0.6 0.6 : 0.8345062285
4 5 : 0.6 1.0 : 1.056400153
4 5 : 1.0 -1.0 : 0.419095859
4 5 : 1.0 -0.6 : 0.7055374609
4 5 : 1.0 -0.2 : 0.9830702048
4 5 : 1.0 0.2 : 1.238819605
4 5 : 1.0 0.6 : 1.464133434
4 5 : 1.0 1.0 : 1.654381426
4 6 : -1.0 -1.0 : 0.779053607
4 6 : -1.0 -0.6 : 0.8986470215
4 6 : -1.0 -0.2 : 1.039622053
4 6 : -1.0 0.2 : 1.189593629
4 6 : -1.0 0.6 : 1.335216013
4 6 : -1.0 1.0 : 1.463370417
4 6 : -0.6 -1.0 : 0.1051853402
4 6 : -0.6 -0.6 : 0.226186959
4 6 : -0.6 -0.2 : 0.3679264371
4 6 : -0.6 0.2 : 0.5178980134
4 6 : -0.6 0.6 : 0.6627559503
4 6 : -0.6 1.0 : 0.7895021504
4 6 : -0.2 -1.0 : -0.2888906335
4 6 : -0.2 -0.6 : -0.1660273389
4 6 : -0.2 -0.2 : -0.02327724587
4 6 : -0.2 0.2 : 0.1266943304
4 6 : -0.2 0.6 : 0.2705416524
4 6 : -0.2 1.0 : 0.3954261767
4 6 : 0.2 -1.0 : -0.2921504442
4 6 : 0.2 -0.6 : -0.1672659199
4 6 : 0.2 -0.2 : -0.02341859786
4 6 : 0.2 0.2 : 0.1265529784
4 6 : 0.2 0.6 : 0.2693030714
4 6 : 0.2 1.0 : 0.392166366
4 6 : 0.6 -1.0 : 0.09592056049
4 6 : 0.6 -0.6 : 0.2226667607
4 6 : 0.6 -0.2 : 0.3675246975
4 6 : 0.6 0.2 : 0.5174962738
4 6 : 0.6 0.6 : 0.6592357519
4 6 : 0.6 1.0 : 0.7802373708
4 6 : 1.0 -1.0 : 0.7652465633
4 6 : 1.0 -0.6 : 0.8934009678
4 6 : 1.0 -0.2 : 1.039023351
4 6 : 1.0 0.2 : 1.188994928
4 6 : 1.0 0.6 : 1.329969959
4 6 : 1.0 1.0 : 1.449563374
4 7 : -1.0 -1.0 : -0.1694267887
4 7 : -1.0 -0.6 : -0.08908739477
4 7 : -1.0 -0.2 : 0.6267207966
4 7 : -1.0 0.2 : 1.604005962
4 7 : -1.0 0.6 : 2.336191072
4 7 : -1.0 1.0 : 2.446698748
4 7 : -0.6 -1.0 : -0.8561080644
4 7 : -0.6 -0.6 : -0.7664158226
4 7 : -0.6 -0.2 : -0.04553041711
4 7 : -0.6 0.2 : 0.9317547486
4 7 : -0.6 0.6 : 1.658862644
4 7 : -0.6 1.0 : 1.760017472
4 7 : -0.2 -1.0 : -1.255370013
4 7 : -0.2 -0.6 : -1.160600557
4 7 : -0.2 -0.2 : -0.4369589745
4 7 : -0.2 0.2 : 0.5403261913
4 7 : -0.2 0.6 : 1.26467791
4 7 : -0.2 1.0 : 1.360755524
4 7 : 0.2 -1.0 : -1.255370013
4 7 : 0.2 -0.6 : -1.160600557
4 7 : 0.2 -0.2 : -0.4369589745
4 7 : 0.2 0.2 : 0.5403261913
4 7 : 0.2 0.6 : 1.26467791
4 7 : 0.2 1.0 : 1.360755524
4 7 : 0.6 -1.0 : -0.8561080644
4 7 : 0.6 -0.6 : -0.7664158226
4 7 : 0.6 -0.2 : -0.04553041711
4 7 : 0.6 0.2 : 0.9317547486
4 7 : 0.6 0.6 : 1.658862644
4 7 : 0.6 1.0 : 1.760017472
4 7 : 1.0 -1.0 : -0.1694267887
4 7 : 1.0 -0.6 : -0.08908739477
4 7 : 1.0 -0.2 : 0.6267207966
4 7 : 1.0 0.2 : 1.604005962
4 7 : 1.0 0.6 : 2.336191072
4 7 : 1.0 1.0 : 2.446698748
4 8 : -1.0 -1.0 : 0.5937609371
4 8 : -1.0 -0.6 : 0.6444669524
4 8 : -1.0 -0.2 : 0.9268910124
4 8 : -1.0 0.2 : 1.30170487
4 8 : -1.0 0.6 : 1.58396516
4 8 : -1.0 1.0 : 1.634369491
4 8 : -0.6 -1.0 : -0.07768535536
4 8 : -0.6 -0.6 : -0.02707286909
4 8 : -0.6 -0.2 : 0.2553004184
4 8 : -0.6 0.2 : 0.6301142762
4 8 : -0.6 0.6 : 0.9124253385
4 8 : -0.6 1.0 : 0.9629231982
4 8 : -0.2 -1.0 : -0.4686769595
4 8 : -0.2 -0.6 : -0.4181152457
4 8 : -0.2 -0.2 : -0.1357695201
4 8 : -0.2 0.2 : 0.2390443377
4 8 : -0.2 0.6 : 0.5213829619
4 8 : -0.2 1.0 : 0.5719315941
4 8 : 0.2 -1.0 : -0.4686769595
4 8 : 0.2 -0.6 : -0.4181152457
4 8 : 0.2 -0.2 : -0.1357695201
4 8 : 0.2 0.2 : 0.2390443377
4 8 : 0.2 0.6 : 0.5213829619
4 8 : 0.2 1.0 : 0.5719315941
4 8 : 0.6 -1.0 : -0.07768535536
4 8 : 0.6 -0.6 : -0.02707286909
4 8 : 0.6 -0.2 : 0.2553004184
4 8 : 0.6 0.2 : 0.6301142762
4 8 : 0.6 0.6 : 0.9124253385
4 8 : 0.6 1.0 : 0.9629231982
4 8 : 1.0 -1.0 : 0.5937609371
4 8 : 1.0 -0.6 : 0.6444669524
4 8 : 1.0 -0.2 : 0.9268910124
4 8 : 1.0 0.2 : 1.30170487
4 8 : 1.0 0.6 : 1.58396516
4 8 : 1.0 1.0 : 1.634369491
4 9 : -1.0 -1.0 : 0.06518227675
4 9 : -1.0 -0.6 : -0.3700667581
4 9 : -1.0 -0.2 : 0.3845599898
4 9 : -1.0 0.2 : 1.844496217
4 9 : -1.0 0.6 : 2.602532411
4 9 : -1.0 1.0 : 2.173563991
4 9 : -0.6 -1.0 : -0.6112213406
4 9 : -0.6 -0.6 : -1.044404168
4 9 : -0.6 -0.2 : -0.287850813
4 9 : -0.6 0.2 : 1.173568253
4 9 : -0.6 0.6 : 1.932409409
4 9 : -0.6 1.0 : 1.503440989
4 9 : -0.2 -1.0 : -1.006202271
4 9 : -0.2 -0.6 : -1.437458491
4 9 : -0.2 -0.2 : -0.6794222976
4 9 : -0.2 0.2 : 0.7828017305
4 9 : -0.2 0.6 : 1.541642887
4 9 : -0.2 1.0 : 1.111869505
4 9 : 0.2 -1.0 : -1.008593772
4 9 : 0.2 -0.6 : -1.438367154
4 9 : 0.2 -0.2 : -0.679525998
4 9 : 0.2 0.2 : 0.7826980302
4 9 : 0.2 0.6 : 1.540734224
4 9 : 0.2 1.0 : 1.109478004
4 9 : 0.6 -1.0 : -0.6180182785
4 9 : 0.6 -0.6 : -1.046986698
4 9 : 0.6 -0.2 : -0.288145542
4 9 : 0.6 0.2 : 1.173273524
4 9 : 0.6 0.6 : 1.929826879
4 9 : 0.6 1.0 : 1.496644052
4 9 : 1.0 -1.0 : 0.05505298913
4 9 : 1.0 -0.6 : -0.3739154304
4 9 : 1.0 -0.2 : 0.3841207634
4 9 : 1.0 0.2 : 1.844056991
4 9 : 1.0 0.6 : 2.598683739
4 9 : 1.0 1.0 : 2.163434704
5 6 : -1.0 -1.0 : -1.086749955
5 6 : -1.0 -0.6 : -0.9322588885
5 6 : -1.0 -0.2 : -0.7723395893
5 6 : -1.0 0.2 : -0.622368013
5 6 : -1.0 0.6 : -0.4956898972
5 6 : -1.0 1.0 : -0.4024331451
5 6 : -0.6 -1.0 : -0.806641344
5 6 : -0.6 -0.6 : -0.66222276
5 6 : -0.6 -0.2 : -0.5077713304
5 6 : -0.6 0.2 : -0.3577997542
5 6 : -0.6 0.6 : -0.2256537687
5 6 : -0.6 1.0 : -0.1223245337
5 6 : -0.2 -1.0 : -0.5000054119
5 6 : -0.2 -0.6 : -0.3689028631
5 6 : -0.2 -0.2 : -0.2216800728
5 6 : -0.2 0.2 : -0.07170849656
5 6 : -0.2 0.6 : 0.06766612814
5 6 : -0.2 1.0 : 0.1843113984
5 6 : 0.2 -1.0 : -0.1843113984
5 6 : 0.2 -0.6 : -0.06766612814
5 6 : 0.2 -0.2 : 0.07170849656
5 6 : 0.2 0.2 : 0.2216800728
5 6 : 0.2 0.6 : 0.3689028631
5 6 : 0.2 1.0 : 0.5000054119
5 6 : 0.6 -1.0 : 0.1223245337
5 6 : 0.6 -0.6 : 0.2256537687
5 6 : 0.6 -0.2 : 0.3577997542
5 6 : 0.6 0.2 : 0.5077713304
5 6 : 0.6 0.6 : 0.66222276
5 6 : 0.6 1.0 : 0.806641344
5 6 : 1.0 -1.0 : 0.4024331451
5 6 : 1.0 -0.6 : 0.4956898972
5 6 : 1.0 -0.2 : 0.622368013
5 6 : 1.0 0.2 : 0.7723395893
5 6 : 1.0 0.6 : 0.9322588885
5 6 : 1.0 1.0 : 1.086749955
5 7 : -1.0 -1.0 : -1.988529379
5 7 : -1.0 -0.6 : -1.902249042
5 7 : -1.0 -0.2 : -1.183215797
5 7 : -1.0 0.2 : -0.2059306312
5 7 : -1.0 0.6 : 0.5230294248
5 7 : -1.0 1.0 : 0.6275961578
5 7 : -0.6 -1.0 : -1.729516696
5 7 : -0.6 -0.6 : -1.640228415
5 7 : -0.6 -0.2 : -0.9195623002
5 7 : -0.6 0.2 : 0.05772286554
5 7 : -0.6 0.6 : 0.7850500522
5 7 : -0.6 1.0 : 0.8866088408
5 7 : -0.2 -1.0 : -1.450770027
5 7 : -0.2 -0.6 : -1.35750518
5 7 : -0.2 -0.2 : -0.6346803774
5 7 : -0.2 0.2 : 0.3426047883
5 7 : -0.2 0.6 : 1.067773287
5 7 : -0.2 1.0 : 1.16535551
5 7 : 0.2 -1.0 : -1.16535551
5 7 : 0.2 -0.6 : -1.067773287
5 7 : 0.2 -0.2 : -0.3426047883
5 7 : 0.2 0.2 : 0.6346803774
5 7 : 0.2 0.6 : 1.35750518
5 7 : 0.2 1.0 : 1.450770027
5 7 : 0.6 -1.0 : -0.8866088408
5 7 : 0.6 -0.6 : -0.7850500522
5 7 : 0.6 -0.2 : -0.05772286554
5 7 : 0.6 0.2 : 0.9195623002
5 7 : 0.6 0.6 : 1.640228415
5 7 : 0.6 1.0 : 1.729516696
5 7 : 1.0 -1.0 : -0.6275961578
5 7 : 1.0 -0.6 : -0.5230294248
5 7 : 1.0 -0.2 : 0.2059306312
5 7 : 1.0 0.2 : 1.183215797
5 7 : 1.0 0.6 : 1.902249042
5 7 : 1.0 1.0 : 1.988529379
5 8 : -1.0 -1.0 : -1.193383582
5 8 : -1.0 -0.6 : -1.15655207
5 8 : -1.0 -0.2 : -0.8816598144
5 8 : -1.0 0.2 : -0.5068459566
5 8 : -1.0 0.6 : -0.2170538621
5 8 : -1.0 1.0 : -0.1527750284
5 8 : -0.6 -1.0 : -0.9432433894
5 8 : -0.6 -0.6 : -0.8979025884
5 8 : -0.6 -0.2 : -0.6183910469
5 8 : -0.6 0.2 : -0.2435771891
5 8 : -0.6 0.6 : 0.04159561918
5 8 : -0.6 1.0 : 0.0973651641
5 8 : -0.2 -1.0 : -0.6655332905
5 8 : -0.2 -0.6 : -0.6155732032
5 8 : -0.2 -0.2 : -0.3335540719
5 8 : -0.2 0.2 : 0.04125978593
5 8 : -0.2 0.6 : 0.3239250044
5 8 : -0.2 1.0 : 0.3750752631
5 8 : 0.2 -1.0 : -0.3731557715
5 8 : 0.2 -0.6 : -0.3231956842
5 8 : 0.2 -0.2 : -0.04117655289
5 8 : 0.2 0.2 : 0.3336373049
5 8 : 0.2 0.6 : 0.6163025234
5 8 : 0.2 1.0 : 0.6674527821
5 8 : 0.6 -1.0 : -0.08054583329
5 8 : 0.6 -0.6 : -0.03520503225
5 8 : 0.6 -0.2 : 0.2443065093
5 8 : 0.6 0.2 : 0.6191203671
5 8 : 0.6 0.6 : 0.9042931753
5 8 : 0.6 1.0 : 0.9600627202
5 8 : 1.0 -1.0 : 0.1970416807
5 8 : 1.0 -0.6 : 0.2338731929
5 8 : 1.0 -0.2 : 0.5087654482
5 8 : 1.0 0.2 : 0.883579306
5 8 : 1.0 0.6 : 1.173371401
5 8 : 1.0 1.0 : 1.237650234
5 9 : -1.0 -1.0 : -1.681504321
5 9 : -1.0 -0.6 : -2.146569178
5 9 : -1.0 -0.2 : -1.416181274
5 9 : -1.0 0.2 : 0.02891986953
5 9 : -1.0 0.6 : 0.7838668722
5 9 : -1.0 1.0 : 0.3640428698
5 9 : -0.6 -1.0 : -1.452262772
5 9 : -0.6 -0.6 : -1.902444219
5 9 : -0.6 -0.2 : -1.158178476
5 9 : -0.6 0.2 : 0.2976039271
5 9 : -0.6 0.6 : 1.058349275
5 9 : -0.6 1.0 : 0.6385252731
5 9 : -0.2 -1.0 : -1.195249039
5 9 : -0.2 -0.6 : -1.631552647
5 9 : -0.2 -0.2 : -0.8766056441
5 9 : -0.2 0.2 : 0.5849751047
5 9 : -0.2 0.6 : 1.345720453
5 9 : -0.2 1.0 : 0.920098105
5 9 : 0.2 -1.0 : -0.920098105
5 9 : 0.2 -0.6 : -1.345720453
5 9 : 0.2 -0.2 : -0.5849751047
5 9 : 0.2 0.2 : 0.8766056441
5 9 : 0.2 0.6 : 1.631552647
5 9 : 0.2 1.0 : 1.195249039
5 9 : 0.6 -1.0 : -0.6385252731
5 9 : 0.6 -0.6 : -1.058349275
5 9 : 0.6 -0.2 : -0.2976039271
5 9 : 0.6 0.2 : 1.158178476
5 9 : 0.6 0.6 : 1.902444219
5 9 : 0.6 1.0 : 1.452262772
5 9 : 1.0 -1.0 : -0.3640428698
5 9 : 1.0 -0.6 : -0.7838668722
5 9 : 1.0 -0.2 : -0.02891986953
5 9 : 1.0 0.2 : 1.416181274
5 9 : 1.0 0.6 : 2.146569178
5 9 : 1.0 1.0 : 1.681504321
6 7 : -1.0 -1.0 : -1.609438282
6 7 : -1.0 -0.6 : -1.53930198
6 7 : -1.0 -0.2 : -0.8290325593
6 7 : -1.0 0.2 : 0.1482526064
6 7 : -1.0 0.6 : 0.885976487
6 7 : -1.0 1.0 : 1.006687254
6 7 : -0.6 -1.0 : -1.510851605
6 7 : -0.6 -0.6 : -1.425036078
6 7 : -0.6 -0.2 : -0.7062551554
6 7 : -0.6 0.2 : 0.2710300103
6 7 : -0.6 0.6 : 1.000242389
6 7 : -0.6 1.0 : 1.105273931
6 7 : -0.2 -1.0 : -1.381280128
6 7 : -0.2 -0.6 : -1.286953098
6 7 : -0.2 -0.2 : -0.5635516883
6 7 : -0.2 0.2 : 0.4137334774
6 7 : -0.2 0.6 : 1.138325368
6 7 : -0.2 1.0 : 1.234845409
6 7 : 0.2 -1.0 : -1.231308551
6 7 : 0.2 -0.6 : -1.136981522
6 7 : 0.2 -0.2 : -0.4135801121
6 7 : 0.2 0.2 : 0.5637050536
6 7 : 0.2 0.6 : 1.288296945
6 7 : 0.2 1.0 : 1.384816985
6 7 : 0.6 -1.0 : -1.074282614
6 7 : 0.6 -0.6 : -0.9884670866
6 7 : 0.6 -0.2 : -0.2696861641
6 7 : 0.6 0.2 : 0.7075990016
6 7 : 0.6 0.6 : 1.43681138
6 7 : 0.6 1.0 : 1.541842923
6 7 : 1.0 -1.0 : -0.9251214722
6 7 : 1.0 -0.6 : -0.8549851696
6 7 : 1.0 -0.2 : -0.1447157491
6 7 : 1.0 0.2 : 0.8325694167
6 7 : 1.0 0.6 : 1.570293297
6 7 : 1.0 1.0 : 1.691004064
6 8 : -1.0 -1.0 : -0.8988098833
6 8 : -1.0 -0.6 : -0.8257178057
6 8 : -1.0 -0.2 : -0.5311414222
6 8 : -1.0 0.2 : -0.1563275644
6 8 : -1.0 0.6 : 0.1137804019
6 8 : -1.0 1.0 : 0.1417986703
6 8 : -0.6 -1.0 : -0.7523990692
6 8 : -0.6 -0.6 : -0.6932808892
6 8 : -0.6 -0.2 : -0.406290267
6 8 : -0.6 0.2 : -0.03147640914
6 8 : -0.6 0.6 : 0.2462173184
6 8 : -0.6 1.0 : 0.2882094844
6 8 : -0.2 -1.0 : -0.5968661531
6 8 : -0.2 -0.6 : -0.5453337343
6 8 : -0.2 -0.2 : -0.2624610594
6 8 : -0.2 0.2 : 0.1123527984
6 8 : -0.2 0.6 : 0.3941644732
6 8 : -0.2 1.0 : 0.4437424004
6 8 : 0.2 -1.0 : -0.4468945768
6 8 : 0.2 -0.6 : -0.3953621581
6 8 : 0.2 -0.2 : -0.1124894832
6 8 : 0.2 0.2 : 0.2623243747
6 8 : 0.2 0.6 : 0.5441360495
6 8 : 0.2 1.0 : 0.5937139767
6 8 : 0.6 -1.0 : -0.3158300779
6 8 : 0.6 -0.6 : -0.2567118979
6 8 : 0.6 -0.2 : 0.03027872432
6 8 : 0.6 0.2 : 0.4050925821
6 8 : 0.6 0.6 : 0.6827863097
6 8 : 0.6 1.0 : 0.7247784756
6 8 : 1.0 -1.0 : -0.214493073
6 8 : 1.0 -0.6 : -0.1414009954
6 8 : 1.0 -0.2 : 0.153175388
6 8 : 1.0 0.2 : 0.5279892458
6 8 : 1.0 0.6 : 0.7980972122
6 8 : 1.0 1.0 : 0.8261154805
6 9 : -1.0 -1.0 : -1.31533576
6 9 : -1.0 -0.6 : -1.774096443
6 9 : -1.0 -0.2 : -1.05299942
6 9 : -1.0 0.2 : 0.3686826101
6 9 : -1.0 0.6 : 1.089779632
6 9 : -1.0 1.0 : 0.6310189494
6 9 : -0.6 -1.0 : -1.219779981
6 9 : -0.6 -0.6 : -1.67194671
6 9 : -0.6 -0.2 : -0.9372024178
6 9 : -0.6 0.2 : 0.5006334265
6 9 : -0.6 0.6 : 1.235377719
6 9 : -0.6 1.0 : 0.7832109894
6 9 : -0.2 -1.0 : -1.11391844
6 9 : -0.2 -0.6 : -1.5524379
6 9 : -0.2 -0.2 : -0.8020589495
6 9 : -0.2 0.2 : 0.6520873732
6 9 : -0.2 0.6 : 1.402466323
6 9 : -0.2 1.0 : 0.963946864
6 9 : 0.2 -1.0 : -1.004592562
6 9 : 0.2 -0.6 : -1.426958207
6 9 : 0.2 -0.2 : -0.660268779
6 9 : 0.2 0.2 : 0.8102403552
6 9 : 0.2 0.6 : 1.576929784
6 9 : 0.2 1.0 : 1.154564138
6 9 : 0.6 -1.0 : -0.8987310216
6 9 : 0.6 -0.6 : -1.307449397
6 9 : 0.6 -0.2 : -0.5251253107
6 9 : 0.6 0.2 : 0.9616943019
6 9 : 0.6 0.6 : 1.744018388
6 9 : 0.6 1.0 : 1.335300013
6 9 : 1.0 -1.0 : -0.8031752426
6 9 : 1.0 -0.6 : -1.205299664
6 9 : 1.0 -0.2 : -0.4093283081
6 9 : 1.0 0.2 : 1.093645118
6 9 : 1.0 0.6 : 1.889616475
6 9 : 1.0 1.0 : 1.487492053
7 8 : -1.0 -1.0 : -1.788021732
7 8 : -1.0 -0.6 : -1.762482473
7 8 : -1.0 -0.2 : -1.493720243
7 8 : -1.0 0.2 : -1.118906385
7 8 : -1.0 0.6 : -0.8229842655
7 8 : -1.0 1.0 : -0.7474131781
7 8 : -0.6 -1.0 : -1.717614111
7 8 : -0.6 -0.6 : -1.676563857
7 8 : -0.6 -0.2 : -1.399381449
7 8 : -0.6 0.2 : -1.024567591
7 8 : -0.6 0.6 : -0.7370656497
7 8 : -0.6 1.0 : -0.6770055577
7 8 : -0.2 -1.0 : -1.007197405
7 8 : -0.2 -0.6 : -0.9577269729
7 8 : -0.2 -0.2 : -0.6759736519
7 8 : -0.2 0.2 : -0.3011597941
7 8 : -0.2 0.6 : -0.01822876533
7 8 : -0.2 1.0 : 0.03341114832
7 8 : 0.2 -1.0 : -0.02991223947
7 8 : 0.2 -0.6 : 0.01955819284
7 8 : 0.2 -0.2 : 0.3013115138
7 8 : 0.2 0.2 : 0.6761253717
7 8 : 0.2 0.6 : 0.9590564004
7 8 : 0.2 1.0 : 1.010696314
7 8 : 0.6 -1.0 : 0.7076643557
7 8 : 0.6 -0.6 : 0.7487146097
7 8 : 0.6 -0.2 : 1.025897018
7 8 : 0.6 0.2 : 1.400710876
7 8 : 0.6 0.6 : 1.688212817
7 8 : 0.6 1.0 : 1.748272909
7 8 : 1.0 -1.0 : 0.8281038049
7 8 : 1.0 -0.6 : 0.8536430635
7 8 : 1.0 -0.2 : 1.122405294
7 8 : 1.0 0.2 : 1.497219152
7 8 : 1.0 0.6 : 1.793141271
7 8 : 1.0 1.0 : 1.868712358
7 9 : -1.0 -1.0 : -2.323149875
7 9 : -1.0 -0.6 : -2.780978824
7 9 : -1.0 -0.2 : -2.037311402
7 9 : -1.0 0.2 : -0.5749836731
7 9 : -1.0 0.6 : 0.1984172826
7 9 : -1.0 1.0 : -0.2046388724
7 9 : -0.6 -1.0 : -2.255112737
7 9 : -0.6 -0.6 : -2.695960885
7 9 : -0.6 -0.2 : -1.943075396
7 9 : -0.6 0.2 : -0.4807476679
7 9 : -0.6 0.6 : 0.2834352219
7 9 : -0.6 1.0 : -0.1366017349
7 9 : -0.2 -1.0 : -1.545982853
7 9 : -0.2 -0.6 : -1.977612935
7 9 : -0.2 -0.2 : -1.219723399
7 9 : -0.2 0.2 : 0.2426043297
7 9 : -0.2 0.6 : 1.001783172
7 9 : -0.2 1.0 : 0.5725281493
7 9 : 0.2 -1.0 : -0.5686976873
7 9 : 0.2 -0.6 : -1.000327769
7 9 : 0.2 -0.2 : -0.2424382331
7 9 : 0.2 0.2 : 1.219889495
7 9 : 0.2 0.6 : 1.979068338
7 9 : 0.2 1.0 : 1.549813315
7 9 : 0.6 -1.0 : 0.1701657297
7 9 : 0.6 -0.6 : -0.2706824181
7 9 : 0.6 -0.2 : 0.4822030706
7 9 : 0.6 0.2 : 1.944530799
7 9 : 0.6 0.6 : 2.708713689
7 9 : 0.6 1.0 : 2.288676732
7 9 : 1.0 -1.0 : 0.2929756618
7 9 : 1.0 -0.6 : -0.1648532878
7 9 : 1.0 -0.2 : 0.578814135
7 9 : 1.0 0.2 : 2.041141863
7 9 : 1.0 0.6 : 2.814542819
7 9 : 1.0 1.0 : 2.411486664
8 9 : -1.0 -1.0 : -1.747260807
8 9 : -1.0 -0.6 : -2.098126977
8 9 : -1.0 -0.2 : -1.274900979
8 9 : -1.0 0.2 : 0.2270205698
8 9 : -1.0 0.6 : 0.993799598
8 9 : -1.0 1.0 : 0.5389512244
8 9 : -0.6 -1.0 : -1.617129252
8 9 : -0.6 -0.6 : -2.002203658
8 9 : -0.6 -0.2 : -1.210874675
8 9 : -0.6 0.2 : 0.2664969188
8 9 : -0.6 0.6 : 1.01994895
8 9 : -0.6 1.0 : 0.5651005761
8 9 : -0.2 -1.0 : -1.270095268
8 9 : -0.2 -0.6 : -1.68706669
8 9 : -0.2 -0.2 : -0.9202876613
8 9 : -0.2 0.2 : 0.5437569353
8 9 : -0.2 0.6 : 1.297208966
8 9 : -0.2 1.0 : 0.8556875899
8 9 : 0.2 -1.0 : -0.8556875899
8 9 : 0.2 -0.6 : -1.297208966
8 9 : 0.2 -0.2 : -0.5437569353
8 9 : 0.2 0.2 : 0.9202876613
8 9 : 0.2 0.6 : 1.68706669
8 9 : 0.2 1.0 : 1.270095268
8 9 : 0.6 -1.0 : -0.5651005761
8 9 : 0.6 -0.6 : -1.01994895
8 9 : 0.6 -0.2 : -0.2664969188
8 9 : 0.6 0.2 : 1.210874675
8 9 : 0.6 0.6 : 2.002203658
8 9 : 0.6 1.0 : 1.617129252
8 9 : 1.0 -1.0 : -0.5389512244
8 9 : 1.0 -0.6 : -0.993799598
8 9 : 1.0 -0.2 : -0.2270205698
8 9 : 1.0 0.2 : 1.274900979
8 9 : 1.0 0.6 : 2.098126977
8 9 : 1.0 1.0 : 1.747260807
